29 init 1
29 compute 127189
29 compute 2652
29 compute 336841
29 compute 13041190
29 comm_size 32
29 bcast 1
29 compute 25662
29 barrier
29 compute 22481
29 comm_size 32
29 bcast 1
29 compute 24023
29 barrier
29 compute 22601
29 comm_size 32
29 bcast 1
29 compute 23746
29 barrier
29 compute 22521
29 comm_size 32
29 bcast 1
29 compute 23820
29 barrier
29 compute 22605
29 comm_size 32
29 bcast 1
29 compute 23863
29 barrier
29 compute 22677
29 comm_size 32
29 bcast 1
29 compute 23832
29 barrier
29 compute 22620
29 comm_size 32
29 bcast 1
29 compute 23490
29 barrier
29 compute 421
29 barrier
29 compute 165948
29 barrier
29 compute 40108975
29 barrier
29 compute 97259
29 comm_size 32
29 bcast 1
29 compute 378343
29 barrier
29 compute 12856
29 comm_size 32
29 bcast 1
29 compute 46339
29 barrier
29 compute 1017137
29 barrier
29 compute 124771
29 gather 795 795 0 
29 compute 254905873
29 allToAll 1746 1746 
29 compute 276028
29 barrier
29 compute 409314112
29 comm_size 32
29 allReduce 32 9721390 1
29 compute 2984189170
29 compute 1525
29 allToAllV 12378660 386834 386834 386834 386834 386834 386834 386834 386834 386834 386834 386834 386834 386834 386834 386834 386834 386834 386834 386834 386834 386834 386834 386834 386834 386834 386834 386834 386834 386834 386820 386820 386820  13096620  414450 414450 414450 414450 414450 414450 414450 414450 414450 414450 414450 414450 414450 414450 414450 414450 414450 414450 414450 414450 414450 414450 414450 414450 414450 386820 386820 386820 386820 386820 386820 386820 
29 compute 1058608153
29 barrier
29 compute 7748
29 compute 332
29 allToAllV 13096620 414450 414450 414450 414450 414450 414450 414450 414450 414450 414450 414450 414450 414450 414450 414450 414450 414450 414450 414450 414450 414450 414450 414450 414450 414450 386820 386820 386820 386820 386820 386820 386820  12378660  386834 386834 386834 386834 386834 386834 386834 386834 386834 386834 386834 386834 386834 386834 386834 386834 386834 386834 386834 386834 386834 386834 386834 386834 386834 386834 386834 386834 386834 386820 386820 386820 
29 compute 854144616
29 barrier
29 compute 1438469865
29 allToAll 13824 13824 
29 compute 12107
29 allToAll 13824 13824 
29 compute 20518712
29 comm_size 32
29 allReduce 1 11245758
29 compute 1367275873
29 comm_size 32
29 allReduce 795 5153979
29 compute 1477150179
29 comm_size 32
29 allReduce 2 348477
29 compute 21530956
29 allToAll 13824 13824 
29 compute 11743
29 allToAll 13824 13824 
29 compute 20517964
29 comm_size 32
29 allReduce 1 1709170
29 compute 47317512
29 comm_size 32
29 allReduce 32 18350318 1
29 compute 60481274853
29 compute 1717
29 reduceScatter 176256 176256 176256 176256 176256 176256 176256 176256 176256 176256 176256 176256 176256 176256 176256 176256 176256 176256 176256 176256 176256 176256 176256 176256 176256 176256 176256 176256 176256 176256 0 0 3008552173 
29 compute 24207545
29 comm_size 32
29 allReduce 2 4599723
29 compute 21530736
29 allToAll 13824 13824 
29 compute 11071
29 allToAll 13824 13824 
29 compute 20697651
29 comm_size 32
29 allReduce 1 1107124
29 compute 1070141
29 compute 1377
29 allGatherV 176256 176256 176256 176256 176256 176256 176256 176256 176256 176256 176256 176256 176256 176256 176256 176256 176256 176256 176256 176256 176256 176256 176256 176256 176256 176256 176256 176256 176256 176256 176256 0 0 0 176256 352512 528768 705024 881280 1057536 1233792 1410048 1586304 1762560 1938816 2115072 2291328 2467584 2643840 2820096 2996352 3172608 3348864 3525120 3701376 3877632 4053888 4230144 4406400 4582656 4758912 4935168 5111424 5258304 5258304 
29 compute 175827364941
29 comm_size 32
29 allReduce 4 292916445
29 compute 128288738
29 compute 332
29 allToAllV 25641510 801299 801299 801299 801299 801299 801299 801299 801299 801299 801299 801299 801299 801299 801299 801299 801299 801299 801299 801299 801299 801299 801299 801299 801299 801299 801299 801299 801299 801299 801270 801270 801270  25834050  828900 828900 828900 828900 828900 828900 801270 801270 801270 801270 801270 801270 801270 801270 801270 801270 801270 801270 801270 801270 801270 801270 801270 801270 801270 801270 801270 801270 801270 801270 801270 801270 
29 compute 128241554
29 compute 332
29 allToAllV 25641510 801299 801299 801299 801299 801299 801299 801299 801299 801299 801299 801299 801299 801299 801299 801299 801299 801299 801299 801299 801299 801299 801299 801299 801299 801299 801299 801299 801299 801299 801270 801270 801270  25834050  828900 828900 828900 828900 828900 828900 801270 801270 801270 801270 801270 801270 801270 801270 801270 801270 801270 801270 801270 801270 801270 801270 801270 801270 801270 801270 801270 801270 801270 801270 801270 801270 
29 compute 10047266
29 comm_size 32
29 allReduce 1729832 578421620
29 compute 10273163656
29 comm_size 32
29 bcast 934 31 0
29 compute 337
29 barrier
29 compute 19128
29 comm_size 32
29 bcast 1729832
29 compute 1564549
29 comm_size 32
29 allReduce 223729 166976917
29 compute 10184043
29 compute 346
29 allToAllV 13096620 414450 414450 414450 414450 414450 414450 414450 414450 414450 414450 414450 414450 414450 414450 414450 414450 414450 414450 414450 414450 414450 414450 414450 414450 414450 386820 386820 386820 386820 386820 386820 386820  12378660  386834 386834 386834 386834 386834 386834 386834 386834 386834 386834 386834 386834 386834 386834 386834 386834 386834 386834 386834 386834 386834 386834 386834 386834 386834 386834 386834 386834 386834 386820 386820 386820 
29 compute 62037997
29 compute 1137
29 gather 133 133 0 
29 compute 29258363889
29 compute 336
29 reduceScatter 176256 176256 176256 176256 176256 176256 176256 176256 176256 176256 176256 176256 176256 176256 176256 176256 176256 176256 176256 176256 176256 176256 176256 176256 176256 176256 176256 176256 176256 176256 0 0 2992265451 
29 compute 24304197
29 comm_size 32
29 allReduce 2 3870669
29 compute 21531626
29 allToAll 13824 13824 
29 compute 11221
29 allToAll 13824 13824 
29 compute 20698096
29 comm_size 32
29 allReduce 1 4781199
29 compute 1064505
29 compute 344
29 allGatherV 176256 176256 176256 176256 176256 176256 176256 176256 176256 176256 176256 176256 176256 176256 176256 176256 176256 176256 176256 176256 176256 176256 176256 176256 176256 176256 176256 176256 176256 176256 176256 0 0 0 176256 352512 528768 705024 881280 1057536 1233792 1410048 1586304 1762560 1938816 2115072 2291328 2467584 2643840 2820096 2996352 3172608 3348864 3525120 3701376 3877632 4053888 4230144 4406400 4582656 4758912 4935168 5111424 5258304 5258304 
29 compute 84960246582
29 comm_size 32
29 allReduce 4 2765915039
29 compute 61911166
29 compute 346
29 allToAllV 12378660 386834 386834 386834 386834 386834 386834 386834 386834 386834 386834 386834 386834 386834 386834 386834 386834 386834 386834 386834 386834 386834 386834 386834 386834 386834 386834 386834 386834 386834 386820 386820 386820  13096620  414450 414450 414450 414450 414450 414450 414450 414450 414450 414450 414450 414450 414450 414450 414450 414450 414450 414450 414450 414450 414450 414450 414450 414450 414450 386820 386820 386820 386820 386820 386820 386820 
29 compute 918156
29 comm_size 32
29 allReduce 223729 88485964
29 compute 11484
29 comm_size 32
29 allReduce 1 65539944
29 compute 10994
29 compute 346
29 allToAllV 13096620 414450 414450 414450 414450 414450 414450 414450 414450 414450 414450 414450 414450 414450 414450 414450 414450 414450 414450 414450 414450 414450 414450 414450 414450 414450 386820 386820 386820 386820 386820 386820 386820  12378660  386834 386834 386834 386834 386834 386834 386834 386834 386834 386834 386834 386834 386834 386834 386834 386834 386834 386834 386834 386834 386834 386834 386834 386834 386834 386834 386834 386834 386834 386820 386820 386820 
29 compute 270475391647
29 comm_size 32
29 allReduce 2 7837529048
29 compute 61914479
29 compute 346
29 allToAllV 12378660 386834 386834 386834 386834 386834 386834 386834 386834 386834 386834 386834 386834 386834 386834 386834 386834 386834 386834 386834 386834 386834 386834 386834 386834 386834 386834 386834 386834 386834 386820 386820 386820  13096620  414450 414450 414450 414450 414450 414450 414450 414450 414450 414450 414450 414450 414450 414450 414450 414450 414450 414450 414450 414450 414450 414450 414450 414450 414450 386820 386820 386820 386820 386820 386820 386820 
29 compute 116079950
29 comm_size 32
29 allReduce 7 11011
29 compute 210066550
29 comm_size 32
29 allReduce 223729 101813519
29 compute 10182648
29 compute 346
29 allToAllV 13096620 414450 414450 414450 414450 414450 414450 414450 414450 414450 414450 414450 414450 414450 414450 414450 414450 414450 414450 414450 414450 414450 414450 414450 414450 414450 386820 386820 386820 386820 386820 386820 386820  12378660  386834 386834 386834 386834 386834 386834 386834 386834 386834 386834 386834 386834 386834 386834 386834 386834 386834 386834 386834 386834 386834 386834 386834 386834 386834 386834 386834 386834 386834 386820 386820 386820 
29 compute 29320247607
29 compute 336
29 reduceScatter 176256 176256 176256 176256 176256 176256 176256 176256 176256 176256 176256 176256 176256 176256 176256 176256 176256 176256 176256 176256 176256 176256 176256 176256 176256 176256 176256 176256 176256 176256 0 0 3072563639 
29 compute 24408272
29 comm_size 32
29 allReduce 2 2769858
29 compute 21531615
29 allToAll 13824 13824 
29 compute 11221
29 allToAll 13824 13824 
29 compute 20698096
29 comm_size 32
29 allReduce 1 5906202
29 compute 1064505
29 compute 344
29 allGatherV 176256 176256 176256 176256 176256 176256 176256 176256 176256 176256 176256 176256 176256 176256 176256 176256 176256 176256 176256 176256 176256 176256 176256 176256 176256 176256 176256 176256 176256 176256 176256 0 0 0 176256 352512 528768 705024 881280 1057536 1233792 1410048 1586304 1762560 1938816 2115072 2291328 2467584 2643840 2820096 2996352 3172608 3348864 3525120 3701376 3877632 4053888 4230144 4406400 4582656 4758912 4935168 5111424 5258304 5258304 
29 compute 84960246473
29 comm_size 32
29 allReduce 4 2655468364
29 compute 61911163
29 compute 346
29 allToAllV 12378660 386834 386834 386834 386834 386834 386834 386834 386834 386834 386834 386834 386834 386834 386834 386834 386834 386834 386834 386834 386834 386834 386834 386834 386834 386834 386834 386834 386834 386834 386820 386820 386820  13096620  414450 414450 414450 414450 414450 414450 414450 414450 414450 414450 414450 414450 414450 414450 414450 414450 414450 414450 414450 414450 414450 414450 414450 414450 414450 386820 386820 386820 386820 386820 386820 386820 
29 compute 918154
29 comm_size 32
29 allReduce 223729 108325495
29 compute 11476
29 comm_size 32
29 allReduce 1 60153816
29 compute 10994
29 compute 346
29 allToAllV 13096620 414450 414450 414450 414450 414450 414450 414450 414450 414450 414450 414450 414450 414450 414450 414450 414450 414450 414450 414450 414450 414450 414450 414450 414450 414450 386820 386820 386820 386820 386820 386820 386820  12378660  386834 386834 386834 386834 386834 386834 386834 386834 386834 386834 386834 386834 386834 386834 386834 386834 386834 386834 386834 386834 386834 386834 386834 386834 386834 386834 386834 386834 386834 386820 386820 386820 
29 compute 270475375127
29 comm_size 32
29 allReduce 2 7779412173
29 compute 61914474
29 compute 346
29 allToAllV 12378660 386834 386834 386834 386834 386834 386834 386834 386834 386834 386834 386834 386834 386834 386834 386834 386834 386834 386834 386834 386834 386834 386834 386834 386834 386834 386834 386834 386834 386834 386820 386820 386820  13096620  414450 414450 414450 414450 414450 414450 414450 414450 414450 414450 414450 414450 414450 414450 414450 414450 414450 414450 414450 414450 414450 414450 414450 414450 414450 386820 386820 386820 386820 386820 386820 386820 
29 compute 194468523
29 comm_size 32
29 allReduce 7 10479399
29 compute 445320130
29 comm_size 32
29 allReduce 223729 571865654
29 compute 10182514
29 compute 346
29 allToAllV 13096620 414450 414450 414450 414450 414450 414450 414450 414450 414450 414450 414450 414450 414450 414450 414450 414450 414450 414450 414450 414450 414450 414450 414450 414450 414450 386820 386820 386820 386820 386820 386820 386820  12378660  386834 386834 386834 386834 386834 386834 386834 386834 386834 386834 386834 386834 386834 386834 386834 386834 386834 386834 386834 386834 386834 386834 386834 386834 386834 386834 386834 386834 386834 386820 386820 386820 
29 compute 29320247615
29 compute 336
29 reduceScatter 176256 176256 176256 176256 176256 176256 176256 176256 176256 176256 176256 176256 176256 176256 176256 176256 176256 176256 176256 176256 176256 176256 176256 176256 176256 176256 176256 176256 176256 176256 0 0 4949857911 
29 compute 24337458
29 comm_size 32
29 allReduce 2 3384595
29 compute 21531614
29 allToAll 13824 13824 
29 compute 11221
29 allToAll 13824 13824 
29 compute 20698097
29 comm_size 32
29 allReduce 1 3437764
29 compute 1064505
29 compute 344
29 allGatherV 176256 176256 176256 176256 176256 176256 176256 176256 176256 176256 176256 176256 176256 176256 176256 176256 176256 176256 176256 176256 176256 176256 176256 176256 176256 176256 176256 176256 176256 176256 176256 0 0 0 176256 352512 528768 705024 881280 1057536 1233792 1410048 1586304 1762560 1938816 2115072 2291328 2467584 2643840 2820096 2996352 3172608 3348864 3525120 3701376 3877632 4053888 4230144 4406400 4582656 4758912 4935168 5111424 5258304 5258304 
29 compute 84960246486
29 comm_size 32
29 allReduce 4 2532355406
29 compute 61911165
29 compute 346
29 allToAllV 12378660 386834 386834 386834 386834 386834 386834 386834 386834 386834 386834 386834 386834 386834 386834 386834 386834 386834 386834 386834 386834 386834 386834 386834 386834 386834 386834 386834 386834 386834 386820 386820 386820  13096620  414450 414450 414450 414450 414450 414450 414450 414450 414450 414450 414450 414450 414450 414450 414450 414450 414450 414450 414450 414450 414450 414450 414450 414450 414450 386820 386820 386820 386820 386820 386820 386820 
29 compute 918154
29 comm_size 32
29 allReduce 223729 186213476
29 compute 11409
29 comm_size 32
29 allReduce 1 67081847
29 compute 10973
29 compute 346
29 allToAllV 13096620 414450 414450 414450 414450 414450 414450 414450 414450 414450 414450 414450 414450 414450 414450 414450 414450 414450 414450 414450 414450 414450 414450 414450 414450 414450 386820 386820 386820 386820 386820 386820 386820  12378660  386834 386834 386834 386834 386834 386834 386834 386834 386834 386834 386834 386834 386834 386834 386834 386834 386834 386834 386834 386834 386834 386834 386834 386834 386834 386834 386834 386834 386834 386820 386820 386820 
29 compute 270475375050
29 comm_size 32
29 allReduce 2 6967961373
29 compute 61914407
29 compute 346
29 allToAllV 12378660 386834 386834 386834 386834 386834 386834 386834 386834 386834 386834 386834 386834 386834 386834 386834 386834 386834 386834 386834 386834 386834 386834 386834 386834 386834 386834 386834 386834 386834 386820 386820 386820  13096620  414450 414450 414450 414450 414450 414450 414450 414450 414450 414450 414450 414450 414450 414450 414450 414450 414450 414450 414450 414450 414450 414450 414450 414450 414450 386820 386820 386820 386820 386820 386820 386820 
29 compute 272882525
29 comm_size 32
29 allReduce 7 7883678
29 compute 602142756
29 comm_size 32
29 allReduce 223729 673785367
29 compute 10182050
29 compute 346
29 allToAllV 13096620 414450 414450 414450 414450 414450 414450 414450 414450 414450 414450 414450 414450 414450 414450 414450 414450 414450 414450 414450 414450 414450 414450 414450 414450 414450 386820 386820 386820 386820 386820 386820 386820  12378660  386834 386834 386834 386834 386834 386834 386834 386834 386834 386834 386834 386834 386834 386834 386834 386834 386834 386834 386834 386834 386834 386834 386834 386834 386834 386834 386834 386834 386834 386820 386820 386820 
29 compute 29320247997
29 compute 336
29 reduceScatter 176256 176256 176256 176256 176256 176256 176256 176256 176256 176256 176256 176256 176256 176256 176256 176256 176256 176256 176256 176256 176256 176256 176256 176256 176256 176256 176256 176256 176256 176256 0 0 6142415462 
29 compute 24381210
29 comm_size 32
29 allReduce 2 5373954
29 compute 21531542
29 allToAll 13824 13824 
29 compute 11393
29 allToAll 13824 13824 
29 compute 20698190
29 comm_size 32
29 allReduce 1 5562071
29 compute 1064455
29 compute 344
29 allGatherV 176256 176256 176256 176256 176256 176256 176256 176256 176256 176256 176256 176256 176256 176256 176256 176256 176256 176256 176256 176256 176256 176256 176256 176256 176256 176256 176256 176256 176256 176256 176256 0 0 0 176256 352512 528768 705024 881280 1057536 1233792 1410048 1586304 1762560 1938816 2115072 2291328 2467584 2643840 2820096 2996352 3172608 3348864 3525120 3701376 3877632 4053888 4230144 4406400 4582656 4758912 4935168 5111424 5258304 5258304 
29 compute 84960246098
29 comm_size 32
29 allReduce 4 2655953919
29 compute 61911100
29 compute 346
29 allToAllV 12378660 386834 386834 386834 386834 386834 386834 386834 386834 386834 386834 386834 386834 386834 386834 386834 386834 386834 386834 386834 386834 386834 386834 386834 386834 386834 386834 386834 386834 386834 386820 386820 386820  13096620  414450 414450 414450 414450 414450 414450 414450 414450 414450 414450 414450 414450 414450 414450 414450 414450 414450 414450 414450 414450 414450 414450 414450 414450 414450 386820 386820 386820 386820 386820 386820 386820 
29 compute 917992
29 comm_size 32
29 allReduce 223729 85692687
29 compute 11420
29 comm_size 32
29 allReduce 1 56441344
29 compute 10973
29 compute 346
29 allToAllV 13096620 414450 414450 414450 414450 414450 414450 414450 414450 414450 414450 414450 414450 414450 414450 414450 414450 414450 414450 414450 414450 414450 414450 414450 414450 414450 386820 386820 386820 386820 386820 386820 386820  12378660  386834 386834 386834 386834 386834 386834 386834 386834 386834 386834 386834 386834 386834 386834 386834 386834 386834 386834 386834 386834 386834 386834 386834 386834 386834 386834 386834 386834 386834 386820 386820 386820 
29 compute 270475375100
29 comm_size 32
29 allReduce 2 7200436743
29 compute 61914406
29 compute 346
29 allToAllV 12378660 386834 386834 386834 386834 386834 386834 386834 386834 386834 386834 386834 386834 386834 386834 386834 386834 386834 386834 386834 386834 386834 386834 386834 386834 386834 386834 386834 386834 386834 386820 386820 386820  13096620  414450 414450 414450 414450 414450 414450 414450 414450 414450 414450 414450 414450 414450 414450 414450 414450 414450 414450 414450 414450 414450 414450 414450 414450 414450 386820 386820 386820 386820 386820 386820 386820 
29 compute 351296603
29 comm_size 32
29 allReduce 7 57363260
29 compute 758972204
29 comm_size 32
29 allReduce 223729 140532472
29 compute 10182383
29 compute 346
29 allToAllV 13096620 414450 414450 414450 414450 414450 414450 414450 414450 414450 414450 414450 414450 414450 414450 414450 414450 414450 414450 414450 414450 414450 414450 414450 414450 414450 386820 386820 386820 386820 386820 386820 386820  12378660  386834 386834 386834 386834 386834 386834 386834 386834 386834 386834 386834 386834 386834 386834 386834 386834 386834 386834 386834 386834 386834 386834 386834 386834 386834 386834 386834 386834 386834 386820 386820 386820 
29 compute 29320247412
29 compute 336
29 reduceScatter 176256 176256 176256 176256 176256 176256 176256 176256 176256 176256 176256 176256 176256 176256 176256 176256 176256 176256 176256 176256 176256 176256 176256 176256 176256 176256 176256 176256 176256 176256 0 0 2688876527 
29 compute 24398137
29 comm_size 32
29 allReduce 2 3646384
29 compute 21531553
29 allToAll 13824 13824 
29 compute 11393
29 allToAll 13824 13824 
29 compute 20698190
29 comm_size 32
29 allReduce 1 2161371
29 compute 1064453
29 compute 344
29 allGatherV 176256 176256 176256 176256 176256 176256 176256 176256 176256 176256 176256 176256 176256 176256 176256 176256 176256 176256 176256 176256 176256 176256 176256 176256 176256 176256 176256 176256 176256 176256 176256 0 0 0 176256 352512 528768 705024 881280 1057536 1233792 1410048 1586304 1762560 1938816 2115072 2291328 2467584 2643840 2820096 2996352 3172608 3348864 3525120 3701376 3877632 4053888 4230144 4406400 4582656 4758912 4935168 5111424 5258304 5258304 
29 compute 84960245976
29 comm_size 32
29 allReduce 4 2557330539
29 compute 61911099
29 compute 346
29 allToAllV 12378660 386834 386834 386834 386834 386834 386834 386834 386834 386834 386834 386834 386834 386834 386834 386834 386834 386834 386834 386834 386834 386834 386834 386834 386834 386834 386834 386834 386834 386834 386820 386820 386820  13096620  414450 414450 414450 414450 414450 414450 414450 414450 414450 414450 414450 414450 414450 414450 414450 414450 414450 414450 414450 414450 414450 414450 414450 414450 414450 386820 386820 386820 386820 386820 386820 386820 
29 compute 917992
29 comm_size 32
29 allReduce 223729 126597023
29 compute 11428
29 comm_size 32
29 allReduce 1 68872892
29 compute 10973
29 compute 346
29 allToAllV 13096620 414450 414450 414450 414450 414450 414450 414450 414450 414450 414450 414450 414450 414450 414450 414450 414450 414450 414450 414450 414450 414450 414450 414450 414450 414450 386820 386820 386820 386820 386820 386820 386820  12378660  386834 386834 386834 386834 386834 386834 386834 386834 386834 386834 386834 386834 386834 386834 386834 386834 386834 386834 386834 386834 386834 386834 386834 386834 386834 386834 386834 386834 386834 386820 386820 386820 
29 compute 270475375114
29 comm_size 32
29 allReduce 2 7498525116
29 compute 61914406
29 compute 346
29 allToAllV 12378660 386834 386834 386834 386834 386834 386834 386834 386834 386834 386834 386834 386834 386834 386834 386834 386834 386834 386834 386834 386834 386834 386834 386834 386834 386834 386834 386834 386834 386834 386820 386820 386820  13096620  414450 414450 414450 414450 414450 414450 414450 414450 414450 414450 414450 414450 414450 414450 414450 414450 414450 414450 414450 414450 414450 414450 414450 414450 414450 386820 386820 386820 386820 386820 386820 386820 
29 compute 429710691
29 comm_size 32
29 allReduce 7 30949238
29 compute 915802033
29 comm_size 32
29 allReduce 223729 97846061
29 compute 10182297
29 compute 346
29 allToAllV 13096620 414450 414450 414450 414450 414450 414450 414450 414450 414450 414450 414450 414450 414450 414450 414450 414450 414450 414450 414450 414450 414450 414450 414450 414450 414450 386820 386820 386820 386820 386820 386820 386820  12378660  386834 386834 386834 386834 386834 386834 386834 386834 386834 386834 386834 386834 386834 386834 386834 386834 386834 386834 386834 386834 386834 386834 386834 386834 386834 386834 386834 386834 386834 386820 386820 386820 
29 compute 29320247414
29 compute 336
29 reduceScatter 176256 176256 176256 176256 176256 176256 176256 176256 176256 176256 176256 176256 176256 176256 176256 176256 176256 176256 176256 176256 176256 176256 176256 176256 176256 176256 176256 176256 176256 176256 0 0 2540371933 
29 compute 24377319
29 comm_size 32
29 allReduce 2 4284523
29 compute 21531554
29 allToAll 13824 13824 
29 compute 11393
29 allToAll 13824 13824 
29 compute 20698190
29 comm_size 32
29 allReduce 1 1309458
29 compute 1064453
29 compute 344
29 allGatherV 176256 176256 176256 176256 176256 176256 176256 176256 176256 176256 176256 176256 176256 176256 176256 176256 176256 176256 176256 176256 176256 176256 176256 176256 176256 176256 176256 176256 176256 176256 176256 0 0 0 176256 352512 528768 705024 881280 1057536 1233792 1410048 1586304 1762560 1938816 2115072 2291328 2467584 2643840 2820096 2996352 3172608 3348864 3525120 3701376 3877632 4053888 4230144 4406400 4582656 4758912 4935168 5111424 5258304 5258304 
29 compute 84960245991
29 comm_size 32
29 allReduce 4 2570454678
29 compute 61911096
29 compute 346
29 allToAllV 12378660 386834 386834 386834 386834 386834 386834 386834 386834 386834 386834 386834 386834 386834 386834 386834 386834 386834 386834 386834 386834 386834 386834 386834 386834 386834 386834 386834 386834 386834 386820 386820 386820  13096620  414450 414450 414450 414450 414450 414450 414450 414450 414450 414450 414450 414450 414450 414450 414450 414450 414450 414450 414450 414450 414450 414450 414450 414450 414450 386820 386820 386820 386820 386820 386820 386820 
29 compute 917993
29 comm_size 32
29 allReduce 223729 94741755
29 compute 11428
29 comm_size 32
29 allReduce 1 61094286
29 compute 10973
29 compute 346
29 allToAllV 13096620 414450 414450 414450 414450 414450 414450 414450 414450 414450 414450 414450 414450 414450 414450 414450 414450 414450 414450 414450 414450 414450 414450 414450 414450 414450 386820 386820 386820 386820 386820 386820 386820  12378660  386834 386834 386834 386834 386834 386834 386834 386834 386834 386834 386834 386834 386834 386834 386834 386834 386834 386834 386834 386834 386834 386834 386834 386834 386834 386834 386834 386834 386834 386820 386820 386820 
29 compute 270475375092
29 comm_size 32
29 allReduce 2 7156128966
29 compute 61914406
29 compute 346
29 allToAllV 12378660 386834 386834 386834 386834 386834 386834 386834 386834 386834 386834 386834 386834 386834 386834 386834 386834 386834 386834 386834 386834 386834 386834 386834 386834 386834 386834 386834 386834 386834 386820 386820 386820  13096620  414450 414450 414450 414450 414450 414450 414450 414450 414450 414450 414450 414450 414450 414450 414450 414450 414450 414450 414450 414450 414450 414450 414450 414450 414450 386820 386820 386820 386820 386820 386820 386820 
29 compute 508124786
29 comm_size 32
29 allReduce 7 6176672
29 compute 1020316199
29 comm_size 32
29 allReduce 223729 114681412
29 compute 10182156
29 compute 346
29 allToAllV 13096620 414450 414450 414450 414450 414450 414450 414450 414450 414450 414450 414450 414450 414450 414450 414450 414450 414450 414450 414450 414450 414450 414450 414450 414450 414450 386820 386820 386820 386820 386820 386820 386820  12378660  386834 386834 386834 386834 386834 386834 386834 386834 386834 386834 386834 386834 386834 386834 386834 386834 386834 386834 386834 386834 386834 386834 386834 386834 386834 386834 386834 386834 386834 386820 386820 386820 
29 compute 29320247389
29 compute 336
29 reduceScatter 176256 176256 176256 176256 176256 176256 176256 176256 176256 176256 176256 176256 176256 176256 176256 176256 176256 176256 176256 176256 176256 176256 176256 176256 176256 176256 176256 176256 176256 176256 0 0 2788950379 
29 compute 24662301
29 comm_size 32
29 allReduce 2 3026327
29 compute 21531542
29 allToAll 13824 13824 
29 compute 11393
29 allToAll 13824 13824 
29 compute 20698190
29 comm_size 32
29 allReduce 1 10702
29 compute 1064453
29 compute 344
29 allGatherV 176256 176256 176256 176256 176256 176256 176256 176256 176256 176256 176256 176256 176256 176256 176256 176256 176256 176256 176256 176256 176256 176256 176256 176256 176256 176256 176256 176256 176256 176256 176256 0 0 0 176256 352512 528768 705024 881280 1057536 1233792 1410048 1586304 1762560 1938816 2115072 2291328 2467584 2643840 2820096 2996352 3172608 3348864 3525120 3701376 3877632 4053888 4230144 4406400 4582656 4758912 4935168 5111424 5258304 5258304 
29 compute 84960245983
29 comm_size 32
29 allReduce 4 2549038302
29 compute 61911096
29 compute 346
29 allToAllV 12378660 386834 386834 386834 386834 386834 386834 386834 386834 386834 386834 386834 386834 386834 386834 386834 386834 386834 386834 386834 386834 386834 386834 386834 386834 386834 386834 386834 386834 386834 386820 386820 386820  13096620  414450 414450 414450 414450 414450 414450 414450 414450 414450 414450 414450 414450 414450 414450 414450 414450 414450 414450 414450 414450 414450 414450 414450 414450 414450 386820 386820 386820 386820 386820 386820 386820 
29 compute 917992
29 comm_size 32
29 allReduce 223729 109984022
29 compute 11428
29 comm_size 32
29 allReduce 1 65819455
29 compute 10973
29 compute 346
29 allToAllV 13096620 414450 414450 414450 414450 414450 414450 414450 414450 414450 414450 414450 414450 414450 414450 414450 414450 414450 414450 414450 414450 414450 414450 414450 414450 414450 386820 386820 386820 386820 386820 386820 386820  12378660  386834 386834 386834 386834 386834 386834 386834 386834 386834 386834 386834 386834 386834 386834 386834 386834 386834 386834 386834 386834 386834 386834 386834 386834 386834 386834 386834 386834 386834 386820 386820 386820 
29 compute 270475375077
29 comm_size 32
29 allReduce 2 7142373388
29 compute 61914409
29 compute 346
29 allToAllV 12378660 386834 386834 386834 386834 386834 386834 386834 386834 386834 386834 386834 386834 386834 386834 386834 386834 386834 386834 386834 386834 386834 386834 386834 386834 386834 386834 386834 386834 386834 386820 386820 386820  13096620  414450 414450 414450 414450 414450 414450 414450 414450 414450 414450 414450 414450 414450 414450 414450 414450 414450 414450 414450 414450 414450 414450 414450 414450 414450 386820 386820 386820 386820 386820 386820 386820 
29 compute 508099850
29 comm_size 32
29 allReduce 7 9732531
29 compute 1020316221
29 comm_size 32
29 allReduce 223729 104597247
29 compute 10182369
29 compute 346
29 allToAllV 13096620 414450 414450 414450 414450 414450 414450 414450 414450 414450 414450 414450 414450 414450 414450 414450 414450 414450 414450 414450 414450 414450 414450 414450 414450 414450 386820 386820 386820 386820 386820 386820 386820  12378660  386834 386834 386834 386834 386834 386834 386834 386834 386834 386834 386834 386834 386834 386834 386834 386834 386834 386834 386834 386834 386834 386834 386834 386834 386834 386834 386834 386834 386834 386820 386820 386820 
29 compute 29320247419
29 compute 336
29 reduceScatter 176256 176256 176256 176256 176256 176256 176256 176256 176256 176256 176256 176256 176256 176256 176256 176256 176256 176256 176256 176256 176256 176256 176256 176256 176256 176256 176256 176256 176256 176256 0 0 2576532430 
29 compute 24387845
29 comm_size 32
29 allReduce 2 2647600
29 compute 21531553
29 allToAll 13824 13824 
29 compute 11393
29 allToAll 13824 13824 
29 compute 20698190
29 comm_size 32
29 allReduce 1 2338347
29 compute 1064453
29 compute 344
29 allGatherV 176256 176256 176256 176256 176256 176256 176256 176256 176256 176256 176256 176256 176256 176256 176256 176256 176256 176256 176256 176256 176256 176256 176256 176256 176256 176256 176256 176256 176256 176256 176256 0 0 0 176256 352512 528768 705024 881280 1057536 1233792 1410048 1586304 1762560 1938816 2115072 2291328 2467584 2643840 2820096 2996352 3172608 3348864 3525120 3701376 3877632 4053888 4230144 4406400 4582656 4758912 4935168 5111424 5258304 5258304 
29 compute 84960245920
29 comm_size 32
29 allReduce 4 3399077305
29 compute 61911096
29 compute 346
29 allToAllV 12378660 386834 386834 386834 386834 386834 386834 386834 386834 386834 386834 386834 386834 386834 386834 386834 386834 386834 386834 386834 386834 386834 386834 386834 386834 386834 386834 386834 386834 386834 386820 386820 386820  13096620  414450 414450 414450 414450 414450 414450 414450 414450 414450 414450 414450 414450 414450 414450 414450 414450 414450 414450 414450 414450 414450 414450 414450 414450 414450 386820 386820 386820 386820 386820 386820 386820 
29 compute 917992
29 comm_size 32
29 allReduce 223729 99779964
29 compute 11428
29 comm_size 32
29 allReduce 1 55112832
29 compute 10973
29 compute 346
29 allToAllV 13096620 414450 414450 414450 414450 414450 414450 414450 414450 414450 414450 414450 414450 414450 414450 414450 414450 414450 414450 414450 414450 414450 414450 414450 414450 414450 386820 386820 386820 386820 386820 386820 386820  12378660  386834 386834 386834 386834 386834 386834 386834 386834 386834 386834 386834 386834 386834 386834 386834 386834 386834 386834 386834 386834 386834 386834 386834 386834 386834 386834 386834 386834 386834 386820 386820 386820 
29 compute 270475375086
29 comm_size 32
29 allReduce 2 7549291152
29 compute 61914407
29 compute 346
29 allToAllV 12378660 386834 386834 386834 386834 386834 386834 386834 386834 386834 386834 386834 386834 386834 386834 386834 386834 386834 386834 386834 386834 386834 386834 386834 386834 386834 386834 386834 386834 386834 386820 386820 386820  13096620  414450 414450 414450 414450 414450 414450 414450 414450 414450 414450 414450 414450 414450 414450 414450 414450 414450 414450 414450 414450 414450 414450 414450 414450 414450 386820 386820 386820 386820 386820 386820 386820 
29 compute 508099856
29 comm_size 32
29 allReduce 7 13925026
29 compute 1020316360
29 comm_size 32
29 allReduce 223729 105449501
29 compute 10182186
29 compute 346
29 allToAllV 13096620 414450 414450 414450 414450 414450 414450 414450 414450 414450 414450 414450 414450 414450 414450 414450 414450 414450 414450 414450 414450 414450 414450 414450 414450 414450 386820 386820 386820 386820 386820 386820 386820  12378660  386834 386834 386834 386834 386834 386834 386834 386834 386834 386834 386834 386834 386834 386834 386834 386834 386834 386834 386834 386834 386834 386834 386834 386834 386834 386834 386834 386834 386834 386820 386820 386820 
29 compute 29320247403
29 compute 336
29 reduceScatter 176256 176256 176256 176256 176256 176256 176256 176256 176256 176256 176256 176256 176256 176256 176256 176256 176256 176256 176256 176256 176256 176256 176256 176256 176256 176256 176256 176256 176256 176256 0 0 2721023082 
29 compute 24390103
29 comm_size 32
29 allReduce 2 2404852
29 compute 21531553
29 allToAll 13824 13824 
29 compute 11393
29 allToAll 13824 13824 
29 compute 20698191
29 comm_size 32
29 allReduce 1 613517
29 compute 1064453
29 compute 344
29 allGatherV 176256 176256 176256 176256 176256 176256 176256 176256 176256 176256 176256 176256 176256 176256 176256 176256 176256 176256 176256 176256 176256 176256 176256 176256 176256 176256 176256 176256 176256 176256 176256 0 0 0 176256 352512 528768 705024 881280 1057536 1233792 1410048 1586304 1762560 1938816 2115072 2291328 2467584 2643840 2820096 2996352 3172608 3348864 3525120 3701376 3877632 4053888 4230144 4406400 4582656 4758912 4935168 5111424 5258304 5258304 
29 compute 84960245950
29 comm_size 32
29 allReduce 4 2895639251
29 compute 61911097
29 compute 346
29 allToAllV 12378660 386834 386834 386834 386834 386834 386834 386834 386834 386834 386834 386834 386834 386834 386834 386834 386834 386834 386834 386834 386834 386834 386834 386834 386834 386834 386834 386834 386834 386834 386820 386820 386820  13096620  414450 414450 414450 414450 414450 414450 414450 414450 414450 414450 414450 414450 414450 414450 414450 414450 414450 414450 414450 414450 414450 414450 414450 414450 414450 386820 386820 386820 386820 386820 386820 386820 
29 compute 917992
29 comm_size 32
29 allReduce 223729 104810444
29 compute 11420
29 comm_size 32
29 allReduce 1 53275637
29 compute 10974
29 compute 346
29 allToAllV 13096620 414450 414450 414450 414450 414450 414450 414450 414450 414450 414450 414450 414450 414450 414450 414450 414450 414450 414450 414450 414450 414450 414450 414450 414450 414450 386820 386820 386820 386820 386820 386820 386820  12378660  386834 386834 386834 386834 386834 386834 386834 386834 386834 386834 386834 386834 386834 386834 386834 386834 386834 386834 386834 386834 386834 386834 386834 386834 386834 386834 386834 386834 386834 386820 386820 386820 
29 compute 270475375036
29 comm_size 32
29 allReduce 2 7377836714
29 compute 61914407
29 compute 346
29 allToAllV 12378660 386834 386834 386834 386834 386834 386834 386834 386834 386834 386834 386834 386834 386834 386834 386834 386834 386834 386834 386834 386834 386834 386834 386834 386834 386834 386834 386834 386834 386834 386820 386820 386820  13096620  414450 414450 414450 414450 414450 414450 414450 414450 414450 414450 414450 414450 414450 414450 414450 414450 414450 414450 414450 414450 414450 414450 414450 414450 414450 386820 386820 386820 386820 386820 386820 386820 
29 compute 508099861
29 comm_size 32
29 allReduce 7 18493310
29 compute 1020316220
29 comm_size 32
29 allReduce 223729 108070363
29 compute 10182362
29 compute 346
29 allToAllV 13096620 414450 414450 414450 414450 414450 414450 414450 414450 414450 414450 414450 414450 414450 414450 414450 414450 414450 414450 414450 414450 414450 414450 414450 414450 414450 386820 386820 386820 386820 386820 386820 386820  12378660  386834 386834 386834 386834 386834 386834 386834 386834 386834 386834 386834 386834 386834 386834 386834 386834 386834 386834 386834 386834 386834 386834 386834 386834 386834 386834 386834 386834 386834 386820 386820 386820 
29 compute 61910965
29 compute 1136
29 gather 133 133 0 
29 compute 29258338740
29 compute 336
29 reduceScatter 176256 176256 176256 176256 176256 176256 176256 176256 176256 176256 176256 176256 176256 176256 176256 176256 176256 176256 176256 176256 176256 176256 176256 176256 176256 176256 176256 176256 176256 176256 0 0 2753831729 
29 compute 24390270
29 comm_size 32
29 allReduce 2 2446722
29 compute 21531323
29 allToAll 13824 13824 
29 compute 11274
29 allToAll 13824 13824 
29 compute 20698014
29 comm_size 32
29 allReduce 1 3571303
29 compute 1064393
29 compute 344
29 allGatherV 176256 176256 176256 176256 176256 176256 176256 176256 176256 176256 176256 176256 176256 176256 176256 176256 176256 176256 176256 176256 176256 176256 176256 176256 176256 176256 176256 176256 176256 176256 176256 0 0 0 176256 352512 528768 705024 881280 1057536 1233792 1410048 1586304 1762560 1938816 2115072 2291328 2467584 2643840 2820096 2996352 3172608 3348864 3525120 3701376 3877632 4053888 4230144 4406400 4582656 4758912 4935168 5111424 5258304 5258304 
29 compute 84960245672
29 comm_size 32
29 allReduce 4 2796039261
29 compute 61910934
29 compute 346
29 allToAllV 12378660 386834 386834 386834 386834 386834 386834 386834 386834 386834 386834 386834 386834 386834 386834 386834 386834 386834 386834 386834 386834 386834 386834 386834 386834 386834 386834 386834 386834 386834 386820 386820 386820  13096620  414450 414450 414450 414450 414450 414450 414450 414450 414450 414450 414450 414450 414450 414450 414450 414450 414450 414450 414450 414450 414450 414450 414450 414450 414450 386820 386820 386820 386820 386820 386820 386820 
29 compute 910325
29 comm_size 32
29 allReduce 223729 130680188
29 compute 1567927015
29 comm_size 32
29 allReduce 1 319876964
29 compute 9890
29 compute 346
29 allToAllV 13096620 414450 414450 414450 414450 414450 414450 414450 414450 414450 414450 414450 414450 414450 414450 414450 414450 414450 414450 414450 414450 414450 414450 414450 414450 414450 386820 386820 386820 386820 386820 386820 386820  12378660  386834 386834 386834 386834 386834 386834 386834 386834 386834 386834 386834 386834 386834 386834 386834 386834 386834 386834 386834 386834 386834 386834 386834 386834 386834 386834 386834 386834 386834 386820 386820 386820 
29 compute 61910725
29 comm_size 32
29 bcast 473 31 0
29 compute 337
29 barrier
29 compute 29208830471
29 compute 336
29 reduceScatter 176256 176256 176256 176256 176256 176256 176256 176256 176256 176256 176256 176256 176256 176256 176256 176256 176256 176256 176256 176256 176256 176256 176256 176256 176256 176256 176256 176256 176256 176256 0 0 2981956093 
29 compute 21791212
29 allToAll 13824 13824 
29 compute 11169
29 allToAll 13824 13824 
29 compute 20516876
29 comm_size 32
29 allReduce 1 5071107
29 compute 987
29 comm_size 32
29 allReduce 6 962494
29 compute 4195
29 compute 344
29 allGatherV 176256 176256 176256 176256 176256 176256 176256 176256 176256 176256 176256 176256 176256 176256 176256 176256 176256 176256 176256 176256 176256 176256 176256 176256 176256 176256 176256 176256 176256 176256 176256 0 0 0 176256 352512 528768 705024 881280 1057536 1233792 1410048 1586304 1762560 1938816 2115072 2291328 2467584 2643840 2820096 2996352 3172608 3348864 3525120 3701376 3877632 4053888 4230144 4406400 4582656 4758912 4935168 5111424 5258304 5258304 
29 compute 9827838775
29 comm_size 32
29 allReduce 795 337587923
29 compute 993
29 comm_size 32
29 allReduce 1 1254640
29 compute 47158
29 barrier
29 compute 503937
29 compute 1073
29 gather 133 133 0 
29 compute 2425
29 compute 451
29 gather 3 3 0 
29 compute 87495
29 barrier
29 compute 20386
29 barrier
29 compute 346
29 barrier
29 compute 2654
29 finalize