6 init 1
6 compute 127153
6 compute 2652
6 compute 336805
6 compute 13040699
6 comm_size 32
6 bcast 1
6 compute 25815
6 barrier
6 compute 22435
6 comm_size 32
6 bcast 1
6 compute 24032
6 barrier
6 compute 22606
6 comm_size 32
6 bcast 1
6 compute 23751
6 barrier
6 compute 22526
6 comm_size 32
6 bcast 1
6 compute 23829
6 barrier
6 compute 22608
6 comm_size 32
6 bcast 1
6 compute 23866
6 barrier
6 compute 22684
6 comm_size 32
6 bcast 1
6 compute 23839
6 barrier
6 compute 22625
6 comm_size 32
6 bcast 1
6 compute 23546
6 barrier
6 compute 421
6 barrier
6 compute 168112
6 barrier
6 compute 25188334
6 barrier
6 compute 97881
6 comm_size 32
6 bcast 1
6 compute 370572
6 barrier
6 compute 12633
6 comm_size 32
6 bcast 1
6 compute 46425
6 barrier
6 compute 1018299
6 barrier
6 compute 122556
6 gather 795 795 0 
6 compute 234561584
6 allToAll 1746 1746 
6 compute 276028
6 barrier
6 compute 409318441
6 comm_size 32
6 allReduce 32 26071846 1
6 compute 3038127610
6 compute 1525
6 allToAllV 13262850 414465 414465 414465 414465 414465 414465 414465 414465 414465 414465 414465 414465 414465 414465 414465 414465 414465 414465 414465 414465 414465 414465 414465 414465 414465 414465 414465 414465 414465 414450 414450 414450  13097094  414465 414465 414465 414465 414465 414465 414465 414465 414465 414465 414465 414465 414465 414465 414465 414465 414465 414465 414465 414465 414465 414465 414465 414465 414465 386834 386834 386834 386834 386834 386834 386834 
6 compute 1058646353
6 barrier
6 compute 7748
6 compute 332
6 allToAllV 13097094 414465 414465 414465 414465 414465 414465 414465 414465 414465 414465 414465 414465 414465 414465 414465 414465 414465 414465 414465 414465 414465 414465 414465 414465 414465 386834 386834 386834 386834 386834 386834 386834  13262850  414465 414465 414465 414465 414465 414465 414465 414465 414465 414465 414465 414465 414465 414465 414465 414465 414465 414465 414465 414465 414465 414465 414465 414465 414465 414465 414465 414465 414465 414450 414450 414450 
6 compute 915154402
6 barrier
6 compute 1453541410
6 allToAll 13824 13824 
6 compute 72647797
6 allToAll 13824 13824 
6 compute 20518134
6 comm_size 32
6 allReduce 1 10500073
6 compute 1382402404
6 comm_size 32
6 allReduce 795 68340267
6 compute 1512701245
6 comm_size 32
6 allReduce 2 78355589
6 compute 21530601
6 allToAll 13824 13824 
6 compute 72648538
6 allToAll 13824 13824 
6 compute 20517863
6 comm_size 32
6 allReduce 1 4895476
6 compute 59401613
6 comm_size 32
6 allReduce 32 5355812 1
6 compute 60481271077
6 compute 1717
6 reduceScatter 176256 176256 176256 176256 176256 176256 176256 176256 176256 176256 176256 176256 176256 176256 176256 176256 176256 176256 176256 176256 176256 176256 176256 176256 176256 176256 176256 176256 176256 176256 0 0 4407361192 
6 compute 24937152
6 comm_size 32
6 allReduce 2 604793295
6 compute 21530650
6 allToAll 13824 13824 
6 compute 72648749
6 allToAll 13824 13824 
6 compute 20698003
6 comm_size 32
6 allReduce 1 3496310
6 compute 1070108
6 compute 1377
6 allGatherV 176256 176256 176256 176256 176256 176256 176256 176256 176256 176256 176256 176256 176256 176256 176256 176256 176256 176256 176256 176256 176256 176256 176256 176256 176256 176256 176256 176256 176256 176256 176256 0 0 0 176256 352512 528768 705024 881280 1057536 1233792 1410048 1586304 1762560 1938816 2115072 2291328 2467584 2643840 2820096 2996352 3172608 3348864 3525120 3701376 3877632 4053888 4230144 4406400 4582656 4758912 4935168 5111424 5258304 5258304 
6 compute 175827523951
6 comm_size 32
6 allReduce 4 5968105672
6 compute 128288707
6 compute 332
6 allToAllV 25641510 801299 801299 801299 801299 801299 801299 801299 801299 801299 801299 801299 801299 801299 801299 801299 801299 801299 801299 801299 801299 801299 801299 801299 801299 801299 801299 801299 801299 801299 801270 801270 801270  25834985  828930 828930 828930 828930 828930 828930 801299 801299 801299 801299 801299 801299 801299 801299 801299 801299 801299 801299 801299 801299 801299 801299 801299 801299 801299 801299 801299 801299 801299 801299 801299 801299 
6 compute 128241331
6 compute 332
6 allToAllV 25641510 801299 801299 801299 801299 801299 801299 801299 801299 801299 801299 801299 801299 801299 801299 801299 801299 801299 801299 801299 801299 801299 801299 801299 801299 801299 801299 801299 801299 801299 801270 801270 801270  25834985  828930 828930 828930 828930 828930 828930 801299 801299 801299 801299 801299 801299 801299 801299 801299 801299 801299 801299 801299 801299 801299 801299 801299 801299 801299 801299 801299 801299 801299 801299 801299 801299 
6 compute 10047073
6 comm_size 32
6 allReduce 1729832 1033269812
6 compute 10272910819
6 comm_size 32
6 bcast 934 31 0
6 compute 337
6 barrier
6 compute 19382
6 comm_size 32
6 bcast 1729832
6 compute 1563977
6 comm_size 32
6 allReduce 223729 284296047
6 compute 10199347
6 compute 346
6 allToAllV 13097094 414465 414465 414465 414465 414465 414465 414465 414465 414465 414465 414465 414465 414465 414465 414465 414465 414465 414465 414465 414465 414465 414465 414465 414465 414465 386834 386834 386834 386834 386834 386834 386834  13262850  414465 414465 414465 414465 414465 414465 414465 414465 414465 414465 414465 414465 414465 414465 414465 414465 414465 414465 414465 414465 414465 414465 414465 414465 414465 414465 414465 414465 414465 414450 414450 414450 
6 compute 66460915
6 compute 1130
6 gather 133 133 0 
6 compute 31346722356
6 compute 336
6 reduceScatter 176256 176256 176256 176256 176256 176256 176256 176256 176256 176256 176256 176256 176256 176256 176256 176256 176256 176256 176256 176256 176256 176256 176256 176256 176256 176256 176256 176256 176256 176256 0 0 2750664962 
6 compute 24925155
6 comm_size 32
6 allReduce 2 625061559
6 compute 21529044
6 allToAll 13824 13824 
6 compute 72647266
6 allToAll 13824 13824 
6 compute 20696586
6 comm_size 32
6 allReduce 1 3158247
6 compute 1064005
6 compute 344
6 allGatherV 176256 176256 176256 176256 176256 176256 176256 176256 176256 176256 176256 176256 176256 176256 176256 176256 176256 176256 176256 176256 176256 176256 176256 176256 176256 176256 176256 176256 176256 176256 176256 0 0 0 176256 352512 528768 705024 881280 1057536 1233792 1410048 1586304 1762560 1938816 2115072 2291328 2467584 2643840 2820096 2996352 3172608 3348864 3525120 3701376 3877632 4053888 4230144 4406400 4582656 4758912 4935168 5111424 5258304 5258304 
6 compute 91011977977
6 comm_size 32
6 allReduce 4 2767877115
6 compute 66332102
6 compute 346
6 allToAllV 13262850 414465 414465 414465 414465 414465 414465 414465 414465 414465 414465 414465 414465 414465 414465 414465 414465 414465 414465 414465 414465 414465 414465 414465 414465 414465 414465 414465 414465 414465 414450 414450 414450  13097094  414465 414465 414465 414465 414465 414465 414465 414465 414465 414465 414465 414465 414465 414465 414465 414465 414465 414465 414465 414465 414465 414465 414465 414465 414465 386834 386834 386834 386834 386834 386834 386834 
6 compute 916870
6 comm_size 32
6 allReduce 223729 128570568
6 compute 11168
6 comm_size 32
6 allReduce 1 45252957
6 compute 10233
6 compute 346
6 allToAllV 13097094 414465 414465 414465 414465 414465 414465 414465 414465 414465 414465 414465 414465 414465 414465 414465 414465 414465 414465 414465 414465 414465 414465 414465 414465 414465 386834 386834 386834 386834 386834 386834 386834  13262850  414465 414465 414465 414465 414465 414465 414465 414465 414465 414465 414465 414465 414465 414465 414465 414465 414465 414465 414465 414465 414465 414465 414465 414465 414465 414465 414465 414465 414465 414450 414450 414450 
6 compute 289844594934
6 comm_size 32
6 allReduce 2 9021710677
6 compute 66335418
6 compute 346
6 allToAllV 13262850 414465 414465 414465 414465 414465 414465 414465 414465 414465 414465 414465 414465 414465 414465 414465 414465 414465 414465 414465 414465 414465 414465 414465 414465 414465 414465 414465 414465 414465 414450 414450 414450  13097094  414465 414465 414465 414465 414465 414465 414465 414465 414465 414465 414465 414465 414465 414465 414465 414465 414465 414465 414465 414465 414465 414465 414465 414465 414465 386834 386834 386834 386834 386834 386834 386834 
6 compute 116082120
6 comm_size 32
6 allReduce 7 22835171
6 compute 210072250
6 comm_size 32
6 allReduce 223729 160357671
6 compute 10166286
6 compute 346
6 allToAllV 13097094 414465 414465 414465 414465 414465 414465 414465 414465 414465 414465 414465 414465 414465 414465 414465 414465 414465 414465 414465 414465 414465 414465 414465 414465 414465 386834 386834 386834 386834 386834 386834 386834  13262850  414465 414465 414465 414465 414465 414465 414465 414465 414465 414465 414465 414465 414465 414465 414465 414465 414465 414465 414465 414465 414465 414465 414465 414465 414465 414465 414465 414465 414465 414450 414450 414450 
6 compute 31413027240
6 compute 336
6 reduceScatter 176256 176256 176256 176256 176256 176256 176256 176256 176256 176256 176256 176256 176256 176256 176256 176256 176256 176256 176256 176256 176256 176256 176256 176256 176256 176256 176256 176256 176256 176256 0 0 2696973095 
6 compute 25137320
6 comm_size 32
6 allReduce 2 627085461
6 compute 21529044
6 allToAll 13824 13824 
6 compute 72647266
6 allToAll 13824 13824 
6 compute 20696581
6 comm_size 32
6 allReduce 1 10223172
6 compute 1064004
6 compute 344
6 allGatherV 176256 176256 176256 176256 176256 176256 176256 176256 176256 176256 176256 176256 176256 176256 176256 176256 176256 176256 176256 176256 176256 176256 176256 176256 176256 176256 176256 176256 176256 176256 176256 0 0 0 176256 352512 528768 705024 881280 1057536 1233792 1410048 1586304 1762560 1938816 2115072 2291328 2467584 2643840 2820096 2996352 3172608 3348864 3525120 3701376 3877632 4053888 4230144 4406400 4582656 4758912 4935168 5111424 5258304 5258304 
6 compute 91011977831
6 comm_size 32
6 allReduce 4 2662781117
6 compute 66332102
6 compute 346
6 allToAllV 13262850 414465 414465 414465 414465 414465 414465 414465 414465 414465 414465 414465 414465 414465 414465 414465 414465 414465 414465 414465 414465 414465 414465 414465 414465 414465 414465 414465 414465 414465 414450 414450 414450  13097094  414465 414465 414465 414465 414465 414465 414465 414465 414465 414465 414465 414465 414465 414465 414465 414465 414465 414465 414465 414465 414465 414465 414465 414465 414465 386834 386834 386834 386834 386834 386834 386834 
6 compute 916867
6 comm_size 32
6 allReduce 223729 172258450
6 compute 11160
6 comm_size 32
6 allReduce 1 51176072
6 compute 10233
6 compute 346
6 allToAllV 13097094 414465 414465 414465 414465 414465 414465 414465 414465 414465 414465 414465 414465 414465 414465 414465 414465 414465 414465 414465 414465 414465 414465 414465 414465 414465 386834 386834 386834 386834 386834 386834 386834  13262850  414465 414465 414465 414465 414465 414465 414465 414465 414465 414465 414465 414465 414465 414465 414465 414465 414465 414465 414465 414465 414465 414465 414465 414465 414465 414465 414465 414465 414465 414450 414450 414450 
6 compute 289844578427
6 comm_size 32
6 allReduce 2 8983000441
6 compute 66335412
6 compute 346
6 allToAllV 13262850 414465 414465 414465 414465 414465 414465 414465 414465 414465 414465 414465 414465 414465 414465 414465 414465 414465 414465 414465 414465 414465 414465 414465 414465 414465 414465 414465 414465 414465 414450 414450 414450  13097094  414465 414465 414465 414465 414465 414465 414465 414465 414465 414465 414465 414465 414465 414465 414465 414465 414465 414465 414465 414465 414465 414465 414465 414465 414465 386834 386834 386834 386834 386834 386834 386834 
6 compute 194473523
6 comm_size 32
6 allReduce 7 13732249
6 compute 445334171
6 comm_size 32
6 allReduce 223729 661009774
6 compute 10166252
6 compute 346
6 allToAllV 13097094 414465 414465 414465 414465 414465 414465 414465 414465 414465 414465 414465 414465 414465 414465 414465 414465 414465 414465 414465 414465 414465 414465 414465 414465 414465 386834 386834 386834 386834 386834 386834 386834  13262850  414465 414465 414465 414465 414465 414465 414465 414465 414465 414465 414465 414465 414465 414465 414465 414465 414465 414465 414465 414465 414465 414465 414465 414465 414465 414465 414465 414465 414465 414450 414450 414450 
6 compute 31413027243
6 compute 336
6 reduceScatter 176256 176256 176256 176256 176256 176256 176256 176256 176256 176256 176256 176256 176256 176256 176256 176256 176256 176256 176256 176256 176256 176256 176256 176256 176256 176256 176256 176256 176256 176256 0 0 4860255065 
6 compute 25013720
6 comm_size 32
6 allReduce 2 1151379604
6 compute 21529033
6 allToAll 13824 13824 
6 compute 72647266
6 allToAll 13824 13824 
6 compute 20696581
6 comm_size 32
6 allReduce 1 9150515
6 compute 1064004
6 compute 344
6 allGatherV 176256 176256 176256 176256 176256 176256 176256 176256 176256 176256 176256 176256 176256 176256 176256 176256 176256 176256 176256 176256 176256 176256 176256 176256 176256 176256 176256 176256 176256 176256 176256 0 0 0 176256 352512 528768 705024 881280 1057536 1233792 1410048 1586304 1762560 1938816 2115072 2291328 2467584 2643840 2820096 2996352 3172608 3348864 3525120 3701376 3877632 4053888 4230144 4406400 4582656 4758912 4935168 5111424 5258304 5258304 
6 compute 91011977829
6 comm_size 32
6 allReduce 4 2602368478
6 compute 66332104
6 compute 346
6 allToAllV 13262850 414465 414465 414465 414465 414465 414465 414465 414465 414465 414465 414465 414465 414465 414465 414465 414465 414465 414465 414465 414465 414465 414465 414465 414465 414465 414465 414465 414465 414465 414450 414450 414450  13097094  414465 414465 414465 414465 414465 414465 414465 414465 414465 414465 414465 414465 414465 414465 414465 414465 414465 414465 414465 414465 414465 414465 414465 414465 414465 386834 386834 386834 386834 386834 386834 386834 
6 compute 916867
6 comm_size 32
6 allReduce 223729 247640032
6 compute 11168
6 comm_size 32
6 allReduce 1 38113259
6 compute 10233
6 compute 346
6 allToAllV 13097094 414465 414465 414465 414465 414465 414465 414465 414465 414465 414465 414465 414465 414465 414465 414465 414465 414465 414465 414465 414465 414465 414465 414465 414465 414465 386834 386834 386834 386834 386834 386834 386834  13262850  414465 414465 414465 414465 414465 414465 414465 414465 414465 414465 414465 414465 414465 414465 414465 414465 414465 414465 414465 414465 414465 414465 414465 414465 414465 414465 414465 414465 414465 414450 414450 414450 
6 compute 289844578433
6 comm_size 32
6 allReduce 2 8372953069
6 compute 66335412
6 compute 346
6 allToAllV 13262850 414465 414465 414465 414465 414465 414465 414465 414465 414465 414465 414465 414465 414465 414465 414465 414465 414465 414465 414465 414465 414465 414465 414465 414465 414465 414465 414465 414465 414465 414450 414450 414450  13097094  414465 414465 414465 414465 414465 414465 414465 414465 414465 414465 414465 414465 414465 414465 414465 414465 414465 414465 414465 414465 414465 414465 414465 414465 414465 386834 386834 386834 386834 386834 386834 386834 
6 compute 272890452
6 comm_size 32
6 allReduce 7 40943782
6 compute 602162685
6 comm_size 32
6 allReduce 223729 760035115
6 compute 10166296
6 compute 346
6 allToAllV 13097094 414465 414465 414465 414465 414465 414465 414465 414465 414465 414465 414465 414465 414465 414465 414465 414465 414465 414465 414465 414465 414465 414465 414465 414465 414465 386834 386834 386834 386834 386834 386834 386834  13262850  414465 414465 414465 414465 414465 414465 414465 414465 414465 414465 414465 414465 414465 414465 414465 414465 414465 414465 414465 414465 414465 414465 414465 414465 414465 414465 414465 414465 414465 414450 414450 414450 
6 compute 31413027237
6 compute 336
6 reduceScatter 176256 176256 176256 176256 176256 176256 176256 176256 176256 176256 176256 176256 176256 176256 176256 176256 176256 176256 176256 176256 176256 176256 176256 176256 176256 176256 176256 176256 176256 176256 0 0 5565375994 
6 compute 25036463
6 comm_size 32
6 allReduce 2 746184753
6 compute 21529044
6 allToAll 13824 13824 
6 compute 72647266
6 allToAll 13824 13824 
6 compute 20696581
6 comm_size 32
6 allReduce 1 3140023
6 compute 1064004
6 compute 344
6 allGatherV 176256 176256 176256 176256 176256 176256 176256 176256 176256 176256 176256 176256 176256 176256 176256 176256 176256 176256 176256 176256 176256 176256 176256 176256 176256 176256 176256 176256 176256 176256 176256 0 0 0 176256 352512 528768 705024 881280 1057536 1233792 1410048 1586304 1762560 1938816 2115072 2291328 2467584 2643840 2820096 2996352 3172608 3348864 3525120 3701376 3877632 4053888 4230144 4406400 4582656 4758912 4935168 5111424 5258304 5258304 
6 compute 91011977834
6 comm_size 32
6 allReduce 4 2619371146
6 compute 66332103
6 compute 346
6 allToAllV 13262850 414465 414465 414465 414465 414465 414465 414465 414465 414465 414465 414465 414465 414465 414465 414465 414465 414465 414465 414465 414465 414465 414465 414465 414465 414465 414465 414465 414465 414465 414450 414450 414450  13097094  414465 414465 414465 414465 414465 414465 414465 414465 414465 414465 414465 414465 414465 414465 414465 414465 414465 414465 414465 414465 414465 414465 414465 414465 414465 386834 386834 386834 386834 386834 386834 386834 
6 compute 916867
6 comm_size 32
6 allReduce 223729 155452897
6 compute 11168
6 comm_size 32
6 allReduce 1 71101995
6 compute 10233
6 compute 346
6 allToAllV 13097094 414465 414465 414465 414465 414465 414465 414465 414465 414465 414465 414465 414465 414465 414465 414465 414465 414465 414465 414465 414465 414465 414465 414465 414465 414465 386834 386834 386834 386834 386834 386834 386834  13262850  414465 414465 414465 414465 414465 414465 414465 414465 414465 414465 414465 414465 414465 414465 414465 414465 414465 414465 414465 414465 414465 414465 414465 414465 414465 414465 414465 414465 414465 414450 414450 414450 
6 compute 289844578434
6 comm_size 32
6 allReduce 2 8501207518
6 compute 66335412
6 compute 346
6 allToAllV 13262850 414465 414465 414465 414465 414465 414465 414465 414465 414465 414465 414465 414465 414465 414465 414465 414465 414465 414465 414465 414465 414465 414465 414465 414465 414465 414465 414465 414465 414465 414450 414450 414450  13097094  414465 414465 414465 414465 414465 414465 414465 414465 414465 414465 414465 414465 414465 414465 414465 414465 414465 414465 414465 414465 414465 414465 414465 414465 414465 386834 386834 386834 386834 386834 386834 386834 
6 compute 351307367
6 comm_size 32
6 allReduce 7 66540724
6 compute 758997964
6 comm_size 32
6 allReduce 223729 229939913
6 compute 10166047
6 compute 346
6 allToAllV 13097094 414465 414465 414465 414465 414465 414465 414465 414465 414465 414465 414465 414465 414465 414465 414465 414465 414465 414465 414465 414465 414465 414465 414465 414465 414465 386834 386834 386834 386834 386834 386834 386834  13262850  414465 414465 414465 414465 414465 414465 414465 414465 414465 414465 414465 414465 414465 414465 414465 414465 414465 414465 414465 414465 414465 414465 414465 414465 414465 414465 414465 414465 414465 414450 414450 414450 
6 compute 31413027243
6 compute 336
6 reduceScatter 176256 176256 176256 176256 176256 176256 176256 176256 176256 176256 176256 176256 176256 176256 176256 176256 176256 176256 176256 176256 176256 176256 176256 176256 176256 176256 176256 176256 176256 176256 0 0 2296119774 
6 compute 25047411
6 comm_size 32
6 allReduce 2 628874257
6 compute 21529043
6 allToAll 13824 13824 
6 compute 72647266
6 allToAll 13824 13824 
6 compute 20696581
6 comm_size 32
6 allReduce 1 4721933
6 compute 1064004
6 compute 344
6 allGatherV 176256 176256 176256 176256 176256 176256 176256 176256 176256 176256 176256 176256 176256 176256 176256 176256 176256 176256 176256 176256 176256 176256 176256 176256 176256 176256 176256 176256 176256 176256 176256 0 0 0 176256 352512 528768 705024 881280 1057536 1233792 1410048 1586304 1762560 1938816 2115072 2291328 2467584 2643840 2820096 2996352 3172608 3348864 3525120 3701376 3877632 4053888 4230144 4406400 4582656 4758912 4935168 5111424 5258304 5258304 
6 compute 91011977833
6 comm_size 32
6 allReduce 4 2572022050
6 compute 66332103
6 compute 346
6 allToAllV 13262850 414465 414465 414465 414465 414465 414465 414465 414465 414465 414465 414465 414465 414465 414465 414465 414465 414465 414465 414465 414465 414465 414465 414465 414465 414465 414465 414465 414465 414465 414450 414450 414450  13097094  414465 414465 414465 414465 414465 414465 414465 414465 414465 414465 414465 414465 414465 414465 414465 414465 414465 414465 414465 414465 414465 414465 414465 414465 414465 386834 386834 386834 386834 386834 386834 386834 
6 compute 916867
6 comm_size 32
6 allReduce 223729 175518584
6 compute 11160
6 comm_size 32
6 allReduce 1 82559640
6 compute 10233
6 compute 346
6 allToAllV 13097094 414465 414465 414465 414465 414465 414465 414465 414465 414465 414465 414465 414465 414465 414465 414465 414465 414465 414465 414465 414465 414465 414465 414465 414465 414465 386834 386834 386834 386834 386834 386834 386834  13262850  414465 414465 414465 414465 414465 414465 414465 414465 414465 414465 414465 414465 414465 414465 414465 414465 414465 414465 414465 414465 414465 414465 414465 414465 414465 414465 414465 414465 414465 414450 414450 414450 
6 compute 289844578434
6 comm_size 32
6 allReduce 2 8681762309
6 compute 66335412
6 compute 346
6 allToAllV 13262850 414465 414465 414465 414465 414465 414465 414465 414465 414465 414465 414465 414465 414465 414465 414465 414465 414465 414465 414465 414465 414465 414465 414465 414465 414465 414465 414465 414465 414465 414450 414450 414450  13097094  414465 414465 414465 414465 414465 414465 414465 414465 414465 414465 414465 414465 414465 414465 414465 414465 414465 414465 414465 414465 414465 414465 414465 414465 414465 386834 386834 386834 386834 386834 386834 386834 
6 compute 429724302
6 comm_size 32
6 allReduce 7 13223180
6 compute 915833637
6 comm_size 32
6 allReduce 223729 185953156
6 compute 10166146
6 compute 346
6 allToAllV 13097094 414465 414465 414465 414465 414465 414465 414465 414465 414465 414465 414465 414465 414465 414465 414465 414465 414465 414465 414465 414465 414465 414465 414465 414465 414465 386834 386834 386834 386834 386834 386834 386834  13262850  414465 414465 414465 414465 414465 414465 414465 414465 414465 414465 414465 414465 414465 414465 414465 414465 414465 414465 414465 414465 414465 414465 414465 414465 414465 414465 414465 414465 414465 414450 414450 414450 
6 compute 31413027241
6 compute 336
6 reduceScatter 176256 176256 176256 176256 176256 176256 176256 176256 176256 176256 176256 176256 176256 176256 176256 176256 176256 176256 176256 176256 176256 176256 176256 176256 176256 176256 176256 176256 176256 176256 0 0 2172423430 
6 compute 25028634
6 comm_size 32
6 allReduce 2 636799797
6 compute 21529043
6 allToAll 13824 13824 
6 compute 72647266
6 allToAll 13824 13824 
6 compute 20696581
6 comm_size 32
6 allReduce 1 4307212
6 compute 1064004
6 compute 344
6 allGatherV 176256 176256 176256 176256 176256 176256 176256 176256 176256 176256 176256 176256 176256 176256 176256 176256 176256 176256 176256 176256 176256 176256 176256 176256 176256 176256 176256 176256 176256 176256 176256 0 0 0 176256 352512 528768 705024 881280 1057536 1233792 1410048 1586304 1762560 1938816 2115072 2291328 2467584 2643840 2820096 2996352 3172608 3348864 3525120 3701376 3877632 4053888 4230144 4406400 4582656 4758912 4935168 5111424 5258304 5258304 
6 compute 91011977832
6 comm_size 32
6 allReduce 4 2606236092
6 compute 66332102
6 compute 346
6 allToAllV 13262850 414465 414465 414465 414465 414465 414465 414465 414465 414465 414465 414465 414465 414465 414465 414465 414465 414465 414465 414465 414465 414465 414465 414465 414465 414465 414465 414465 414465 414465 414450 414450 414450  13097094  414465 414465 414465 414465 414465 414465 414465 414465 414465 414465 414465 414465 414465 414465 414465 414465 414465 414465 414465 414465 414465 414465 414465 414465 414465 386834 386834 386834 386834 386834 386834 386834 
6 compute 916867
6 comm_size 32
6 allReduce 223729 151897154
6 compute 11168
6 comm_size 32
6 allReduce 1 29263351
6 compute 10233
6 compute 346
6 allToAllV 13097094 414465 414465 414465 414465 414465 414465 414465 414465 414465 414465 414465 414465 414465 414465 414465 414465 414465 414465 414465 414465 414465 414465 414465 414465 414465 386834 386834 386834 386834 386834 386834 386834  13262850  414465 414465 414465 414465 414465 414465 414465 414465 414465 414465 414465 414465 414465 414465 414465 414465 414465 414465 414465 414465 414465 414465 414465 414465 414465 414465 414465 414465 414465 414450 414450 414450 
6 compute 289844578438
6 comm_size 32
6 allReduce 2 8344515600
6 compute 66335412
6 compute 346
6 allToAllV 13262850 414465 414465 414465 414465 414465 414465 414465 414465 414465 414465 414465 414465 414465 414465 414465 414465 414465 414465 414465 414465 414465 414465 414465 414465 414465 414465 414465 414465 414465 414450 414450 414450  13097094  414465 414465 414465 414465 414465 414465 414465 414465 414465 414465 414465 414465 414465 414465 414465 414465 414465 414465 414465 414465 414465 414465 414465 414465 414465 386834 386834 386834 386834 386834 386834 386834 
6 compute 508141217
6 comm_size 32
6 allReduce 7 29334437
6 compute 1020352011
6 comm_size 32
6 allReduce 223729 264985884
6 compute 10166148
6 compute 346
6 allToAllV 13097094 414465 414465 414465 414465 414465 414465 414465 414465 414465 414465 414465 414465 414465 414465 414465 414465 414465 414465 414465 414465 414465 414465 414465 414465 414465 386834 386834 386834 386834 386834 386834 386834  13262850  414465 414465 414465 414465 414465 414465 414465 414465 414465 414465 414465 414465 414465 414465 414465 414465 414465 414465 414465 414465 414465 414465 414465 414465 414465 414465 414465 414465 414465 414450 414450 414450 
6 compute 31413027237
6 compute 336
6 reduceScatter 176256 176256 176256 176256 176256 176256 176256 176256 176256 176256 176256 176256 176256 176256 176256 176256 176256 176256 176256 176256 176256 176256 176256 176256 176256 176256 176256 176256 176256 176256 0 0 2303702670 
6 compute 25039607
6 comm_size 32
6 allReduce 2 635376417
6 compute 21529033
6 allToAll 13824 13824 
6 compute 72647266
6 allToAll 13824 13824 
6 compute 20696581
6 comm_size 32
6 allReduce 1 6867072
6 compute 1064004
6 compute 344
6 allGatherV 176256 176256 176256 176256 176256 176256 176256 176256 176256 176256 176256 176256 176256 176256 176256 176256 176256 176256 176256 176256 176256 176256 176256 176256 176256 176256 176256 176256 176256 176256 176256 0 0 0 176256 352512 528768 705024 881280 1057536 1233792 1410048 1586304 1762560 1938816 2115072 2291328 2467584 2643840 2820096 2996352 3172608 3348864 3525120 3701376 3877632 4053888 4230144 4406400 4582656 4758912 4935168 5111424 5258304 5258304 
6 compute 91011977835
6 comm_size 32
6 allReduce 4 2588786820
6 compute 66332102
6 compute 346
6 allToAllV 13262850 414465 414465 414465 414465 414465 414465 414465 414465 414465 414465 414465 414465 414465 414465 414465 414465 414465 414465 414465 414465 414465 414465 414465 414465 414465 414465 414465 414465 414465 414450 414450 414450  13097094  414465 414465 414465 414465 414465 414465 414465 414465 414465 414465 414465 414465 414465 414465 414465 414465 414465 414465 414465 414465 414465 414465 414465 414465 414465 386834 386834 386834 386834 386834 386834 386834 
6 compute 916867
6 comm_size 32
6 allReduce 223729 173445826
6 compute 11168
6 comm_size 32
6 allReduce 1 72405023
6 compute 10233
6 compute 346
6 allToAllV 13097094 414465 414465 414465 414465 414465 414465 414465 414465 414465 414465 414465 414465 414465 414465 414465 414465 414465 414465 414465 414465 414465 414465 414465 414465 414465 386834 386834 386834 386834 386834 386834 386834  13262850  414465 414465 414465 414465 414465 414465 414465 414465 414465 414465 414465 414465 414465 414465 414465 414465 414465 414465 414465 414465 414465 414465 414465 414465 414465 414465 414465 414465 414465 414450 414450 414450 
6 compute 289844578432
6 comm_size 32
6 allReduce 2 8301183611
6 compute 66335412
6 compute 346
6 allToAllV 13262850 414465 414465 414465 414465 414465 414465 414465 414465 414465 414465 414465 414465 414465 414465 414465 414465 414465 414465 414465 414465 414465 414465 414465 414465 414465 414465 414465 414465 414465 414450 414450 414450  13097094  414465 414465 414465 414465 414465 414465 414465 414465 414465 414465 414465 414465 414465 414465 414465 414465 414465 414465 414465 414465 414465 414465 414465 414465 414465 386834 386834 386834 386834 386834 386834 386834 
6 compute 508116288
6 comm_size 32
6 allReduce 7 21775433
6 compute 1020352178
6 comm_size 32
6 allReduce 223729 235216965
6 compute 10166081
6 compute 346
6 allToAllV 13097094 414465 414465 414465 414465 414465 414465 414465 414465 414465 414465 414465 414465 414465 414465 414465 414465 414465 414465 414465 414465 414465 414465 414465 414465 414465 386834 386834 386834 386834 386834 386834 386834  13262850  414465 414465 414465 414465 414465 414465 414465 414465 414465 414465 414465 414465 414465 414465 414465 414465 414465 414465 414465 414465 414465 414465 414465 414465 414465 414465 414465 414465 414465 414450 414450 414450 
6 compute 31413027241
6 compute 336
6 reduceScatter 176256 176256 176256 176256 176256 176256 176256 176256 176256 176256 176256 176256 176256 176256 176256 176256 176256 176256 176256 176256 176256 176256 176256 176256 176256 176256 176256 176256 176256 176256 0 0 2199523281 
6 compute 25034877
6 comm_size 32
6 allReduce 2 625588490
6 compute 21529032
6 allToAll 13824 13824 
6 compute 72647266
6 allToAll 13824 13824 
6 compute 20696581
6 comm_size 32
6 allReduce 1 1531837
6 compute 1064004
6 compute 344
6 allGatherV 176256 176256 176256 176256 176256 176256 176256 176256 176256 176256 176256 176256 176256 176256 176256 176256 176256 176256 176256 176256 176256 176256 176256 176256 176256 176256 176256 176256 176256 176256 176256 0 0 0 176256 352512 528768 705024 881280 1057536 1233792 1410048 1586304 1762560 1938816 2115072 2291328 2467584 2643840 2820096 2996352 3172608 3348864 3525120 3701376 3877632 4053888 4230144 4406400 4582656 4758912 4935168 5111424 5258304 5258304 
6 compute 91011977834
6 comm_size 32
6 allReduce 4 2875236672
6 compute 66332102
6 compute 346
6 allToAllV 13262850 414465 414465 414465 414465 414465 414465 414465 414465 414465 414465 414465 414465 414465 414465 414465 414465 414465 414465 414465 414465 414465 414465 414465 414465 414465 414465 414465 414465 414465 414450 414450 414450  13097094  414465 414465 414465 414465 414465 414465 414465 414465 414465 414465 414465 414465 414465 414465 414465 414465 414465 414465 414465 414465 414465 414465 414465 414465 414465 386834 386834 386834 386834 386834 386834 386834 
6 compute 916867
6 comm_size 32
6 allReduce 223729 130767699
6 compute 11168
6 comm_size 32
6 allReduce 1 35166585
6 compute 10233
6 compute 346
6 allToAllV 13097094 414465 414465 414465 414465 414465 414465 414465 414465 414465 414465 414465 414465 414465 414465 414465 414465 414465 414465 414465 414465 414465 414465 414465 414465 414465 386834 386834 386834 386834 386834 386834 386834  13262850  414465 414465 414465 414465 414465 414465 414465 414465 414465 414465 414465 414465 414465 414465 414465 414465 414465 414465 414465 414465 414465 414465 414465 414465 414465 414465 414465 414465 414465 414450 414450 414450 
6 compute 289844578426
6 comm_size 32
6 allReduce 2 8759432182
6 compute 66335412
6 compute 346
6 allToAllV 13262850 414465 414465 414465 414465 414465 414465 414465 414465 414465 414465 414465 414465 414465 414465 414465 414465 414465 414465 414465 414465 414465 414465 414465 414465 414465 414465 414465 414465 414465 414450 414450 414450  13097094  414465 414465 414465 414465 414465 414465 414465 414465 414465 414465 414465 414465 414465 414465 414465 414465 414465 414465 414465 414465 414465 414465 414465 414465 414465 386834 386834 386834 386834 386834 386834 386834 
6 compute 508116291
6 comm_size 32
6 allReduce 7 75461426
6 compute 1020352033
6 comm_size 32
6 allReduce 223729 212223831
6 compute 10166065
6 compute 346
6 allToAllV 13097094 414465 414465 414465 414465 414465 414465 414465 414465 414465 414465 414465 414465 414465 414465 414465 414465 414465 414465 414465 414465 414465 414465 414465 414465 414465 386834 386834 386834 386834 386834 386834 386834  13262850  414465 414465 414465 414465 414465 414465 414465 414465 414465 414465 414465 414465 414465 414465 414465 414465 414465 414465 414465 414465 414465 414465 414465 414465 414465 414465 414465 414465 414465 414450 414450 414450 
6 compute 31413027238
6 compute 336
6 reduceScatter 176256 176256 176256 176256 176256 176256 176256 176256 176256 176256 176256 176256 176256 176256 176256 176256 176256 176256 176256 176256 176256 176256 176256 176256 176256 176256 176256 176256 176256 176256 0 0 2256755120 
6 compute 25035222
6 comm_size 32
6 allReduce 2 635334303
6 compute 21529033
6 allToAll 13824 13824 
6 compute 72647266
6 allToAll 13824 13824 
6 compute 20696581
6 comm_size 32
6 allReduce 1 3275746
6 compute 1064004
6 compute 344
6 allGatherV 176256 176256 176256 176256 176256 176256 176256 176256 176256 176256 176256 176256 176256 176256 176256 176256 176256 176256 176256 176256 176256 176256 176256 176256 176256 176256 176256 176256 176256 176256 176256 0 0 0 176256 352512 528768 705024 881280 1057536 1233792 1410048 1586304 1762560 1938816 2115072 2291328 2467584 2643840 2820096 2996352 3172608 3348864 3525120 3701376 3877632 4053888 4230144 4406400 4582656 4758912 4935168 5111424 5258304 5258304 
6 compute 91011977831
6 comm_size 32
6 allReduce 4 2720085641
6 compute 66332102
6 compute 346
6 allToAllV 13262850 414465 414465 414465 414465 414465 414465 414465 414465 414465 414465 414465 414465 414465 414465 414465 414465 414465 414465 414465 414465 414465 414465 414465 414465 414465 414465 414465 414465 414465 414450 414450 414450  13097094  414465 414465 414465 414465 414465 414465 414465 414465 414465 414465 414465 414465 414465 414465 414465 414465 414465 414465 414465 414465 414465 414465 414465 414465 414465 386834 386834 386834 386834 386834 386834 386834 
6 compute 916867
6 comm_size 32
6 allReduce 223729 169695527
6 compute 11160
6 comm_size 32
6 allReduce 1 89762348
6 compute 10233
6 compute 346
6 allToAllV 13097094 414465 414465 414465 414465 414465 414465 414465 414465 414465 414465 414465 414465 414465 414465 414465 414465 414465 414465 414465 414465 414465 414465 414465 414465 414465 386834 386834 386834 386834 386834 386834 386834  13262850  414465 414465 414465 414465 414465 414465 414465 414465 414465 414465 414465 414465 414465 414465 414465 414465 414465 414465 414465 414465 414465 414465 414465 414465 414465 414465 414465 414465 414465 414450 414450 414450 
6 compute 289844578438
6 comm_size 32
6 allReduce 2 8233858923
6 compute 66335412
6 compute 346
6 allToAllV 13262850 414465 414465 414465 414465 414465 414465 414465 414465 414465 414465 414465 414465 414465 414465 414465 414465 414465 414465 414465 414465 414465 414465 414465 414465 414465 414465 414465 414465 414465 414450 414450 414450  13097094  414465 414465 414465 414465 414465 414465 414465 414465 414465 414465 414465 414465 414465 414465 414465 414465 414465 414465 414465 414465 414465 414465 414465 414465 414465 386834 386834 386834 386834 386834 386834 386834 
6 compute 508116299
6 comm_size 32
6 allReduce 7 19678988
6 compute 1020352178
6 comm_size 32
6 allReduce 223729 216873870
6 compute 10166164
6 compute 346
6 allToAllV 13097094 414465 414465 414465 414465 414465 414465 414465 414465 414465 414465 414465 414465 414465 414465 414465 414465 414465 414465 414465 414465 414465 414465 414465 414465 414465 386834 386834 386834 386834 386834 386834 386834  13262850  414465 414465 414465 414465 414465 414465 414465 414465 414465 414465 414465 414465 414465 414465 414465 414465 414465 414465 414465 414465 414465 414465 414465 414465 414465 414465 414465 414465 414465 414450 414450 414450 
6 compute 66331786
6 compute 1163
6 gather 133 133 0 
6 compute 31346698604
6 compute 336
6 reduceScatter 176256 176256 176256 176256 176256 176256 176256 176256 176256 176256 176256 176256 176256 176256 176256 176256 176256 176256 176256 176256 176256 176256 176256 176256 176256 176256 176256 176256 176256 176256 0 0 2308813137 
6 compute 25037769
6 comm_size 32
6 allReduce 2 638538928
6 compute 21530567
6 allToAll 13824 13824 
6 compute 72647945
6 allToAll 13824 13824 
6 compute 20697658
6 comm_size 32
6 allReduce 1 2777256
6 compute 1064378
6 compute 344
6 allGatherV 176256 176256 176256 176256 176256 176256 176256 176256 176256 176256 176256 176256 176256 176256 176256 176256 176256 176256 176256 176256 176256 176256 176256 176256 176256 176256 176256 176256 176256 176256 176256 0 0 0 176256 352512 528768 705024 881280 1057536 1233792 1410048 1586304 1762560 1938816 2115072 2291328 2467584 2643840 2820096 2996352 3172608 3348864 3525120 3701376 3877632 4053888 4230144 4406400 4582656 4758912 4935168 5111424 5258304 5258304 
6 compute 91011979523
6 comm_size 32
6 allReduce 4 2723287104
6 compute 66332592
6 compute 346
6 allToAllV 13262850 414465 414465 414465 414465 414465 414465 414465 414465 414465 414465 414465 414465 414465 414465 414465 414465 414465 414465 414465 414465 414465 414465 414465 414465 414465 414465 414465 414465 414465 414450 414450 414450  13097094  414465 414465 414465 414465 414465 414465 414465 414465 414465 414465 414465 414465 414465 414465 414465 414465 414465 414465 414465 414465 414465 414465 414465 414465 414465 386834 386834 386834 386834 386834 386834 386834 
6 compute 910459
6 comm_size 32
6 allReduce 223729 158474710
6 compute 1568017309
6 comm_size 32
6 allReduce 1 10505
6 compute 10000
6 compute 346
6 allToAllV 13097094 414465 414465 414465 414465 414465 414465 414465 414465 414465 414465 414465 414465 414465 414465 414465 414465 414465 414465 414465 414465 414465 414465 414465 414465 414465 386834 386834 386834 386834 386834 386834 386834  13262850  414465 414465 414465 414465 414465 414465 414465 414465 414465 414465 414465 414465 414465 414465 414465 414465 414465 414465 414465 414465 414465 414465 414465 414465 414465 414465 414465 414465 414465 414450 414450 414450 
6 compute 66332382
6 comm_size 32
6 bcast 473 31 0
6 compute 337
6 barrier
6 compute 31293658987
6 compute 336
6 reduceScatter 176256 176256 176256 176256 176256 176256 176256 176256 176256 176256 176256 176256 176256 176256 176256 176256 176256 176256 176256 176256 176256 176256 176256 176256 176256 176256 176256 176256 176256 176256 0 0 2548804648 
6 compute 21791206
6 allToAll 13824 13824 
6 compute 72648314
6 allToAll 13824 13824 
6 compute 20516927
6 comm_size 32
6 allReduce 1 925851
6 compute 987
6 comm_size 32
6 allReduce 6 1240697
6 compute 4213
6 compute 344
6 allGatherV 176256 176256 176256 176256 176256 176256 176256 176256 176256 176256 176256 176256 176256 176256 176256 176256 176256 176256 176256 176256 176256 176256 176256 176256 176256 176256 176256 176256 176256 176256 176256 0 0 0 176256 352512 528768 705024 881280 1057536 1233792 1410048 1586304 1762560 1938816 2115072 2291328 2467584 2643840 2820096 2996352 3172608 3348864 3525120 3701376 3877632 4053888 4230144 4406400 4582656 4758912 4935168 5111424 5258304 5258304 
6 compute 10322226422
6 comm_size 32
6 allReduce 795 692289320
6 compute 993
6 comm_size 32
6 allReduce 1 1309136
6 compute 47154
6 barrier
6 compute 504005
6 compute 1106
6 gather 133 133 0 
6 compute 2469
6 compute 451
6 gather 3 3 0 
6 compute 86837
6 barrier
6 compute 20389
6 barrier
6 compute 346
6 barrier
6 compute 2654
6 finalize