16 init 1
16 compute 127153
16 compute 2652
16 compute 336593
16 compute 13028011
16 comm_size 32
16 bcast 1
16 compute 25799
16 barrier
16 compute 22522
16 comm_size 32
16 bcast 1
16 compute 23738
16 barrier
16 compute 22686
16 comm_size 32
16 bcast 1
16 compute 23582
16 barrier
16 compute 22604
16 comm_size 32
16 bcast 1
16 compute 23666
16 barrier
16 compute 22690
16 comm_size 32
16 bcast 1
16 compute 23699
16 barrier
16 compute 22762
16 comm_size 32
16 bcast 1
16 compute 23666
16 barrier
16 compute 22550
16 comm_size 32
16 bcast 1
16 compute 23438
16 barrier
16 compute 426
16 barrier
16 compute 165486
16 barrier
16 compute 21994567
16 barrier
16 compute 97259
16 comm_size 32
16 bcast 1
16 compute 378463
16 barrier
16 compute 12856
16 comm_size 32
16 bcast 1
16 compute 46325
16 barrier
16 compute 1017225
16 barrier
16 compute 124216
16 gather 795 795 0 
16 compute 248019689
16 allToAll 1746 1746 
16 compute 276028
16 barrier
16 compute 409314252
16 comm_size 32
16 allReduce 32 18101827 1
16 compute 3038128476
16 compute 1525
16 allToAllV 13262850 414465 414465 414465 414465 414465 414465 414465 414465 414465 414465 414465 414465 414465 414465 414465 414465 414465 414465 414465 414465 414465 414465 414465 414465 414465 414465 414465 414465 414465 414450 414450 414450  13097094  414465 414465 414465 414465 414465 414465 414465 414465 414465 414465 414465 414465 414465 414465 414465 414465 414465 414465 414465 414465 414465 414465 414465 414465 414465 386834 386834 386834 386834 386834 386834 386834 
16 compute 1058645807
16 barrier
16 compute 7155
16 compute 332
16 allToAllV 13097094 414465 414465 414465 414465 414465 414465 414465 414465 414465 414465 414465 414465 414465 414465 414465 414465 414465 414465 414465 414465 414465 414465 414465 414465 414465 386834 386834 386834 386834 386834 386834 386834  13262850  414465 414465 414465 414465 414465 414465 414465 414465 414465 414465 414465 414465 414465 414465 414465 414465 414465 414465 414465 414465 414465 414465 414465 414465 414465 414465 414465 414465 414465 414450 414450 414450 
16 compute 915153808
16 barrier
16 compute 1449835669
16 allToAll 13824 13824 
16 compute 72647803
16 allToAll 13824 13824 
16 compute 20518093
16 comm_size 32
16 allReduce 1 5226292
16 compute 1378796665
16 comm_size 32
16 allReduce 795 72159977
16 compute 1499557201
16 comm_size 32
16 allReduce 2 63798502
16 compute 21530343
16 allToAll 13824 13824 
16 compute 72647758
16 allToAll 13824 13824 
16 compute 20517492
16 comm_size 32
16 allReduce 1 3823764
16 compute 81457367
16 comm_size 32
16 allReduce 32 1411377 1
16 compute 60481274473
16 compute 1717
16 reduceScatter 176256 176256 176256 176256 176256 176256 176256 176256 176256 176256 176256 176256 176256 176256 176256 176256 176256 176256 176256 176256 176256 176256 176256 176256 176256 176256 176256 176256 176256 176256 0 0 3972280810 
16 compute 25688823
16 comm_size 32
16 allReduce 2 2610493
16 compute 21530630
16 allToAll 13824 13824 
16 compute 72648414
16 allToAll 13824 13824 
16 compute 20697866
16 comm_size 32
16 allReduce 1 4851053
16 compute 1070088
16 compute 1377
16 allGatherV 176256 176256 176256 176256 176256 176256 176256 176256 176256 176256 176256 176256 176256 176256 176256 176256 176256 176256 176256 176256 176256 176256 176256 176256 176256 176256 176256 176256 176256 176256 176256 0 0 0 176256 352512 528768 705024 881280 1057536 1233792 1410048 1586304 1762560 1938816 2115072 2291328 2467584 2643840 2820096 2996352 3172608 3348864 3525120 3701376 3877632 4053888 4230144 4406400 4582656 4758912 4935168 5111424 5258304 5258304 
16 compute 175829196624
16 comm_size 32
16 allReduce 4 4821573923
16 compute 128288713
16 compute 332
16 allToAllV 25641510 801299 801299 801299 801299 801299 801299 801299 801299 801299 801299 801299 801299 801299 801299 801299 801299 801299 801299 801299 801299 801299 801299 801299 801299 801299 801299 801299 801299 801299 801270 801270 801270  25834985  828930 828930 828930 828930 828930 828930 801299 801299 801299 801299 801299 801299 801299 801299 801299 801299 801299 801299 801299 801299 801299 801299 801299 801299 801299 801299 801299 801299 801299 801299 801299 801299 
16 compute 128241333
16 compute 332
16 allToAllV 25641510 801299 801299 801299 801299 801299 801299 801299 801299 801299 801299 801299 801299 801299 801299 801299 801299 801299 801299 801299 801299 801299 801299 801299 801299 801299 801299 801299 801299 801299 801270 801270 801270  25834985  828930 828930 828930 828930 828930 828930 801299 801299 801299 801299 801299 801299 801299 801299 801299 801299 801299 801299 801299 801299 801299 801299 801299 801299 801299 801299 801299 801299 801299 801299 801299 801299 
16 compute 10046989
16 comm_size 32
16 allReduce 1729832 1147214997
16 compute 10272837758
16 comm_size 32
16 bcast 934 31 0
16 compute 337
16 barrier
16 compute 19316
16 comm_size 32
16 bcast 1729832
16 compute 1564870
16 comm_size 32
16 allReduce 223729 247938469
16 compute 10194817
16 compute 346
16 allToAllV 13097094 414465 414465 414465 414465 414465 414465 414465 414465 414465 414465 414465 414465 414465 414465 414465 414465 414465 414465 414465 414465 414465 414465 414465 414465 414465 386834 386834 386834 386834 386834 386834 386834  13262850  414465 414465 414465 414465 414465 414465 414465 414465 414465 414465 414465 414465 414465 414465 414465 414465 414465 414465 414465 414465 414465 414465 414465 414465 414465 414465 414465 414465 414465 414450 414450 414450 
16 compute 66461496
16 compute 1109
16 gather 133 133 0 
16 compute 31346726556
16 compute 336
16 reduceScatter 176256 176256 176256 176256 176256 176256 176256 176256 176256 176256 176256 176256 176256 176256 176256 176256 176256 176256 176256 176256 176256 176256 176256 176256 176256 176256 176256 176256 176256 176256 0 0 2969372340 
16 compute 25696964
16 comm_size 32
16 allReduce 2 9073
16 compute 21530560
16 allToAll 13824 13824 
16 compute 72648074
16 allToAll 13824 13824 
16 compute 20697547
16 comm_size 32
16 allReduce 1 4292635
16 compute 1064337
16 compute 344
16 allGatherV 176256 176256 176256 176256 176256 176256 176256 176256 176256 176256 176256 176256 176256 176256 176256 176256 176256 176256 176256 176256 176256 176256 176256 176256 176256 176256 176256 176256 176256 176256 176256 0 0 0 176256 352512 528768 705024 881280 1057536 1233792 1410048 1586304 1762560 1938816 2115072 2291328 2467584 2643840 2820096 2996352 3172608 3348864 3525120 3701376 3877632 4053888 4230144 4406400 4582656 4758912 4935168 5111424 5258304 5258304 
16 compute 91012861056
16 comm_size 32
16 allReduce 4 2703145628
16 compute 66332640
16 compute 346
16 allToAllV 13262850 414465 414465 414465 414465 414465 414465 414465 414465 414465 414465 414465 414465 414465 414465 414465 414465 414465 414465 414465 414465 414465 414465 414465 414465 414465 414465 414465 414465 414465 414450 414450 414450  13097094  414465 414465 414465 414465 414465 414465 414465 414465 414465 414465 414465 414465 414465 414465 414465 414465 414465 414465 414465 414465 414465 414465 414465 414465 414465 386834 386834 386834 386834 386834 386834 386834 
16 compute 917644
16 comm_size 32
16 allReduce 223729 151465936
16 compute 11402
16 comm_size 32
16 allReduce 1 34300191
16 compute 10825
16 compute 346
16 allToAllV 13097094 414465 414465 414465 414465 414465 414465 414465 414465 414465 414465 414465 414465 414465 414465 414465 414465 414465 414465 414465 414465 414465 414465 414465 414465 414465 386834 386834 386834 386834 386834 386834 386834  13262850  414465 414465 414465 414465 414465 414465 414465 414465 414465 414465 414465 414465 414465 414465 414465 414465 414465 414465 414465 414465 414465 414465 414465 414465 414465 414465 414465 414465 414465 414450 414450 414450 
16 compute 289943815478
16 comm_size 32
16 allReduce 2 7991649214
16 compute 66335917
16 compute 346
16 allToAllV 13262850 414465 414465 414465 414465 414465 414465 414465 414465 414465 414465 414465 414465 414465 414465 414465 414465 414465 414465 414465 414465 414465 414465 414465 414465 414465 414465 414465 414465 414465 414450 414450 414450  13097094  414465 414465 414465 414465 414465 414465 414465 414465 414465 414465 414465 414465 414465 414465 414465 414465 414465 414465 414465 414465 414465 414465 414465 414465 414465 386834 386834 386834 386834 386834 386834 386834 
16 compute 116083284
16 comm_size 32
16 allReduce 7 15540673
16 compute 210073009
16 comm_size 32
16 allReduce 223729 166469438
16 compute 10180022
16 compute 346
16 allToAllV 13097094 414465 414465 414465 414465 414465 414465 414465 414465 414465 414465 414465 414465 414465 414465 414465 414465 414465 414465 414465 414465 414465 414465 414465 414465 414465 386834 386834 386834 386834 386834 386834 386834  13262850  414465 414465 414465 414465 414465 414465 414465 414465 414465 414465 414465 414465 414465 414465 414465 414465 414465 414465 414465 414465 414465 414465 414465 414465 414465 414465 414465 414465 414465 414450 414450 414450 
16 compute 31413031908
16 compute 336
16 reduceScatter 176256 176256 176256 176256 176256 176256 176256 176256 176256 176256 176256 176256 176256 176256 176256 176256 176256 176256 176256 176256 176256 176256 176256 176256 176256 176256 176256 176256 176256 176256 0 0 3123519593 
16 compute 25798602
16 comm_size 32
16 allReduce 2 1548894
16 compute 21530416
16 allToAll 13824 13824 
16 compute 72648070
16 allToAll 13824 13824 
16 compute 20697550
16 comm_size 32
16 allReduce 1 10068433
16 compute 1064337
16 compute 344
16 allGatherV 176256 176256 176256 176256 176256 176256 176256 176256 176256 176256 176256 176256 176256 176256 176256 176256 176256 176256 176256 176256 176256 176256 176256 176256 176256 176256 176256 176256 176256 176256 176256 0 0 0 176256 352512 528768 705024 881280 1057536 1233792 1410048 1586304 1762560 1938816 2115072 2291328 2467584 2643840 2820096 2996352 3172608 3348864 3525120 3701376 3877632 4053888 4230144 4406400 4582656 4758912 4935168 5111424 5258304 5258304 
16 compute 91012860949
16 comm_size 32
16 allReduce 4 2661800316
16 compute 66332640
16 compute 346
16 allToAllV 13262850 414465 414465 414465 414465 414465 414465 414465 414465 414465 414465 414465 414465 414465 414465 414465 414465 414465 414465 414465 414465 414465 414465 414465 414465 414465 414465 414465 414465 414465 414450 414450 414450  13097094  414465 414465 414465 414465 414465 414465 414465 414465 414465 414465 414465 414465 414465 414465 414465 414465 414465 414465 414465 414465 414465 414465 414465 414465 414465 386834 386834 386834 386834 386834 386834 386834 
16 compute 917642
16 comm_size 32
16 allReduce 223729 165083672
16 compute 11393
16 comm_size 32
16 allReduce 1 69913989
16 compute 10826
16 compute 346
16 allToAllV 13097094 414465 414465 414465 414465 414465 414465 414465 414465 414465 414465 414465 414465 414465 414465 414465 414465 414465 414465 414465 414465 414465 414465 414465 414465 414465 386834 386834 386834 386834 386834 386834 386834  13262850  414465 414465 414465 414465 414465 414465 414465 414465 414465 414465 414465 414465 414465 414465 414465 414465 414465 414465 414465 414465 414465 414465 414465 414465 414465 414465 414465 414465 414465 414450 414450 414450 
16 compute 289943796015
16 comm_size 32
16 allReduce 2 7865847501
16 compute 66335913
16 compute 346
16 allToAllV 13262850 414465 414465 414465 414465 414465 414465 414465 414465 414465 414465 414465 414465 414465 414465 414465 414465 414465 414465 414465 414465 414465 414465 414465 414465 414465 414465 414465 414465 414465 414450 414450 414450  13097094  414465 414465 414465 414465 414465 414465 414465 414465 414465 414465 414465 414465 414465 414465 414465 414465 414465 414465 414465 414465 414465 414465 414465 414465 414465 386834 386834 386834 386834 386834 386834 386834 
16 compute 194474686
16 comm_size 32
16 allReduce 7 17567581
16 compute 445334937
16 comm_size 32
16 allReduce 223729 775789797
16 compute 10180097
16 compute 346
16 allToAllV 13097094 414465 414465 414465 414465 414465 414465 414465 414465 414465 414465 414465 414465 414465 414465 414465 414465 414465 414465 414465 414465 414465 414465 414465 414465 414465 386834 386834 386834 386834 386834 386834 386834  13262850  414465 414465 414465 414465 414465 414465 414465 414465 414465 414465 414465 414465 414465 414465 414465 414465 414465 414465 414465 414465 414465 414465 414465 414465 414465 414465 414465 414465 414465 414450 414450 414450 
16 compute 31413031909
16 compute 336
16 reduceScatter 176256 176256 176256 176256 176256 176256 176256 176256 176256 176256 176256 176256 176256 176256 176256 176256 176256 176256 176256 176256 176256 176256 176256 176256 176256 176256 176256 176256 176256 176256 0 0 5508865324 
16 compute 25770426
16 comm_size 32
16 allReduce 2 3306270
16 compute 21530439
16 allToAll 13824 13824 
16 compute 72648074
16 allToAll 13824 13824 
16 compute 20697548
16 comm_size 32
16 allReduce 1 7738268
16 compute 1064337
16 compute 344
16 allGatherV 176256 176256 176256 176256 176256 176256 176256 176256 176256 176256 176256 176256 176256 176256 176256 176256 176256 176256 176256 176256 176256 176256 176256 176256 176256 176256 176256 176256 176256 176256 176256 0 0 0 176256 352512 528768 705024 881280 1057536 1233792 1410048 1586304 1762560 1938816 2115072 2291328 2467584 2643840 2820096 2996352 3172608 3348864 3525120 3701376 3877632 4053888 4230144 4406400 4582656 4758912 4935168 5111424 5258304 5258304 
16 compute 91012860953
16 comm_size 32
16 allReduce 4 2490069563
16 compute 66332640
16 compute 346
16 allToAllV 13262850 414465 414465 414465 414465 414465 414465 414465 414465 414465 414465 414465 414465 414465 414465 414465 414465 414465 414465 414465 414465 414465 414465 414465 414465 414465 414465 414465 414465 414465 414450 414450 414450  13097094  414465 414465 414465 414465 414465 414465 414465 414465 414465 414465 414465 414465 414465 414465 414465 414465 414465 414465 414465 414465 414465 414465 414465 414465 414465 386834 386834 386834 386834 386834 386834 386834 
16 compute 917644
16 comm_size 32
16 allReduce 223729 284179800
16 compute 11411
16 comm_size 32
16 allReduce 1 33009808
16 compute 10825
16 compute 346
16 allToAllV 13097094 414465 414465 414465 414465 414465 414465 414465 414465 414465 414465 414465 414465 414465 414465 414465 414465 414465 414465 414465 414465 414465 414465 414465 414465 414465 386834 386834 386834 386834 386834 386834 386834  13262850  414465 414465 414465 414465 414465 414465 414465 414465 414465 414465 414465 414465 414465 414465 414465 414465 414465 414465 414465 414465 414465 414465 414465 414465 414465 414465 414465 414465 414465 414450 414450 414450 
16 compute 289943795999
16 comm_size 32
16 allReduce 2 7320833477
16 compute 66335912
16 compute 346
16 allToAllV 13262850 414465 414465 414465 414465 414465 414465 414465 414465 414465 414465 414465 414465 414465 414465 414465 414465 414465 414465 414465 414465 414465 414465 414465 414465 414465 414465 414465 414465 414465 414450 414450 414450  13097094  414465 414465 414465 414465 414465 414465 414465 414465 414465 414465 414465 414465 414465 414465 414465 414465 414465 414465 414465 414465 414465 414465 414465 414465 414465 386834 386834 386834 386834 386834 386834 386834 
16 compute 272891612
16 comm_size 32
16 allReduce 7 36355295
16 compute 602163505
16 comm_size 32
16 allReduce 223729 831515527
16 compute 10180153
16 compute 346
16 allToAllV 13097094 414465 414465 414465 414465 414465 414465 414465 414465 414465 414465 414465 414465 414465 414465 414465 414465 414465 414465 414465 414465 414465 414465 414465 414465 414465 386834 386834 386834 386834 386834 386834 386834  13262850  414465 414465 414465 414465 414465 414465 414465 414465 414465 414465 414465 414465 414465 414465 414465 414465 414465 414465 414465 414465 414465 414465 414465 414465 414465 414465 414465 414465 414465 414450 414450 414450 
16 compute 31413031908
16 compute 336
16 reduceScatter 176256 176256 176256 176256 176256 176256 176256 176256 176256 176256 176256 176256 176256 176256 176256 176256 176256 176256 176256 176256 176256 176256 176256 176256 176256 176256 176256 176256 176256 176256 0 0 6384382137 
16 compute 25803981
16 comm_size 32
16 allReduce 2 4511117
16 compute 21530335
16 allToAll 13824 13824 
16 compute 72648267
16 allToAll 13824 13824 
16 compute 20697667
16 comm_size 32
16 allReduce 1 834650
16 compute 1064359
16 compute 344
16 allGatherV 176256 176256 176256 176256 176256 176256 176256 176256 176256 176256 176256 176256 176256 176256 176256 176256 176256 176256 176256 176256 176256 176256 176256 176256 176256 176256 176256 176256 176256 176256 176256 0 0 0 176256 352512 528768 705024 881280 1057536 1233792 1410048 1586304 1762560 1938816 2115072 2291328 2467584 2643840 2820096 2996352 3172608 3348864 3525120 3701376 3877632 4053888 4230144 4406400 4582656 4758912 4935168 5111424 5258304 5258304 
16 compute 91012724037
16 comm_size 32
16 allReduce 4 2798534074
16 compute 66332675
16 compute 346
16 allToAllV 13262850 414465 414465 414465 414465 414465 414465 414465 414465 414465 414465 414465 414465 414465 414465 414465 414465 414465 414465 414465 414465 414465 414465 414465 414465 414465 414465 414465 414465 414465 414450 414450 414450  13097094  414465 414465 414465 414465 414465 414465 414465 414465 414465 414465 414465 414465 414465 414465 414465 414465 414465 414465 414465 414465 414465 414465 414465 414465 414465 386834 386834 386834 386834 386834 386834 386834 
16 compute 917709
16 comm_size 32
16 allReduce 223729 188217902
16 compute 11416
16 comm_size 32
16 allReduce 1 67751813
16 compute 10859
16 compute 346
16 allToAllV 13097094 414465 414465 414465 414465 414465 414465 414465 414465 414465 414465 414465 414465 414465 414465 414465 414465 414465 414465 414465 414465 414465 414465 414465 414465 414465 386834 386834 386834 386834 386834 386834 386834  13262850  414465 414465 414465 414465 414465 414465 414465 414465 414465 414465 414465 414465 414465 414465 414465 414465 414465 414465 414465 414465 414465 414465 414465 414465 414465 414465 414465 414465 414465 414450 414450 414450 
16 compute 289943794285
16 comm_size 32
16 allReduce 2 7538118861
16 compute 66335934
16 compute 346
16 allToAllV 13262850 414465 414465 414465 414465 414465 414465 414465 414465 414465 414465 414465 414465 414465 414465 414465 414465 414465 414465 414465 414465 414465 414465 414465 414465 414465 414465 414465 414465 414465 414450 414450 414450  13097094  414465 414465 414465 414465 414465 414465 414465 414465 414465 414465 414465 414465 414465 414465 414465 414465 414465 414465 414465 414465 414465 414465 414465 414465 414465 386834 386834 386834 386834 386834 386834 386834 
16 compute 351308620
16 comm_size 32
16 allReduce 7 58157880
16 compute 758998775
16 comm_size 32
16 allReduce 223729 237813768
16 compute 10180543
16 compute 346
16 allToAllV 13097094 414465 414465 414465 414465 414465 414465 414465 414465 414465 414465 414465 414465 414465 414465 414465 414465 414465 414465 414465 414465 414465 414465 414465 414465 414465 386834 386834 386834 386834 386834 386834 386834  13262850  414465 414465 414465 414465 414465 414465 414465 414465 414465 414465 414465 414465 414465 414465 414465 414465 414465 414465 414465 414465 414465 414465 414465 414465 414465 414465 414465 414465 414465 414450 414450 414450 
16 compute 31413031995
16 compute 336
16 reduceScatter 176256 176256 176256 176256 176256 176256 176256 176256 176256 176256 176256 176256 176256 176256 176256 176256 176256 176256 176256 176256 176256 176256 176256 176256 176256 176256 176256 176256 176256 176256 0 0 2628325394 
16 compute 25806971
16 comm_size 32
16 allReduce 2 1744158
16 compute 21530301
16 allToAll 13824 13824 
16 compute 72648262
16 allToAll 13824 13824 
16 compute 20697667
16 comm_size 32
16 allReduce 1 4894931
16 compute 1064359
16 compute 344
16 allGatherV 176256 176256 176256 176256 176256 176256 176256 176256 176256 176256 176256 176256 176256 176256 176256 176256 176256 176256 176256 176256 176256 176256 176256 176256 176256 176256 176256 176256 176256 176256 176256 0 0 0 176256 352512 528768 705024 881280 1057536 1233792 1410048 1586304 1762560 1938816 2115072 2291328 2467584 2643840 2820096 2996352 3172608 3348864 3525120 3701376 3877632 4053888 4230144 4406400 4582656 4758912 4935168 5111424 5258304 5258304 
16 compute 91012724053
16 comm_size 32
16 allReduce 4 2525074234
16 compute 66332673
16 compute 346
16 allToAllV 13262850 414465 414465 414465 414465 414465 414465 414465 414465 414465 414465 414465 414465 414465 414465 414465 414465 414465 414465 414465 414465 414465 414465 414465 414465 414465 414465 414465 414465 414465 414450 414450 414450  13097094  414465 414465 414465 414465 414465 414465 414465 414465 414465 414465 414465 414465 414465 414465 414465 414465 414465 414465 414465 414465 414465 414465 414465 414465 414465 386834 386834 386834 386834 386834 386834 386834 
16 compute 917708
16 comm_size 32
16 allReduce 223729 210808249
16 compute 11415
16 comm_size 32
16 allReduce 1 78313751
16 compute 10859
16 compute 346
16 allToAllV 13097094 414465 414465 414465 414465 414465 414465 414465 414465 414465 414465 414465 414465 414465 414465 414465 414465 414465 414465 414465 414465 414465 414465 414465 414465 414465 386834 386834 386834 386834 386834 386834 386834  13262850  414465 414465 414465 414465 414465 414465 414465 414465 414465 414465 414465 414465 414465 414465 414465 414465 414465 414465 414465 414465 414465 414465 414465 414465 414465 414465 414465 414465 414465 414450 414450 414450 
16 compute 289943794297
16 comm_size 32
16 allReduce 2 7624023227
16 compute 66335934
16 compute 346
16 allToAllV 13262850 414465 414465 414465 414465 414465 414465 414465 414465 414465 414465 414465 414465 414465 414465 414465 414465 414465 414465 414465 414465 414465 414465 414465 414465 414465 414465 414465 414465 414465 414450 414450 414450  13097094  414465 414465 414465 414465 414465 414465 414465 414465 414465 414465 414465 414465 414465 414465 414465 414465 414465 414465 414465 414465 414465 414465 414465 414465 414465 386834 386834 386834 386834 386834 386834 386834 
16 compute 429725550
16 comm_size 32
16 allReduce 7 72706854
16 compute 915834294
16 comm_size 32
16 allReduce 223729 204334307
16 compute 10180509
16 compute 346
16 allToAllV 13097094 414465 414465 414465 414465 414465 414465 414465 414465 414465 414465 414465 414465 414465 414465 414465 414465 414465 414465 414465 414465 414465 414465 414465 414465 414465 386834 386834 386834 386834 386834 386834 386834  13262850  414465 414465 414465 414465 414465 414465 414465 414465 414465 414465 414465 414465 414465 414465 414465 414465 414465 414465 414465 414465 414465 414465 414465 414465 414465 414465 414465 414465 414465 414450 414450 414450 
16 compute 31413031997
16 compute 336
16 reduceScatter 176256 176256 176256 176256 176256 176256 176256 176256 176256 176256 176256 176256 176256 176256 176256 176256 176256 176256 176256 176256 176256 176256 176256 176256 176256 176256 176256 176256 176256 176256 0 0 2527963566 
16 compute 25796658
16 comm_size 32
16 allReduce 2 2594369
16 compute 21530312
16 allToAll 13824 13824 
16 compute 72648265
16 allToAll 13824 13824 
16 compute 20697671
16 comm_size 32
16 allReduce 1 3403741
16 compute 1064359
16 compute 344
16 allGatherV 176256 176256 176256 176256 176256 176256 176256 176256 176256 176256 176256 176256 176256 176256 176256 176256 176256 176256 176256 176256 176256 176256 176256 176256 176256 176256 176256 176256 176256 176256 176256 0 0 0 176256 352512 528768 705024 881280 1057536 1233792 1410048 1586304 1762560 1938816 2115072 2291328 2467584 2643840 2820096 2996352 3172608 3348864 3525120 3701376 3877632 4053888 4230144 4406400 4582656 4758912 4935168 5111424 5258304 5258304 
16 compute 91012724045
16 comm_size 32
16 allReduce 4 2583221201
16 compute 66332673
16 compute 346
16 allToAllV 13262850 414465 414465 414465 414465 414465 414465 414465 414465 414465 414465 414465 414465 414465 414465 414465 414465 414465 414465 414465 414465 414465 414465 414465 414465 414465 414465 414465 414465 414465 414450 414450 414450  13097094  414465 414465 414465 414465 414465 414465 414465 414465 414465 414465 414465 414465 414465 414465 414465 414465 414465 414465 414465 414465 414465 414465 414465 414465 414465 386834 386834 386834 386834 386834 386834 386834 
16 compute 917710
16 comm_size 32
16 allReduce 223729 168609044
16 compute 11415
16 comm_size 32
16 allReduce 1 32557895
16 compute 10858
16 compute 346
16 allToAllV 13097094 414465 414465 414465 414465 414465 414465 414465 414465 414465 414465 414465 414465 414465 414465 414465 414465 414465 414465 414465 414465 414465 414465 414465 414465 414465 386834 386834 386834 386834 386834 386834 386834  13262850  414465 414465 414465 414465 414465 414465 414465 414465 414465 414465 414465 414465 414465 414465 414465 414465 414465 414465 414465 414465 414465 414465 414465 414465 414465 414465 414465 414465 414465 414450 414450 414450 
16 compute 289943794283
16 comm_size 32
16 allReduce 2 7352420898
16 compute 66335934
16 compute 346
16 allToAllV 13262850 414465 414465 414465 414465 414465 414465 414465 414465 414465 414465 414465 414465 414465 414465 414465 414465 414465 414465 414465 414465 414465 414465 414465 414465 414465 414465 414465 414465 414465 414450 414450 414450  13097094  414465 414465 414465 414465 414465 414465 414465 414465 414465 414465 414465 414465 414465 414465 414465 414465 414465 414465 414465 414465 414465 414465 414465 414465 414465 386834 386834 386834 386834 386834 386834 386834 
16 compute 508142465
16 comm_size 32
16 allReduce 7 61194335
16 compute 1020352410
16 comm_size 32
16 allReduce 223729 254321646
16 compute 10180556
16 compute 346
16 allToAllV 13097094 414465 414465 414465 414465 414465 414465 414465 414465 414465 414465 414465 414465 414465 414465 414465 414465 414465 414465 414465 414465 414465 414465 414465 414465 414465 386834 386834 386834 386834 386834 386834 386834  13262850  414465 414465 414465 414465 414465 414465 414465 414465 414465 414465 414465 414465 414465 414465 414465 414465 414465 414465 414465 414465 414465 414465 414465 414465 414465 414465 414465 414465 414465 414450 414450 414450 
16 compute 31413032001
16 compute 336
16 reduceScatter 176256 176256 176256 176256 176256 176256 176256 176256 176256 176256 176256 176256 176256 176256 176256 176256 176256 176256 176256 176256 176256 176256 176256 176256 176256 176256 176256 176256 176256 176256 0 0 2598359682 
16 compute 25806248
16 comm_size 32
16 allReduce 2 1927752
16 compute 21530302
16 allToAll 13824 13824 
16 compute 72648264
16 allToAll 13824 13824 
16 compute 20697666
16 comm_size 32
16 allReduce 1 8816989
16 compute 1064360
16 compute 344
16 allGatherV 176256 176256 176256 176256 176256 176256 176256 176256 176256 176256 176256 176256 176256 176256 176256 176256 176256 176256 176256 176256 176256 176256 176256 176256 176256 176256 176256 176256 176256 176256 176256 0 0 0 176256 352512 528768 705024 881280 1057536 1233792 1410048 1586304 1762560 1938816 2115072 2291328 2467584 2643840 2820096 2996352 3172608 3348864 3525120 3701376 3877632 4053888 4230144 4406400 4582656 4758912 4935168 5111424 5258304 5258304 
16 compute 91012724043
16 comm_size 32
16 allReduce 4 2642332711
16 compute 66332673
16 compute 346
16 allToAllV 13262850 414465 414465 414465 414465 414465 414465 414465 414465 414465 414465 414465 414465 414465 414465 414465 414465 414465 414465 414465 414465 414465 414465 414465 414465 414465 414465 414465 414465 414465 414450 414450 414450  13097094  414465 414465 414465 414465 414465 414465 414465 414465 414465 414465 414465 414465 414465 414465 414465 414465 414465 414465 414465 414465 414465 414465 414465 414465 414465 386834 386834 386834 386834 386834 386834 386834 
16 compute 917708
16 comm_size 32
16 allReduce 223729 186035704
16 compute 11423
16 comm_size 32
16 allReduce 1 51988240
16 compute 10858
16 compute 346
16 allToAllV 13097094 414465 414465 414465 414465 414465 414465 414465 414465 414465 414465 414465 414465 414465 414465 414465 414465 414465 414465 414465 414465 414465 414465 414465 414465 414465 386834 386834 386834 386834 386834 386834 386834  13262850  414465 414465 414465 414465 414465 414465 414465 414465 414465 414465 414465 414465 414465 414465 414465 414465 414465 414465 414465 414465 414465 414465 414465 414465 414465 414465 414465 414465 414465 414450 414450 414450 
16 compute 289943794265
16 comm_size 32
16 allReduce 2 7408602220
16 compute 66335934
16 compute 346
16 allToAllV 13262850 414465 414465 414465 414465 414465 414465 414465 414465 414465 414465 414465 414465 414465 414465 414465 414465 414465 414465 414465 414465 414465 414465 414465 414465 414465 414465 414465 414465 414465 414450 414450 414450  13097094  414465 414465 414465 414465 414465 414465 414465 414465 414465 414465 414465 414465 414465 414465 414465 414465 414465 414465 414465 414465 414465 414465 414465 414465 414465 386834 386834 386834 386834 386834 386834 386834 
16 compute 508117531
16 comm_size 32
16 allReduce 7 69175105
16 compute 1020352577
16 comm_size 32
16 allReduce 223729 249894549
16 compute 10180531
16 compute 346
16 allToAllV 13097094 414465 414465 414465 414465 414465 414465 414465 414465 414465 414465 414465 414465 414465 414465 414465 414465 414465 414465 414465 414465 414465 414465 414465 414465 414465 386834 386834 386834 386834 386834 386834 386834  13262850  414465 414465 414465 414465 414465 414465 414465 414465 414465 414465 414465 414465 414465 414465 414465 414465 414465 414465 414465 414465 414465 414465 414465 414465 414465 414465 414465 414465 414465 414450 414450 414450 
16 compute 31413031999
16 compute 336
16 reduceScatter 176256 176256 176256 176256 176256 176256 176256 176256 176256 176256 176256 176256 176256 176256 176256 176256 176256 176256 176256 176256 176256 176256 176256 176256 176256 176256 176256 176256 176256 176256 0 0 2554599511 
16 compute 25804380
16 comm_size 32
16 allReduce 2 1470701
16 compute 21530313
16 allToAll 13824 13824 
16 compute 72648263
16 allToAll 13824 13824 
16 compute 20697667
16 comm_size 32
16 allReduce 1 2255840
16 compute 1064359
16 compute 344
16 allGatherV 176256 176256 176256 176256 176256 176256 176256 176256 176256 176256 176256 176256 176256 176256 176256 176256 176256 176256 176256 176256 176256 176256 176256 176256 176256 176256 176256 176256 176256 176256 176256 0 0 0 176256 352512 528768 705024 881280 1057536 1233792 1410048 1586304 1762560 1938816 2115072 2291328 2467584 2643840 2820096 2996352 3172608 3348864 3525120 3701376 3877632 4053888 4230144 4406400 4582656 4758912 4935168 5111424 5258304 5258304 
16 compute 91012724048
16 comm_size 32
16 allReduce 4 2816776557
16 compute 66332673
16 compute 346
16 allToAllV 13262850 414465 414465 414465 414465 414465 414465 414465 414465 414465 414465 414465 414465 414465 414465 414465 414465 414465 414465 414465 414465 414465 414465 414465 414465 414465 414465 414465 414465 414465 414450 414450 414450  13097094  414465 414465 414465 414465 414465 414465 414465 414465 414465 414465 414465 414465 414465 414465 414465 414465 414465 414465 414465 414465 414465 414465 414465 414465 414465 386834 386834 386834 386834 386834 386834 386834 
16 compute 917710
16 comm_size 32
16 allReduce 223729 146457539
16 compute 11423
16 comm_size 32
16 allReduce 1 30959497
16 compute 10858
16 compute 346
16 allToAllV 13097094 414465 414465 414465 414465 414465 414465 414465 414465 414465 414465 414465 414465 414465 414465 414465 414465 414465 414465 414465 414465 414465 414465 414465 414465 414465 386834 386834 386834 386834 386834 386834 386834  13262850  414465 414465 414465 414465 414465 414465 414465 414465 414465 414465 414465 414465 414465 414465 414465 414465 414465 414465 414465 414465 414465 414465 414465 414465 414465 414465 414465 414465 414465 414450 414450 414450 
16 compute 289943794257
16 comm_size 32
16 allReduce 2 7751733912
16 compute 66335934
16 compute 346
16 allToAllV 13262850 414465 414465 414465 414465 414465 414465 414465 414465 414465 414465 414465 414465 414465 414465 414465 414465 414465 414465 414465 414465 414465 414465 414465 414465 414465 414465 414465 414465 414465 414450 414450 414450  13097094  414465 414465 414465 414465 414465 414465 414465 414465 414465 414465 414465 414465 414465 414465 414465 414465 414465 414465 414465 414465 414465 414465 414465 414465 414465 386834 386834 386834 386834 386834 386834 386834 
16 compute 508117539
16 comm_size 32
16 allReduce 7 81687775
16 compute 1020352430
16 comm_size 32
16 allReduce 223729 203414644
16 compute 10180551
16 compute 346
16 allToAllV 13097094 414465 414465 414465 414465 414465 414465 414465 414465 414465 414465 414465 414465 414465 414465 414465 414465 414465 414465 414465 414465 414465 414465 414465 414465 414465 386834 386834 386834 386834 386834 386834 386834  13262850  414465 414465 414465 414465 414465 414465 414465 414465 414465 414465 414465 414465 414465 414465 414465 414465 414465 414465 414465 414465 414465 414465 414465 414465 414465 414465 414465 414465 414465 414450 414450 414450 
16 compute 31413031994
16 compute 336
16 reduceScatter 176256 176256 176256 176256 176256 176256 176256 176256 176256 176256 176256 176256 176256 176256 176256 176256 176256 176256 176256 176256 176256 176256 176256 176256 176256 176256 176256 176256 176256 176256 0 0 2523471489 
16 compute 25808226
16 comm_size 32
16 allReduce 2 935879
16 compute 21530302
16 allToAll 13824 13824 
16 compute 72648258
16 allToAll 13824 13824 
16 compute 20697666
16 comm_size 32
16 allReduce 1 4010627
16 compute 1064358
16 compute 344
16 allGatherV 176256 176256 176256 176256 176256 176256 176256 176256 176256 176256 176256 176256 176256 176256 176256 176256 176256 176256 176256 176256 176256 176256 176256 176256 176256 176256 176256 176256 176256 176256 176256 0 0 0 176256 352512 528768 705024 881280 1057536 1233792 1410048 1586304 1762560 1938816 2115072 2291328 2467584 2643840 2820096 2996352 3172608 3348864 3525120 3701376 3877632 4053888 4230144 4406400 4582656 4758912 4935168 5111424 5258304 5258304 
16 compute 91012724048
16 comm_size 32
16 allReduce 4 2625960078
16 compute 66332673
16 compute 346
16 allToAllV 13262850 414465 414465 414465 414465 414465 414465 414465 414465 414465 414465 414465 414465 414465 414465 414465 414465 414465 414465 414465 414465 414465 414465 414465 414465 414465 414465 414465 414465 414465 414450 414450 414450  13097094  414465 414465 414465 414465 414465 414465 414465 414465 414465 414465 414465 414465 414465 414465 414465 414465 414465 414465 414465 414465 414465 414465 414465 414465 414465 386834 386834 386834 386834 386834 386834 386834 
16 compute 917708
16 comm_size 32
16 allReduce 223729 180944018
16 compute 11415
16 comm_size 32
16 allReduce 1 46591885
16 compute 10858
16 compute 346
16 allToAllV 13097094 414465 414465 414465 414465 414465 414465 414465 414465 414465 414465 414465 414465 414465 414465 414465 414465 414465 414465 414465 414465 414465 414465 414465 414465 414465 386834 386834 386834 386834 386834 386834 386834  13262850  414465 414465 414465 414465 414465 414465 414465 414465 414465 414465 414465 414465 414465 414465 414465 414465 414465 414465 414465 414465 414465 414465 414465 414465 414465 414465 414465 414465 414465 414450 414450 414450 
16 compute 289943794259
16 comm_size 32
16 allReduce 2 7305213313
16 compute 66335933
16 compute 346
16 allToAllV 13262850 414465 414465 414465 414465 414465 414465 414465 414465 414465 414465 414465 414465 414465 414465 414465 414465 414465 414465 414465 414465 414465 414465 414465 414465 414465 414465 414465 414465 414465 414450 414450 414450  13097094  414465 414465 414465 414465 414465 414465 414465 414465 414465 414465 414465 414465 414465 414465 414465 414465 414465 414465 414465 414465 414465 414465 414465 414465 414465 386834 386834 386834 386834 386834 386834 386834 
16 compute 508117544
16 comm_size 32
16 allReduce 7 74339738
16 compute 1020352574
16 comm_size 32
16 allReduce 223729 235318954
16 compute 10180515
16 compute 346
16 allToAllV 13097094 414465 414465 414465 414465 414465 414465 414465 414465 414465 414465 414465 414465 414465 414465 414465 414465 414465 414465 414465 414465 414465 414465 414465 414465 414465 386834 386834 386834 386834 386834 386834 386834  13262850  414465 414465 414465 414465 414465 414465 414465 414465 414465 414465 414465 414465 414465 414465 414465 414465 414465 414465 414465 414465 414465 414465 414465 414465 414465 414465 414465 414465 414465 414450 414450 414450 
16 compute 66332484
16 compute 1253
16 gather 133 133 0 
16 compute 31346701790
16 compute 336
16 reduceScatter 176256 176256 176256 176256 176256 176256 176256 176256 176256 176256 176256 176256 176256 176256 176256 176256 176256 176256 176256 176256 176256 176256 176256 176256 176256 176256 176256 176256 176256 176256 0 0 2608394362 
16 compute 25808016
16 comm_size 32
16 allReduce 2 1202859
16 compute 21530022
16 allToAll 13824 13824 
16 compute 72648117
16 allToAll 13824 13824 
16 compute 20697456
16 comm_size 32
16 allReduce 1 4019111
16 compute 1064288
16 compute 344
16 allGatherV 176256 176256 176256 176256 176256 176256 176256 176256 176256 176256 176256 176256 176256 176256 176256 176256 176256 176256 176256 176256 176256 176256 176256 176256 176256 176256 176256 176256 176256 176256 176256 0 0 0 176256 352512 528768 705024 881280 1057536 1233792 1410048 1586304 1762560 1938816 2115072 2291328 2467584 2643840 2820096 2996352 3172608 3348864 3525120 3701376 3877632 4053888 4230144 4406400 4582656 4758912 4935168 5111424 5258304 5258304 
16 compute 91012723717
16 comm_size 32
16 allReduce 4 2683182976
16 compute 66332495
16 compute 346
16 allToAllV 13262850 414465 414465 414465 414465 414465 414465 414465 414465 414465 414465 414465 414465 414465 414465 414465 414465 414465 414465 414465 414465 414465 414465 414465 414465 414465 414465 414465 414465 414465 414450 414450 414450  13097094  414465 414465 414465 414465 414465 414465 414465 414465 414465 414465 414465 414465 414465 414465 414465 414465 414465 414465 414465 414465 414465 414465 414465 414465 414465 386834 386834 386834 386834 386834 386834 386834 
16 compute 910191
16 comm_size 32
16 allReduce 223729 203365840
16 compute 1567865353
16 comm_size 32
16 allReduce 1 59810361
16 compute 9763
16 compute 346
16 allToAllV 13097094 414465 414465 414465 414465 414465 414465 414465 414465 414465 414465 414465 414465 414465 414465 414465 414465 414465 414465 414465 414465 414465 414465 414465 414465 414465 386834 386834 386834 386834 386834 386834 386834  13262850  414465 414465 414465 414465 414465 414465 414465 414465 414465 414465 414465 414465 414465 414465 414465 414465 414465 414465 414465 414465 414465 414465 414465 414465 414465 414465 414465 414465 414465 414450 414450 414450 
16 compute 66332255
16 comm_size 32
16 bcast 473 31 0
16 compute 337
16 barrier
16 compute 31293662717
16 compute 336
16 reduceScatter 176256 176256 176256 176256 176256 176256 176256 176256 176256 176256 176256 176256 176256 176256 176256 176256 176256 176256 176256 176256 176256 176256 176256 176256 176256 176256 176256 176256 176256 176256 0 0 2846206392 
16 compute 21790426
16 allToAll 13824 13824 
16 compute 72648094
16 allToAll 13824 13824 
16 compute 20516527
16 comm_size 32
16 allReduce 1 4226909
16 compute 987
16 comm_size 32
16 allReduce 6 551425
16 compute 4225
16 compute 344
16 allGatherV 176256 176256 176256 176256 176256 176256 176256 176256 176256 176256 176256 176256 176256 176256 176256 176256 176256 176256 176256 176256 176256 176256 176256 176256 176256 176256 176256 176256 176256 176256 176256 0 0 0 176256 352512 528768 705024 881280 1057536 1233792 1410048 1586304 1762560 1938816 2115072 2291328 2467584 2643840 2820096 2996352 3172608 3348864 3525120 3701376 3877632 4053888 4230144 4406400 4582656 4758912 4935168 5111424 5258304 5258304 
16 compute 10316307270
16 comm_size 32
16 allReduce 795 620060865
16 compute 993
16 comm_size 32
16 allReduce 1 1287918
16 compute 47005
16 barrier
16 compute 503729
16 compute 1113
16 gather 133 133 0 
16 compute 2490
16 compute 451
16 gather 3 3 0 
16 compute 87443
16 barrier
16 compute 20470
16 barrier
16 compute 346
16 barrier
16 compute 2654
16 finalize