14 init 1
14 compute 127191
14 compute 2652
14 compute 336606
14 compute 13016123
14 comm_size 32
14 bcast 1
14 compute 25822
14 barrier
14 compute 22435
14 comm_size 32
14 bcast 1
14 compute 24024
14 barrier
14 compute 22608
14 comm_size 32
14 bcast 1
14 compute 23747
14 barrier
14 compute 22526
14 comm_size 32
14 bcast 1
14 compute 23821
14 barrier
14 compute 22610
14 comm_size 32
14 bcast 1
14 compute 23862
14 barrier
14 compute 22684
14 comm_size 32
14 bcast 1
14 compute 23833
14 barrier
14 compute 22627
14 comm_size 32
14 bcast 1
14 compute 23544
14 barrier
14 compute 421
14 barrier
14 compute 168006
14 barrier
14 compute 22629379
14 barrier
14 compute 97193
14 comm_size 32
14 bcast 1
14 compute 377913
14 barrier
14 compute 12633
14 comm_size 32
14 bcast 1
14 compute 46278
14 barrier
14 compute 1018838
14 barrier
14 compute 123086
14 gather 795 795 0 
14 compute 242344291
14 allToAll 1746 1746 
14 compute 276030
14 barrier
14 compute 409270145
14 comm_size 32
14 allReduce 32 21679149 1
14 compute 3038107618
14 compute 1525
14 allToAllV 13262850 414465 414465 414465 414465 414465 414465 414465 414465 414465 414465 414465 414465 414465 414465 414465 414465 414465 414465 414465 414465 414465 414465 414465 414465 414465 414465 414465 414465 414465 414450 414450 414450  13097094  414465 414465 414465 414465 414465 414465 414465 414465 414465 414465 414465 414465 414465 414465 414465 414465 414465 414465 414465 414465 414465 414465 414465 414465 414465 386834 386834 386834 386834 386834 386834 386834 
14 compute 1058646389
14 barrier
14 compute 7748
14 compute 332
14 allToAllV 13097094 414465 414465 414465 414465 414465 414465 414465 414465 414465 414465 414465 414465 414465 414465 414465 414465 414465 414465 414465 414465 414465 414465 414465 414465 414465 386834 386834 386834 386834 386834 386834 386834  13262850  414465 414465 414465 414465 414465 414465 414465 414465 414465 414465 414465 414465 414465 414465 414465 414465 414465 414465 414465 414465 414465 414465 414465 414465 414465 414465 414465 414465 414465 414450 414450 414450 
14 compute 915154403
14 barrier
14 compute 1450254991
14 allToAll 13824 13824 
14 compute 72648708
14 allToAll 13824 13824 
14 compute 20518595
14 comm_size 32
14 allReduce 1 9822
14 compute 1379180697
14 comm_size 32
14 allReduce 795 60372594
14 compute 1501942786
14 comm_size 32
14 allReduce 2 64877886
14 compute 21530677
14 allToAll 13824 13824 
14 compute 72648532
14 allToAll 13824 13824 
14 compute 20517895
14 comm_size 32
14 allReduce 1 3409934
14 compute 73960084
14 comm_size 32
14 allReduce 32 2319543 1
14 compute 60481266385
14 compute 1717
14 reduceScatter 176256 176256 176256 176256 176256 176256 176256 176256 176256 176256 176256 176256 176256 176256 176256 176256 176256 176256 176256 176256 176256 176256 176256 176256 176256 176256 176256 176256 176256 176256 0 0 4218970308 
14 compute 25524737
14 comm_size 32
14 allReduce 2 324816267
14 compute 21530456
14 allToAll 13824 13824 
14 compute 72647124
14 allToAll 13824 13824 
14 compute 20697046
14 comm_size 32
14 allReduce 1 3369912
14 compute 1070099
14 compute 1377
14 allGatherV 176256 176256 176256 176256 176256 176256 176256 176256 176256 176256 176256 176256 176256 176256 176256 176256 176256 176256 176256 176256 176256 176256 176256 176256 176256 176256 176256 176256 176256 176256 176256 0 0 0 176256 352512 528768 705024 881280 1057536 1233792 1410048 1586304 1762560 1938816 2115072 2291328 2467584 2643840 2820096 2996352 3172608 3348864 3525120 3701376 3877632 4053888 4230144 4406400 4582656 4758912 4935168 5111424 5258304 5258304 
14 compute 175827410887
14 comm_size 32
14 allReduce 4 4888193579
14 compute 128288711
14 compute 332
14 allToAllV 25641510 801299 801299 801299 801299 801299 801299 801299 801299 801299 801299 801299 801299 801299 801299 801299 801299 801299 801299 801299 801299 801299 801299 801299 801299 801299 801299 801299 801299 801299 801270 801270 801270  25834985  828930 828930 828930 828930 828930 828930 801299 801299 801299 801299 801299 801299 801299 801299 801299 801299 801299 801299 801299 801299 801299 801299 801299 801299 801299 801299 801299 801299 801299 801299 801299 801299 
14 compute 128241329
14 compute 332
14 allToAllV 25641510 801299 801299 801299 801299 801299 801299 801299 801299 801299 801299 801299 801299 801299 801299 801299 801299 801299 801299 801299 801299 801299 801299 801299 801299 801299 801299 801299 801299 801299 801270 801270 801270  25834985  828930 828930 828930 828930 828930 828930 801299 801299 801299 801299 801299 801299 801299 801299 801299 801299 801299 801299 801299 801299 801299 801299 801299 801299 801299 801299 801299 801299 801299 801299 801299 801299 
14 compute 10047535
14 comm_size 32
14 allReduce 1729832 1146749668
14 compute 10273368304
14 comm_size 32
14 bcast 934 31 0
14 compute 337
14 barrier
14 compute 19101
14 comm_size 32
14 bcast 1729832
14 compute 1564452
14 comm_size 32
14 allReduce 223729 287874700
14 compute 10191793
14 compute 346
14 allToAllV 13097094 414465 414465 414465 414465 414465 414465 414465 414465 414465 414465 414465 414465 414465 414465 414465 414465 414465 414465 414465 414465 414465 414465 414465 414465 414465 386834 386834 386834 386834 386834 386834 386834  13262850  414465 414465 414465 414465 414465 414465 414465 414465 414465 414465 414465 414465 414465 414465 414465 414465 414465 414465 414465 414465 414465 414465 414465 414465 414465 414465 414465 414465 414465 414450 414450 414450 
14 compute 66462023
14 compute 1234
14 gather 133 133 0 
14 compute 31346721950
14 compute 336
14 reduceScatter 176256 176256 176256 176256 176256 176256 176256 176256 176256 176256 176256 176256 176256 176256 176256 176256 176256 176256 176256 176256 176256 176256 176256 176256 176256 176256 176256 176256 176256 176256 0 0 3050140585 
14 compute 25556614
14 comm_size 32
14 allReduce 2 387194871
14 compute 21531100
14 allToAll 13824 13824 
14 compute 72648290
14 allToAll 13824 13824 
14 compute 20697772
14 comm_size 32
14 allReduce 1 3972224
14 compute 1064371
14 compute 344
14 allGatherV 176256 176256 176256 176256 176256 176256 176256 176256 176256 176256 176256 176256 176256 176256 176256 176256 176256 176256 176256 176256 176256 176256 176256 176256 176256 176256 176256 176256 176256 176256 176256 0 0 0 176256 352512 528768 705024 881280 1057536 1233792 1410048 1586304 1762560 1938816 2115072 2291328 2467584 2643840 2820096 2996352 3172608 3348864 3525120 3701376 3877632 4053888 4230144 4406400 4582656 4758912 4935168 5111424 5258304 5258304 
14 compute 91011649373
14 comm_size 32
14 allReduce 4 2910746689
14 compute 66332670
14 compute 346
14 allToAllV 13262850 414465 414465 414465 414465 414465 414465 414465 414465 414465 414465 414465 414465 414465 414465 414465 414465 414465 414465 414465 414465 414465 414465 414465 414465 414465 414465 414465 414465 414465 414450 414450 414450  13097094  414465 414465 414465 414465 414465 414465 414465 414465 414465 414465 414465 414465 414465 414465 414465 414465 414465 414465 414465 414465 414465 414465 414465 414465 414465 386834 386834 386834 386834 386834 386834 386834 
14 compute 917816
14 comm_size 32
14 allReduce 223729 188974566
14 compute 11361
14 comm_size 32
14 allReduce 1 50284355
14 compute 10858
14 compute 346
14 allToAllV 13097094 414465 414465 414465 414465 414465 414465 414465 414465 414465 414465 414465 414465 414465 414465 414465 414465 414465 414465 414465 414465 414465 414465 414465 414465 414465 386834 386834 386834 386834 386834 386834 386834  13262850  414465 414465 414465 414465 414465 414465 414465 414465 414465 414465 414465 414465 414465 414465 414465 414465 414465 414465 414465 414465 414465 414465 414465 414465 414465 414465 414465 414465 414465 414450 414450 414450 
14 compute 289811674791
14 comm_size 32
14 allReduce 2 8801416394
14 compute 66335985
14 compute 346
14 allToAllV 13262850 414465 414465 414465 414465 414465 414465 414465 414465 414465 414465 414465 414465 414465 414465 414465 414465 414465 414465 414465 414465 414465 414465 414465 414465 414465 414465 414465 414465 414465 414450 414450 414450  13097094  414465 414465 414465 414465 414465 414465 414465 414465 414465 414465 414465 414465 414465 414465 414465 414465 414465 414465 414465 414465 414465 414465 414465 414465 414465 386834 386834 386834 386834 386834 386834 386834 
14 compute 116083535
14 comm_size 32
14 allReduce 7 18560353
14 compute 210073091
14 comm_size 32
14 allReduce 223729 153938797
14 compute 10184838
14 compute 346
14 allToAllV 13097094 414465 414465 414465 414465 414465 414465 414465 414465 414465 414465 414465 414465 414465 414465 414465 414465 414465 414465 414465 414465 414465 414465 414465 414465 414465 386834 386834 386834 386834 386834 386834 386834  13262850  414465 414465 414465 414465 414465 414465 414465 414465 414465 414465 414465 414465 414465 414465 414465 414465 414465 414465 414465 414465 414465 414465 414465 414465 414465 414465 414465 414465 414465 414450 414450 414450 
14 compute 31413026591
14 compute 336
14 reduceScatter 176256 176256 176256 176256 176256 176256 176256 176256 176256 176256 176256 176256 176256 176256 176256 176256 176256 176256 176256 176256 176256 176256 176256 176256 176256 176256 176256 176256 176256 176256 0 0 3117504626 
14 compute 25651879
14 comm_size 32
14 allReduce 2 399237260
14 compute 21531090
14 allToAll 13824 13824 
14 compute 72648290
14 allToAll 13824 13824 
14 compute 20697767
14 comm_size 32
14 allReduce 1 8605423
14 compute 1064370
14 compute 344
14 allGatherV 176256 176256 176256 176256 176256 176256 176256 176256 176256 176256 176256 176256 176256 176256 176256 176256 176256 176256 176256 176256 176256 176256 176256 176256 176256 176256 176256 176256 176256 176256 176256 0 0 0 176256 352512 528768 705024 881280 1057536 1233792 1410048 1586304 1762560 1938816 2115072 2291328 2467584 2643840 2820096 2996352 3172608 3348864 3525120 3701376 3877632 4053888 4230144 4406400 4582656 4758912 4935168 5111424 5258304 5258304 
14 compute 91011649263
14 comm_size 32
14 allReduce 4 2831652720
14 compute 66332670
14 compute 346
14 allToAllV 13262850 414465 414465 414465 414465 414465 414465 414465 414465 414465 414465 414465 414465 414465 414465 414465 414465 414465 414465 414465 414465 414465 414465 414465 414465 414465 414465 414465 414465 414465 414450 414450 414450  13097094  414465 414465 414465 414465 414465 414465 414465 414465 414465 414465 414465 414465 414465 414465 414465 414465 414465 414465 414465 414465 414465 414465 414465 414465 414465 386834 386834 386834 386834 386834 386834 386834 
14 compute 917813
14 comm_size 32
14 allReduce 223729 203464404
14 compute 11361
14 comm_size 32
14 allReduce 1 53782648
14 compute 10858
14 compute 346
14 allToAllV 13097094 414465 414465 414465 414465 414465 414465 414465 414465 414465 414465 414465 414465 414465 414465 414465 414465 414465 414465 414465 414465 414465 414465 414465 414465 414465 386834 386834 386834 386834 386834 386834 386834  13262850  414465 414465 414465 414465 414465 414465 414465 414465 414465 414465 414465 414465 414465 414465 414465 414465 414465 414465 414465 414465 414465 414465 414465 414465 414465 414465 414465 414465 414465 414450 414450 414450 
14 compute 289811658316
14 comm_size 32
14 allReduce 2 8680272202
14 compute 66335980
14 compute 346
14 allToAllV 13262850 414465 414465 414465 414465 414465 414465 414465 414465 414465 414465 414465 414465 414465 414465 414465 414465 414465 414465 414465 414465 414465 414465 414465 414465 414465 414465 414465 414465 414465 414450 414450 414450  13097094  414465 414465 414465 414465 414465 414465 414465 414465 414465 414465 414465 414465 414465 414465 414465 414465 414465 414465 414465 414465 414465 414465 414465 414465 414465 386834 386834 386834 386834 386834 386834 386834 
14 compute 194474936
14 comm_size 32
14 allReduce 7 19202018
14 compute 445335096
14 comm_size 32
14 allReduce 223729 793730982
14 compute 10184711
14 compute 346
14 allToAllV 13097094 414465 414465 414465 414465 414465 414465 414465 414465 414465 414465 414465 414465 414465 414465 414465 414465 414465 414465 414465 414465 414465 414465 414465 414465 414465 386834 386834 386834 386834 386834 386834 386834  13262850  414465 414465 414465 414465 414465 414465 414465 414465 414465 414465 414465 414465 414465 414465 414465 414465 414465 414465 414465 414465 414465 414465 414465 414465 414465 414465 414465 414465 414465 414450 414450 414450 
14 compute 31413026702
14 compute 336
14 reduceScatter 176256 176256 176256 176256 176256 176256 176256 176256 176256 176256 176256 176256 176256 176256 176256 176256 176256 176256 176256 176256 176256 176256 176256 176256 176256 176256 176256 176256 176256 176256 0 0 5520490425 
14 compute 25569516
14 comm_size 32
14 allReduce 2 854358943
14 compute 21530993
14 allToAll 13824 13824 
14 compute 72648290
14 allToAll 13824 13824 
14 compute 20697743
14 comm_size 32
14 allReduce 1 9743494
14 compute 1064367
14 compute 344
14 allGatherV 176256 176256 176256 176256 176256 176256 176256 176256 176256 176256 176256 176256 176256 176256 176256 176256 176256 176256 176256 176256 176256 176256 176256 176256 176256 176256 176256 176256 176256 176256 176256 0 0 0 176256 352512 528768 705024 881280 1057536 1233792 1410048 1586304 1762560 1938816 2115072 2291328 2467584 2643840 2820096 2996352 3172608 3348864 3525120 3701376 3877632 4053888 4230144 4406400 4582656 4758912 4935168 5111424 5258304 5258304 
14 compute 91011648545
14 comm_size 32
14 allReduce 4 2744297159
14 compute 66332670
14 compute 346
14 allToAllV 13262850 414465 414465 414465 414465 414465 414465 414465 414465 414465 414465 414465 414465 414465 414465 414465 414465 414465 414465 414465 414465 414465 414465 414465 414465 414465 414465 414465 414465 414465 414450 414450 414450  13097094  414465 414465 414465 414465 414465 414465 414465 414465 414465 414465 414465 414465 414465 414465 414465 414465 414465 414465 414465 414465 414465 414465 414465 414465 414465 386834 386834 386834 386834 386834 386834 386834 
14 compute 917806
14 comm_size 32
14 allReduce 223729 288744136
14 compute 11357
14 comm_size 32
14 allReduce 1 90461225
14 compute 10858
14 compute 346
14 allToAllV 13097094 414465 414465 414465 414465 414465 414465 414465 414465 414465 414465 414465 414465 414465 414465 414465 414465 414465 414465 414465 414465 414465 414465 414465 414465 414465 386834 386834 386834 386834 386834 386834 386834  13262850  414465 414465 414465 414465 414465 414465 414465 414465 414465 414465 414465 414465 414465 414465 414465 414465 414465 414465 414465 414465 414465 414465 414465 414465 414465 414465 414465 414465 414465 414450 414450 414450 
14 compute 289811655854
14 comm_size 32
14 allReduce 2 8086110832
14 compute 66335980
14 compute 346
14 allToAllV 13262850 414465 414465 414465 414465 414465 414465 414465 414465 414465 414465 414465 414465 414465 414465 414465 414465 414465 414465 414465 414465 414465 414465 414465 414465 414465 414465 414465 414465 414465 414450 414450 414450  13097094  414465 414465 414465 414465 414465 414465 414465 414465 414465 414465 414465 414465 414465 414465 414465 414465 414465 414465 414465 414465 414465 414465 414465 414465 414465 386834 386834 386834 386834 386834 386834 386834 
14 compute 272891864
14 comm_size 32
14 allReduce 7 35533163
14 compute 602163473
14 comm_size 32
14 allReduce 223729 835268038
14 compute 10184557
14 compute 346
14 allToAllV 13097094 414465 414465 414465 414465 414465 414465 414465 414465 414465 414465 414465 414465 414465 414465 414465 414465 414465 414465 414465 414465 414465 414465 414465 414465 414465 386834 386834 386834 386834 386834 386834 386834  13262850  414465 414465 414465 414465 414465 414465 414465 414465 414465 414465 414465 414465 414465 414465 414465 414465 414465 414465 414465 414465 414465 414465 414465 414465 414465 414465 414465 414465 414465 414450 414450 414450 
14 compute 31413026595
14 compute 336
14 reduceScatter 176256 176256 176256 176256 176256 176256 176256 176256 176256 176256 176256 176256 176256 176256 176256 176256 176256 176256 176256 176256 176256 176256 176256 176256 176256 176256 176256 176256 176256 176256 0 0 6167772541 
14 compute 25609586
14 comm_size 32
14 allReduce 2 439830316
14 compute 21530981
14 allToAll 13824 13824 
14 compute 72648291
14 allToAll 13824 13824 
14 compute 20697743
14 comm_size 32
14 allReduce 1 1553649
14 compute 1064367
14 compute 344
14 allGatherV 176256 176256 176256 176256 176256 176256 176256 176256 176256 176256 176256 176256 176256 176256 176256 176256 176256 176256 176256 176256 176256 176256 176256 176256 176256 176256 176256 176256 176256 176256 176256 0 0 0 176256 352512 528768 705024 881280 1057536 1233792 1410048 1586304 1762560 1938816 2115072 2291328 2467584 2643840 2820096 2996352 3172608 3348864 3525120 3701376 3877632 4053888 4230144 4406400 4582656 4758912 4935168 5111424 5258304 5258304 
14 compute 91011648541
14 comm_size 32
14 allReduce 4 2954013831
14 compute 66332672
14 compute 346
14 allToAllV 13262850 414465 414465 414465 414465 414465 414465 414465 414465 414465 414465 414465 414465 414465 414465 414465 414465 414465 414465 414465 414465 414465 414465 414465 414465 414465 414465 414465 414465 414465 414450 414450 414450  13097094  414465 414465 414465 414465 414465 414465 414465 414465 414465 414465 414465 414465 414465 414465 414465 414465 414465 414465 414465 414465 414465 414465 414465 414465 414465 386834 386834 386834 386834 386834 386834 386834 
14 compute 917806
14 comm_size 32
14 allReduce 223729 168765756
14 compute 11357
14 comm_size 32
14 allReduce 1 40518527
14 compute 10858
14 compute 346
14 allToAllV 13097094 414465 414465 414465 414465 414465 414465 414465 414465 414465 414465 414465 414465 414465 414465 414465 414465 414465 414465 414465 414465 414465 414465 414465 414465 414465 386834 386834 386834 386834 386834 386834 386834  13262850  414465 414465 414465 414465 414465 414465 414465 414465 414465 414465 414465 414465 414465 414465 414465 414465 414465 414465 414465 414465 414465 414465 414465 414465 414465 414465 414465 414465 414465 414450 414450 414450 
14 compute 289811655871
14 comm_size 32
14 allReduce 2 8240005179
14 compute 66335980
14 compute 346
14 allToAllV 13262850 414465 414465 414465 414465 414465 414465 414465 414465 414465 414465 414465 414465 414465 414465 414465 414465 414465 414465 414465 414465 414465 414465 414465 414465 414465 414465 414465 414465 414465 414450 414450 414450  13097094  414465 414465 414465 414465 414465 414465 414465 414465 414465 414465 414465 414465 414465 414465 414465 414465 414465 414465 414465 414465 414465 414465 414465 414465 414465 386834 386834 386834 386834 386834 386834 386834 
14 compute 351308787
14 comm_size 32
14 allReduce 7 46595321
14 compute 758998800
14 comm_size 32
14 allReduce 223729 250706779
14 compute 10184545
14 compute 346
14 allToAllV 13097094 414465 414465 414465 414465 414465 414465 414465 414465 414465 414465 414465 414465 414465 414465 414465 414465 414465 414465 414465 414465 414465 414465 414465 414465 414465 386834 386834 386834 386834 386834 386834 386834  13262850  414465 414465 414465 414465 414465 414465 414465 414465 414465 414465 414465 414465 414465 414465 414465 414465 414465 414465 414465 414465 414465 414465 414465 414465 414465 414465 414465 414465 414465 414450 414450 414450 
14 compute 31413026703
14 compute 336
14 reduceScatter 176256 176256 176256 176256 176256 176256 176256 176256 176256 176256 176256 176256 176256 176256 176256 176256 176256 176256 176256 176256 176256 176256 176256 176256 176256 176256 176256 176256 176256 176256 0 0 2615363405 
14 compute 25619308
14 comm_size 32
14 allReduce 2 391643324
14 compute 21530983
14 allToAll 13824 13824 
14 compute 72648290
14 allToAll 13824 13824 
14 compute 20697743
14 comm_size 32
14 allReduce 1 5828883
14 compute 1064367
14 compute 344
14 allGatherV 176256 176256 176256 176256 176256 176256 176256 176256 176256 176256 176256 176256 176256 176256 176256 176256 176256 176256 176256 176256 176256 176256 176256 176256 176256 176256 176256 176256 176256 176256 176256 0 0 0 176256 352512 528768 705024 881280 1057536 1233792 1410048 1586304 1762560 1938816 2115072 2291328 2467584 2643840 2820096 2996352 3172608 3348864 3525120 3701376 3877632 4053888 4230144 4406400 4582656 4758912 4935168 5111424 5258304 5258304 
14 compute 91011648555
14 comm_size 32
14 allReduce 4 2724167950
14 compute 66332670
14 compute 346
14 allToAllV 13262850 414465 414465 414465 414465 414465 414465 414465 414465 414465 414465 414465 414465 414465 414465 414465 414465 414465 414465 414465 414465 414465 414465 414465 414465 414465 414465 414465 414465 414465 414450 414450 414450  13097094  414465 414465 414465 414465 414465 414465 414465 414465 414465 414465 414465 414465 414465 414465 414465 414465 414465 414465 414465 414465 414465 414465 414465 414465 414465 386834 386834 386834 386834 386834 386834 386834 
14 compute 917806
14 comm_size 32
14 allReduce 223729 204901114
14 compute 11357
14 comm_size 32
14 allReduce 1 44670085
14 compute 10858
14 compute 346
14 allToAllV 13097094 414465 414465 414465 414465 414465 414465 414465 414465 414465 414465 414465 414465 414465 414465 414465 414465 414465 414465 414465 414465 414465 414465 414465 414465 414465 386834 386834 386834 386834 386834 386834 386834  13262850  414465 414465 414465 414465 414465 414465 414465 414465 414465 414465 414465 414465 414465 414465 414465 414465 414465 414465 414465 414465 414465 414465 414465 414465 414465 414465 414465 414465 414465 414450 414450 414450 
14 compute 289811655875
14 comm_size 32
14 allReduce 2 8481603911
14 compute 66335980
14 compute 346
14 allToAllV 13262850 414465 414465 414465 414465 414465 414465 414465 414465 414465 414465 414465 414465 414465 414465 414465 414465 414465 414465 414465 414465 414465 414465 414465 414465 414465 414465 414465 414465 414465 414450 414450 414450  13097094  414465 414465 414465 414465 414465 414465 414465 414465 414465 414465 414465 414465 414465 414465 414465 414465 414465 414465 414465 414465 414465 414465 414465 414465 414465 386834 386834 386834 386834 386834 386834 386834 
14 compute 429725716
14 comm_size 32
14 allReduce 7 27490297
14 compute 915834434
14 comm_size 32
14 allReduce 223729 238839961
14 compute 10184578
14 compute 346
14 allToAllV 13097094 414465 414465 414465 414465 414465 414465 414465 414465 414465 414465 414465 414465 414465 414465 414465 414465 414465 414465 414465 414465 414465 414465 414465 414465 414465 386834 386834 386834 386834 386834 386834 386834  13262850  414465 414465 414465 414465 414465 414465 414465 414465 414465 414465 414465 414465 414465 414465 414465 414465 414465 414465 414465 414465 414465 414465 414465 414465 414465 414465 414465 414465 414465 414450 414450 414450 
14 compute 31413026592
14 compute 336
14 reduceScatter 176256 176256 176256 176256 176256 176256 176256 176256 176256 176256 176256 176256 176256 176256 176256 176256 176256 176256 176256 176256 176256 176256 176256 176256 176256 176256 176256 176256 176256 176256 0 0 2525274371 
14 compute 25611968
14 comm_size 32
14 allReduce 2 394382922
14 compute 21530982
14 allToAll 13824 13824 
14 compute 72648290
14 allToAll 13824 13824 
14 compute 20697743
14 comm_size 32
14 allReduce 1 2759599
14 compute 1064367
14 compute 344
14 allGatherV 176256 176256 176256 176256 176256 176256 176256 176256 176256 176256 176256 176256 176256 176256 176256 176256 176256 176256 176256 176256 176256 176256 176256 176256 176256 176256 176256 176256 176256 176256 176256 0 0 0 176256 352512 528768 705024 881280 1057536 1233792 1410048 1586304 1762560 1938816 2115072 2291328 2467584 2643840 2820096 2996352 3172608 3348864 3525120 3701376 3877632 4053888 4230144 4406400 4582656 4758912 4935168 5111424 5258304 5258304 
14 compute 91011648550
14 comm_size 32
14 allReduce 4 2762067851
14 compute 66332670
14 compute 346
14 allToAllV 13262850 414465 414465 414465 414465 414465 414465 414465 414465 414465 414465 414465 414465 414465 414465 414465 414465 414465 414465 414465 414465 414465 414465 414465 414465 414465 414465 414465 414465 414465 414450 414450 414450  13097094  414465 414465 414465 414465 414465 414465 414465 414465 414465 414465 414465 414465 414465 414465 414465 414465 414465 414465 414465 414465 414465 414465 414465 414465 414465 386834 386834 386834 386834 386834 386834 386834 
14 compute 917806
14 comm_size 32
14 allReduce 223729 164962628
14 compute 11357
14 comm_size 32
14 allReduce 1 61830921
14 compute 10858
14 compute 346
14 allToAllV 13097094 414465 414465 414465 414465 414465 414465 414465 414465 414465 414465 414465 414465 414465 414465 414465 414465 414465 414465 414465 414465 414465 414465 414465 414465 414465 386834 386834 386834 386834 386834 386834 386834  13262850  414465 414465 414465 414465 414465 414465 414465 414465 414465 414465 414465 414465 414465 414465 414465 414465 414465 414465 414465 414465 414465 414465 414465 414465 414465 414465 414465 414465 414465 414450 414450 414450 
14 compute 289811655876
14 comm_size 32
14 allReduce 2 8030269940
14 compute 66335980
14 compute 346
14 allToAllV 13262850 414465 414465 414465 414465 414465 414465 414465 414465 414465 414465 414465 414465 414465 414465 414465 414465 414465 414465 414465 414465 414465 414465 414465 414465 414465 414465 414465 414465 414465 414450 414450 414450  13097094  414465 414465 414465 414465 414465 414465 414465 414465 414465 414465 414465 414465 414465 414465 414465 414465 414465 414465 414465 414465 414465 414465 414465 414465 414465 386834 386834 386834 386834 386834 386834 386834 
14 compute 508142636
14 comm_size 32
14 allReduce 7 32502436
14 compute 1020352430
14 comm_size 32
14 allReduce 223729 272743001
14 compute 10184752
14 compute 346
14 allToAllV 13097094 414465 414465 414465 414465 414465 414465 414465 414465 414465 414465 414465 414465 414465 414465 414465 414465 414465 414465 414465 414465 414465 414465 414465 414465 414465 386834 386834 386834 386834 386834 386834 386834  13262850  414465 414465 414465 414465 414465 414465 414465 414465 414465 414465 414465 414465 414465 414465 414465 414465 414465 414465 414465 414465 414465 414465 414465 414465 414465 414465 414465 414465 414465 414450 414450 414450 
14 compute 31413026593
14 compute 336
14 reduceScatter 176256 176256 176256 176256 176256 176256 176256 176256 176256 176256 176256 176256 176256 176256 176256 176256 176256 176256 176256 176256 176256 176256 176256 176256 176256 176256 176256 176256 176256 176256 0 0 2675657822 
14 compute 25888686
14 comm_size 32
14 allReduce 2 403711732
14 compute 21530983
14 allToAll 13824 13824 
14 compute 72648292
14 allToAll 13824 13824 
14 compute 20697743
14 comm_size 32
14 allReduce 1 9315595
14 compute 1064367
14 compute 344
14 allGatherV 176256 176256 176256 176256 176256 176256 176256 176256 176256 176256 176256 176256 176256 176256 176256 176256 176256 176256 176256 176256 176256 176256 176256 176256 176256 176256 176256 176256 176256 176256 176256 0 0 0 176256 352512 528768 705024 881280 1057536 1233792 1410048 1586304 1762560 1938816 2115072 2291328 2467584 2643840 2820096 2996352 3172608 3348864 3525120 3701376 3877632 4053888 4230144 4406400 4582656 4758912 4935168 5111424 5258304 5258304 
14 compute 91011648558
14 comm_size 32
14 allReduce 4 2837496353
14 compute 66332670
14 compute 346
14 allToAllV 13262850 414465 414465 414465 414465 414465 414465 414465 414465 414465 414465 414465 414465 414465 414465 414465 414465 414465 414465 414465 414465 414465 414465 414465 414465 414465 414465 414465 414465 414465 414450 414450 414450  13097094  414465 414465 414465 414465 414465 414465 414465 414465 414465 414465 414465 414465 414465 414465 414465 414465 414465 414465 414465 414465 414465 414465 414465 414465 414465 386834 386834 386834 386834 386834 386834 386834 
14 compute 917806
14 comm_size 32
14 allReduce 223729 171611360
14 compute 11357
14 comm_size 32
14 allReduce 1 59727878
14 compute 10858
14 compute 346
14 allToAllV 13097094 414465 414465 414465 414465 414465 414465 414465 414465 414465 414465 414465 414465 414465 414465 414465 414465 414465 414465 414465 414465 414465 414465 414465 414465 414465 386834 386834 386834 386834 386834 386834 386834  13262850  414465 414465 414465 414465 414465 414465 414465 414465 414465 414465 414465 414465 414465 414465 414465 414465 414465 414465 414465 414465 414465 414465 414465 414465 414465 414465 414465 414465 414465 414450 414450 414450 
14 compute 289811655856
14 comm_size 32
14 allReduce 2 8146361569
14 compute 66335980
14 compute 346
14 allToAllV 13262850 414465 414465 414465 414465 414465 414465 414465 414465 414465 414465 414465 414465 414465 414465 414465 414465 414465 414465 414465 414465 414465 414465 414465 414465 414465 414465 414465 414465 414465 414450 414450 414450  13097094  414465 414465 414465 414465 414465 414465 414465 414465 414465 414465 414465 414465 414465 414465 414465 414465 414465 414465 414465 414465 414465 414465 414465 414465 414465 386834 386834 386834 386834 386834 386834 386834 
14 compute 508117704
14 comm_size 32
14 allReduce 7 67740098
14 compute 1020352597
14 comm_size 32
14 allReduce 223729 237243954
14 compute 10184736
14 compute 346
14 allToAllV 13097094 414465 414465 414465 414465 414465 414465 414465 414465 414465 414465 414465 414465 414465 414465 414465 414465 414465 414465 414465 414465 414465 414465 414465 414465 414465 386834 386834 386834 386834 386834 386834 386834  13262850  414465 414465 414465 414465 414465 414465 414465 414465 414465 414465 414465 414465 414465 414465 414465 414465 414465 414465 414465 414465 414465 414465 414465 414465 414465 414465 414465 414465 414465 414450 414450 414450 
14 compute 31413026705
14 compute 336
14 reduceScatter 176256 176256 176256 176256 176256 176256 176256 176256 176256 176256 176256 176256 176256 176256 176256 176256 176256 176256 176256 176256 176256 176256 176256 176256 176256 176256 176256 176256 176256 176256 0 0 2581031731 
14 compute 25620511
14 comm_size 32
14 allReduce 2 397377468
14 compute 21530994
14 allToAll 13824 13824 
14 compute 72648296
14 allToAll 13824 13824 
14 compute 20697745
14 comm_size 32
14 allReduce 1 4052577
14 compute 1064367
14 compute 344
14 allGatherV 176256 176256 176256 176256 176256 176256 176256 176256 176256 176256 176256 176256 176256 176256 176256 176256 176256 176256 176256 176256 176256 176256 176256 176256 176256 176256 176256 176256 176256 176256 176256 0 0 0 176256 352512 528768 705024 881280 1057536 1233792 1410048 1586304 1762560 1938816 2115072 2291328 2467584 2643840 2820096 2996352 3172608 3348864 3525120 3701376 3877632 4053888 4230144 4406400 4582656 4758912 4935168 5111424 5258304 5258304 
14 compute 91011648557
14 comm_size 32
14 allReduce 4 3010301773
14 compute 66332670
14 compute 346
14 allToAllV 13262850 414465 414465 414465 414465 414465 414465 414465 414465 414465 414465 414465 414465 414465 414465 414465 414465 414465 414465 414465 414465 414465 414465 414465 414465 414465 414465 414465 414465 414465 414450 414450 414450  13097094  414465 414465 414465 414465 414465 414465 414465 414465 414465 414465 414465 414465 414465 414465 414465 414465 414465 414465 414465 414465 414465 414465 414465 414465 414465 386834 386834 386834 386834 386834 386834 386834 
14 compute 917806
14 comm_size 32
14 allReduce 223729 154590930
14 compute 11349
14 comm_size 32
14 allReduce 1 40571345
14 compute 10858
14 compute 346
14 allToAllV 13097094 414465 414465 414465 414465 414465 414465 414465 414465 414465 414465 414465 414465 414465 414465 414465 414465 414465 414465 414465 414465 414465 414465 414465 414465 414465 386834 386834 386834 386834 386834 386834 386834  13262850  414465 414465 414465 414465 414465 414465 414465 414465 414465 414465 414465 414465 414465 414465 414465 414465 414465 414465 414465 414465 414465 414465 414465 414465 414465 414465 414465 414465 414465 414450 414450 414450 
14 compute 289811655835
14 comm_size 32
14 allReduce 2 8481893167
14 compute 66335981
14 compute 346
14 allToAllV 13262850 414465 414465 414465 414465 414465 414465 414465 414465 414465 414465 414465 414465 414465 414465 414465 414465 414465 414465 414465 414465 414465 414465 414465 414465 414465 414465 414465 414465 414465 414450 414450 414450  13097094  414465 414465 414465 414465 414465 414465 414465 414465 414465 414465 414465 414465 414465 414465 414465 414465 414465 414465 414465 414465 414465 414465 414465 414465 414465 386834 386834 386834 386834 386834 386834 386834 
14 compute 508117705
14 comm_size 32
14 allReduce 7 85039108
14 compute 1020352453
14 comm_size 32
14 allReduce 223729 187748278
14 compute 10184663
14 compute 346
14 allToAllV 13097094 414465 414465 414465 414465 414465 414465 414465 414465 414465 414465 414465 414465 414465 414465 414465 414465 414465 414465 414465 414465 414465 414465 414465 414465 414465 386834 386834 386834 386834 386834 386834 386834  13262850  414465 414465 414465 414465 414465 414465 414465 414465 414465 414465 414465 414465 414465 414465 414465 414465 414465 414465 414465 414465 414465 414465 414465 414465 414465 414465 414465 414465 414465 414450 414450 414450 
14 compute 31413026704
14 compute 336
14 reduceScatter 176256 176256 176256 176256 176256 176256 176256 176256 176256 176256 176256 176256 176256 176256 176256 176256 176256 176256 176256 176256 176256 176256 176256 176256 176256 176256 176256 176256 176256 176256 0 0 2598068323 
14 compute 25624411
14 comm_size 32
14 allReduce 2 402274221
14 compute 21530994
14 allToAll 13824 13824 
14 compute 72648290
14 allToAll 13824 13824 
14 compute 20697743
14 comm_size 32
14 allReduce 1 4371823
14 compute 1064367
14 compute 344
14 allGatherV 176256 176256 176256 176256 176256 176256 176256 176256 176256 176256 176256 176256 176256 176256 176256 176256 176256 176256 176256 176256 176256 176256 176256 176256 176256 176256 176256 176256 176256 176256 176256 0 0 0 176256 352512 528768 705024 881280 1057536 1233792 1410048 1586304 1762560 1938816 2115072 2291328 2467584 2643840 2820096 2996352 3172608 3348864 3525120 3701376 3877632 4053888 4230144 4406400 4582656 4758912 4935168 5111424 5258304 5258304 
14 compute 91011648559
14 comm_size 32
14 allReduce 4 2860523556
14 compute 66332670
14 compute 346
14 allToAllV 13262850 414465 414465 414465 414465 414465 414465 414465 414465 414465 414465 414465 414465 414465 414465 414465 414465 414465 414465 414465 414465 414465 414465 414465 414465 414465 414465 414465 414465 414465 414450 414450 414450  13097094  414465 414465 414465 414465 414465 414465 414465 414465 414465 414465 414465 414465 414465 414465 414465 414465 414465 414465 414465 414465 414465 414465 414465 414465 414465 386834 386834 386834 386834 386834 386834 386834 
14 compute 917806
14 comm_size 32
14 allReduce 223729 198144747
14 compute 11357
14 comm_size 32
14 allReduce 1 50540527
14 compute 10858
14 compute 346
14 allToAllV 13097094 414465 414465 414465 414465 414465 414465 414465 414465 414465 414465 414465 414465 414465 414465 414465 414465 414465 414465 414465 414465 414465 414465 414465 414465 414465 386834 386834 386834 386834 386834 386834 386834  13262850  414465 414465 414465 414465 414465 414465 414465 414465 414465 414465 414465 414465 414465 414465 414465 414465 414465 414465 414465 414465 414465 414465 414465 414465 414465 414465 414465 414465 414465 414450 414450 414450 
14 compute 289811655868
14 comm_size 32
14 allReduce 2 8062286259
14 compute 66335980
14 compute 346
14 allToAllV 13262850 414465 414465 414465 414465 414465 414465 414465 414465 414465 414465 414465 414465 414465 414465 414465 414465 414465 414465 414465 414465 414465 414465 414465 414465 414465 414465 414465 414465 414465 414450 414450 414450  13097094  414465 414465 414465 414465 414465 414465 414465 414465 414465 414465 414465 414465 414465 414465 414465 414465 414465 414465 414465 414465 414465 414465 414465 414465 414465 386834 386834 386834 386834 386834 386834 386834 
14 compute 508117710
14 comm_size 32
14 allReduce 7 87593594
14 compute 1020352596
14 comm_size 32
14 allReduce 223729 250308899
14 compute 10184790
14 compute 346
14 allToAllV 13097094 414465 414465 414465 414465 414465 414465 414465 414465 414465 414465 414465 414465 414465 414465 414465 414465 414465 414465 414465 414465 414465 414465 414465 414465 414465 386834 386834 386834 386834 386834 386834 386834  13262850  414465 414465 414465 414465 414465 414465 414465 414465 414465 414465 414465 414465 414465 414465 414465 414465 414465 414465 414465 414465 414465 414465 414465 414465 414465 414465 414465 414465 414465 414450 414450 414450 
14 compute 66332535
14 compute 1233
14 gather 133 133 0 
14 compute 31346696470
14 compute 336
14 reduceScatter 176256 176256 176256 176256 176256 176256 176256 176256 176256 176256 176256 176256 176256 176256 176256 176256 176256 176256 176256 176256 176256 176256 176256 176256 176256 176256 176256 176256 176256 176256 0 0 2700157674 
14 compute 25626179
14 comm_size 32
14 allReduce 2 393856464
14 compute 21530973
14 allToAll 13824 13824 
14 compute 72648173
14 allToAll 13824 13824 
14 compute 20697729
14 comm_size 32
14 allReduce 1 3510415
14 compute 1064388
14 compute 344
14 allGatherV 176256 176256 176256 176256 176256 176256 176256 176256 176256 176256 176256 176256 176256 176256 176256 176256 176256 176256 176256 176256 176256 176256 176256 176256 176256 176256 176256 176256 176256 176256 176256 0 0 0 176256 352512 528768 705024 881280 1057536 1233792 1410048 1586304 1762560 1938816 2115072 2291328 2467584 2643840 2820096 2996352 3172608 3348864 3525120 3701376 3877632 4053888 4230144 4406400 4582656 4758912 4935168 5111424 5258304 5258304 
14 compute 91011648647
14 comm_size 32
14 allReduce 4 2874610534
14 compute 66332627
14 compute 346
14 allToAllV 13262850 414465 414465 414465 414465 414465 414465 414465 414465 414465 414465 414465 414465 414465 414465 414465 414465 414465 414465 414465 414465 414465 414465 414465 414465 414465 414465 414465 414465 414465 414450 414450 414450  13097094  414465 414465 414465 414465 414465 414465 414465 414465 414465 414465 414465 414465 414465 414465 414465 414465 414465 414465 414465 414465 414465 414465 414465 414465 414465 386834 386834 386834 386834 386834 386834 386834 
14 compute 910370
14 comm_size 32
14 allReduce 223729 211919742
14 compute 1567876437
14 comm_size 32
14 allReduce 1 50663141
14 compute 9890
14 compute 346
14 allToAllV 13097094 414465 414465 414465 414465 414465 414465 414465 414465 414465 414465 414465 414465 414465 414465 414465 414465 414465 414465 414465 414465 414465 414465 414465 414465 414465 386834 386834 386834 386834 386834 386834 386834  13262850  414465 414465 414465 414465 414465 414465 414465 414465 414465 414465 414465 414465 414465 414465 414465 414465 414465 414465 414465 414465 414465 414465 414465 414465 414465 414465 414465 414465 414465 414450 414450 414450 
14 compute 66332429
14 comm_size 32
14 bcast 473 31 0
14 compute 337
14 barrier
14 compute 31293656319
14 compute 336
14 reduceScatter 176256 176256 176256 176256 176256 176256 176256 176256 176256 176256 176256 176256 176256 176256 176256 176256 176256 176256 176256 176256 176256 176256 176256 176256 176256 176256 176256 176256 176256 176256 0 0 2905222599 
14 compute 21791054
14 allToAll 13824 13824 
14 compute 72648157
14 allToAll 13824 13824 
14 compute 20516739
14 comm_size 32
14 allReduce 1 3097773
14 compute 987
14 comm_size 32
14 allReduce 6 830068
14 compute 4210
14 compute 344
14 allGatherV 176256 176256 176256 176256 176256 176256 176256 176256 176256 176256 176256 176256 176256 176256 176256 176256 176256 176256 176256 176256 176256 176256 176256 176256 176256 176256 176256 176256 176256 176256 176256 0 0 0 176256 352512 528768 705024 881280 1057536 1233792 1410048 1586304 1762560 1938816 2115072 2291328 2467584 2643840 2820096 2996352 3172608 3348864 3525120 3701376 3877632 4053888 4230144 4406400 4582656 4758912 4935168 5111424 5258304 5258304 
14 compute 10312402621
14 comm_size 32
14 allReduce 795 665112820
14 compute 993
14 comm_size 32
14 allReduce 1 1059173
14 compute 47025
14 barrier
14 compute 504305
14 compute 1063
14 gather 133 133 0 
14 compute 2464
14 compute 451
14 gather 3 3 0 
14 compute 87240
14 barrier
14 compute 20392
14 barrier
14 compute 346
14 barrier
14 compute 2654
14 finalize