12 init 1
12 compute 127151
12 compute 2652
12 compute 336679
12 compute 13035986
12 comm_size 32
12 bcast 1
12 compute 25827
12 barrier
12 compute 22431
12 comm_size 32
12 bcast 1
12 compute 24033
12 barrier
12 compute 22600
12 comm_size 32
12 bcast 1
12 compute 23751
12 barrier
12 compute 22522
12 comm_size 32
12 bcast 1
12 compute 23829
12 barrier
12 compute 22602
12 comm_size 32
12 bcast 1
12 compute 23866
12 barrier
12 compute 22682
12 comm_size 32
12 bcast 1
12 compute 23839
12 barrier
12 compute 22621
12 comm_size 32
12 bcast 1
12 compute 23546
12 barrier
12 compute 421
12 barrier
12 compute 167786
12 barrier
12 compute 19027533
12 barrier
12 compute 97165
12 comm_size 32
12 bcast 1
12 compute 378180
12 barrier
12 compute 12633
12 comm_size 32
12 bcast 1
12 compute 46286
12 barrier
12 compute 1019002
12 barrier
12 compute 123084
12 gather 795 795 0 
12 compute 238369956
12 allToAll 1746 1746 
12 compute 276029
12 barrier
12 compute 409270143
12 comm_size 32
12 allReduce 32 25565173 1
12 compute 3038107993
12 compute 1525
12 allToAllV 13262850 414465 414465 414465 414465 414465 414465 414465 414465 414465 414465 414465 414465 414465 414465 414465 414465 414465 414465 414465 414465 414465 414465 414465 414465 414465 414465 414465 414465 414465 414450 414450 414450  13097094  414465 414465 414465 414465 414465 414465 414465 414465 414465 414465 414465 414465 414465 414465 414465 414465 414465 414465 414465 414465 414465 414465 414465 414465 414465 386834 386834 386834 386834 386834 386834 386834 
12 compute 1058646378
12 barrier
12 compute 7748
12 compute 332
12 allToAllV 13097094 414465 414465 414465 414465 414465 414465 414465 414465 414465 414465 414465 414465 414465 414465 414465 414465 414465 414465 414465 414465 414465 414465 414465 414465 414465 386834 386834 386834 386834 386834 386834 386834  13262850  414465 414465 414465 414465 414465 414465 414465 414465 414465 414465 414465 414465 414465 414465 414465 414465 414465 414465 414465 414465 414465 414465 414465 414465 414465 414465 414465 414465 414465 414450 414450 414450 
12 compute 915154396
12 barrier
12 compute 1451516381
12 allToAll 13824 13824 
12 compute 72647798
12 allToAll 13824 13824 
12 compute 20518135
12 comm_size 32
12 allReduce 1 12073536
12 compute 1380438209
12 comm_size 32
12 allReduce 795 67953607
12 compute 1505264885
12 comm_size 32
12 allReduce 2 76015831
12 compute 21530249
12 allToAll 13824 13824 
12 compute 72647572
12 allToAll 13824 13824 
12 compute 20517146
12 comm_size 32
12 allReduce 1 4487443
12 compute 72922086
12 comm_size 32
12 allReduce 32 2563964 1
12 compute 60481266895
12 compute 1717
12 reduceScatter 176256 176256 176256 176256 176256 176256 176256 176256 176256 176256 176256 176256 176256 176256 176256 176256 176256 176256 176256 176256 176256 176256 176256 176256 176256 176256 176256 176256 176256 176256 0 0 4272652908 
12 compute 25342731
12 comm_size 32
12 allReduce 2 381720681
12 compute 21530470
12 allToAll 13824 13824 
12 compute 72647601
12 allToAll 13824 13824 
12 compute 20697343
12 comm_size 32
12 allReduce 1 5638414
12 compute 1070141
12 compute 1377
12 allGatherV 176256 176256 176256 176256 176256 176256 176256 176256 176256 176256 176256 176256 176256 176256 176256 176256 176256 176256 176256 176256 176256 176256 176256 176256 176256 176256 176256 176256 176256 176256 176256 0 0 0 176256 352512 528768 705024 881280 1057536 1233792 1410048 1586304 1762560 1938816 2115072 2291328 2467584 2643840 2820096 2996352 3172608 3348864 3525120 3701376 3877632 4053888 4230144 4406400 4582656 4758912 4935168 5111424 5258304 5258304 
12 compute 175827557826
12 comm_size 32
12 allReduce 4 5947568745
12 compute 128288752
12 compute 332
12 allToAllV 25641510 801299 801299 801299 801299 801299 801299 801299 801299 801299 801299 801299 801299 801299 801299 801299 801299 801299 801299 801299 801299 801299 801299 801299 801299 801299 801299 801299 801299 801299 801270 801270 801270  25834985  828930 828930 828930 828930 828930 828930 801299 801299 801299 801299 801299 801299 801299 801299 801299 801299 801299 801299 801299 801299 801299 801299 801299 801299 801299 801299 801299 801299 801299 801299 801299 801299 
12 compute 128241397
12 compute 332
12 allToAllV 25641510 801299 801299 801299 801299 801299 801299 801299 801299 801299 801299 801299 801299 801299 801299 801299 801299 801299 801299 801299 801299 801299 801299 801299 801299 801299 801299 801299 801299 801299 801270 801270 801270  25834985  828930 828930 828930 828930 828930 828930 801299 801299 801299 801299 801299 801299 801299 801299 801299 801299 801299 801299 801299 801299 801299 801299 801299 801299 801299 801299 801299 801299 801299 801299 801299 801299 
12 compute 10047349
12 comm_size 32
12 allReduce 1729832 1003050682
12 compute 10272829731
12 comm_size 32
12 bcast 934 31 0
12 compute 337
12 barrier
12 compute 19306
12 comm_size 32
12 bcast 1729832
12 compute 1564175
12 comm_size 32
12 allReduce 223729 275931083
12 compute 10190187
12 compute 346
12 allToAllV 13097094 414465 414465 414465 414465 414465 414465 414465 414465 414465 414465 414465 414465 414465 414465 414465 414465 414465 414465 414465 414465 414465 414465 414465 414465 414465 386834 386834 386834 386834 386834 386834 386834  13262850  414465 414465 414465 414465 414465 414465 414465 414465 414465 414465 414465 414465 414465 414465 414465 414465 414465 414465 414465 414465 414465 414465 414465 414465 414465 414465 414465 414465 414465 414450 414450 414450 
12 compute 66461814
12 compute 1240
12 gather 133 133 0 
12 compute 31346725822
12 compute 336
12 reduceScatter 176256 176256 176256 176256 176256 176256 176256 176256 176256 176256 176256 176256 176256 176256 176256 176256 176256 176256 176256 176256 176256 176256 176256 176256 176256 176256 176256 176256 176256 176256 0 0 2791915792 
12 compute 25318985
12 comm_size 32
12 allReduce 2 395618615
12 compute 21531030
12 allToAll 13824 13824 
12 compute 72648163
12 allToAll 13824 13824 
12 compute 20697670
12 comm_size 32
12 allReduce 1 1672459
12 compute 1064466
12 compute 344
12 allGatherV 176256 176256 176256 176256 176256 176256 176256 176256 176256 176256 176256 176256 176256 176256 176256 176256 176256 176256 176256 176256 176256 176256 176256 176256 176256 176256 176256 176256 176256 176256 176256 0 0 0 176256 352512 528768 705024 881280 1057536 1233792 1410048 1586304 1762560 1938816 2115072 2291328 2467584 2643840 2820096 2996352 3172608 3348864 3525120 3701376 3877632 4053888 4230144 4406400 4582656 4758912 4935168 5111424 5258304 5258304 
12 compute 91011641162
12 comm_size 32
12 allReduce 4 2908664181
12 compute 66332648
12 compute 346
12 allToAllV 13262850 414465 414465 414465 414465 414465 414465 414465 414465 414465 414465 414465 414465 414465 414465 414465 414465 414465 414465 414465 414465 414465 414465 414465 414465 414465 414465 414465 414465 414465 414450 414450 414450  13097094  414465 414465 414465 414465 414465 414465 414465 414465 414465 414465 414465 414465 414465 414465 414465 414465 414465 414465 414465 414465 414465 414465 414465 414465 414465 386834 386834 386834 386834 386834 386834 386834 
12 compute 917767
12 comm_size 32
12 allReduce 223729 150230673
12 compute 11568
12 comm_size 32
12 allReduce 1 70983502
12 compute 10912
12 compute 346
12 allToAllV 13097094 414465 414465 414465 414465 414465 414465 414465 414465 414465 414465 414465 414465 414465 414465 414465 414465 414465 414465 414465 414465 414465 414465 414465 414465 414465 386834 386834 386834 386834 386834 386834 386834  13262850  414465 414465 414465 414465 414465 414465 414465 414465 414465 414465 414465 414465 414465 414465 414465 414465 414465 414465 414465 414465 414465 414465 414465 414465 414465 414465 414465 414465 414465 414450 414450 414450 
12 compute 289811629392
12 comm_size 32
12 allReduce 2 8603231762
12 compute 66336050
12 compute 346
12 allToAllV 13262850 414465 414465 414465 414465 414465 414465 414465 414465 414465 414465 414465 414465 414465 414465 414465 414465 414465 414465 414465 414465 414465 414465 414465 414465 414465 414465 414465 414465 414465 414450 414450 414450  13097094  414465 414465 414465 414465 414465 414465 414465 414465 414465 414465 414465 414465 414465 414465 414465 414465 414465 414465 414465 414465 414465 414465 414465 414465 414465 386834 386834 386834 386834 386834 386834 386834 
12 compute 116083557
12 comm_size 32
12 allReduce 7 23376988
12 compute 210072961
12 comm_size 32
12 allReduce 223729 160075923
12 compute 10200536
12 compute 346
12 allToAllV 13097094 414465 414465 414465 414465 414465 414465 414465 414465 414465 414465 414465 414465 414465 414465 414465 414465 414465 414465 414465 414465 414465 414465 414465 414465 414465 386834 386834 386834 386834 386834 386834 386834  13262850  414465 414465 414465 414465 414465 414465 414465 414465 414465 414465 414465 414465 414465 414465 414465 414465 414465 414465 414465 414465 414465 414465 414465 414465 414465 414465 414465 414465 414465 414450 414450 414450 
12 compute 31413030509
12 compute 336
12 reduceScatter 176256 176256 176256 176256 176256 176256 176256 176256 176256 176256 176256 176256 176256 176256 176256 176256 176256 176256 176256 176256 176256 176256 176256 176256 176256 176256 176256 176256 176256 176256 0 0 2760446726 
12 compute 25739104
12 comm_size 32
12 allReduce 2 405203508
12 compute 21530917
12 allToAll 13824 13824 
12 compute 72648158
12 allToAll 13824 13824 
12 compute 20697648
12 comm_size 32
12 allReduce 1 9223420
12 compute 1064463
12 compute 344
12 allGatherV 176256 176256 176256 176256 176256 176256 176256 176256 176256 176256 176256 176256 176256 176256 176256 176256 176256 176256 176256 176256 176256 176256 176256 176256 176256 176256 176256 176256 176256 176256 176256 0 0 0 176256 352512 528768 705024 881280 1057536 1233792 1410048 1586304 1762560 1938816 2115072 2291328 2467584 2643840 2820096 2996352 3172608 3348864 3525120 3701376 3877632 4053888 4230144 4406400 4582656 4758912 4935168 5111424 5258304 5258304 
12 compute 91011415613
12 comm_size 32
12 allReduce 4 2812898130
12 compute 66332648
12 compute 346
12 allToAllV 13262850 414465 414465 414465 414465 414465 414465 414465 414465 414465 414465 414465 414465 414465 414465 414465 414465 414465 414465 414465 414465 414465 414465 414465 414465 414465 414465 414465 414465 414465 414450 414450 414450  13097094  414465 414465 414465 414465 414465 414465 414465 414465 414465 414465 414465 414465 414465 414465 414465 414465 414465 414465 414465 414465 414465 414465 414465 414465 414465 386834 386834 386834 386834 386834 386834 386834 
12 compute 917757
12 comm_size 32
12 allReduce 223729 160906513
12 compute 11576
12 comm_size 32
12 allReduce 1 40095231
12 compute 10912
12 compute 346
12 allToAllV 13097094 414465 414465 414465 414465 414465 414465 414465 414465 414465 414465 414465 414465 414465 414465 414465 414465 414465 414465 414465 414465 414465 414465 414465 414465 414465 386834 386834 386834 386834 386834 386834 386834  13262850  414465 414465 414465 414465 414465 414465 414465 414465 414465 414465 414465 414465 414465 414465 414465 414465 414465 414465 414465 414465 414465 414465 414465 414465 414465 414465 414465 414465 414465 414450 414450 414450 
12 compute 289811612872
12 comm_size 32
12 allReduce 2 8677583016
12 compute 66336045
12 compute 346
12 allToAllV 13262850 414465 414465 414465 414465 414465 414465 414465 414465 414465 414465 414465 414465 414465 414465 414465 414465 414465 414465 414465 414465 414465 414465 414465 414465 414465 414465 414465 414465 414465 414450 414450 414450  13097094  414465 414465 414465 414465 414465 414465 414465 414465 414465 414465 414465 414465 414465 414465 414465 414465 414465 414465 414465 414465 414465 414465 414465 414465 414465 386834 386834 386834 386834 386834 386834 386834 
12 compute 194474961
12 comm_size 32
12 allReduce 7 33021037
12 compute 445334959
12 comm_size 32
12 allReduce 223729 661018118
12 compute 10200570
12 compute 346
12 allToAllV 13097094 414465 414465 414465 414465 414465 414465 414465 414465 414465 414465 414465 414465 414465 414465 414465 414465 414465 414465 414465 414465 414465 414465 414465 414465 414465 386834 386834 386834 386834 386834 386834 386834  13262850  414465 414465 414465 414465 414465 414465 414465 414465 414465 414465 414465 414465 414465 414465 414465 414465 414465 414465 414465 414465 414465 414465 414465 414465 414465 414465 414465 414465 414465 414450 414450 414450 
12 compute 31413030499
12 compute 336
12 reduceScatter 176256 176256 176256 176256 176256 176256 176256 176256 176256 176256 176256 176256 176256 176256 176256 176256 176256 176256 176256 176256 176256 176256 176256 176256 176256 176256 176256 176256 176256 176256 0 0 4849197489 
12 compute 25347639
12 comm_size 32
12 allReduce 2 863647912
12 compute 21530918
12 allToAll 13824 13824 
12 compute 72648164
12 allToAll 13824 13824 
12 compute 20697646
12 comm_size 32
12 allReduce 1 8839188
12 compute 1064462
12 compute 344
12 allGatherV 176256 176256 176256 176256 176256 176256 176256 176256 176256 176256 176256 176256 176256 176256 176256 176256 176256 176256 176256 176256 176256 176256 176256 176256 176256 176256 176256 176256 176256 176256 176256 0 0 0 176256 352512 528768 705024 881280 1057536 1233792 1410048 1586304 1762560 1938816 2115072 2291328 2467584 2643840 2820096 2996352 3172608 3348864 3525120 3701376 3877632 4053888 4230144 4406400 4582656 4758912 4935168 5111424 5258304 5258304 
12 compute 91011415611
12 comm_size 32
12 allReduce 4 2780853032
12 compute 66332648
12 compute 346
12 allToAllV 13262850 414465 414465 414465 414465 414465 414465 414465 414465 414465 414465 414465 414465 414465 414465 414465 414465 414465 414465 414465 414465 414465 414465 414465 414465 414465 414465 414465 414465 414465 414450 414450 414450  13097094  414465 414465 414465 414465 414465 414465 414465 414465 414465 414465 414465 414465 414465 414465 414465 414465 414465 414465 414465 414465 414465 414465 414465 414465 414465 386834 386834 386834 386834 386834 386834 386834 
12 compute 917757
12 comm_size 32
12 allReduce 223729 253137865
12 compute 11568
12 comm_size 32
12 allReduce 1 44561656
12 compute 10912
12 compute 346
12 allToAllV 13097094 414465 414465 414465 414465 414465 414465 414465 414465 414465 414465 414465 414465 414465 414465 414465 414465 414465 414465 414465 414465 414465 414465 414465 414465 414465 386834 386834 386834 386834 386834 386834 386834  13262850  414465 414465 414465 414465 414465 414465 414465 414465 414465 414465 414465 414465 414465 414465 414465 414465 414465 414465 414465 414465 414465 414465 414465 414465 414465 414465 414465 414465 414465 414450 414450 414450 
12 compute 289811612889
12 comm_size 32
12 allReduce 2 8114758985
12 compute 66336045
12 compute 346
12 allToAllV 13262850 414465 414465 414465 414465 414465 414465 414465 414465 414465 414465 414465 414465 414465 414465 414465 414465 414465 414465 414465 414465 414465 414465 414465 414465 414465 414465 414465 414465 414465 414450 414450 414450  13097094  414465 414465 414465 414465 414465 414465 414465 414465 414465 414465 414465 414465 414465 414465 414465 414465 414465 414465 414465 414465 414465 414465 414465 414465 414465 386834 386834 386834 386834 386834 386834 386834 
12 compute 272891892
12 comm_size 32
12 allReduce 7 38228796
12 compute 602163425
12 comm_size 32
12 allReduce 223729 770376116
12 compute 10200314
12 compute 346
12 allToAllV 13097094 414465 414465 414465 414465 414465 414465 414465 414465 414465 414465 414465 414465 414465 414465 414465 414465 414465 414465 414465 414465 414465 414465 414465 414465 414465 386834 386834 386834 386834 386834 386834 386834  13262850  414465 414465 414465 414465 414465 414465 414465 414465 414465 414465 414465 414465 414465 414465 414465 414465 414465 414465 414465 414465 414465 414465 414465 414465 414465 414465 414465 414465 414465 414450 414450 414450 
12 compute 31413030505
12 compute 336
12 reduceScatter 176256 176256 176256 176256 176256 176256 176256 176256 176256 176256 176256 176256 176256 176256 176256 176256 176256 176256 176256 176256 176256 176256 176256 176256 176256 176256 176256 176256 176256 176256 0 0 5809004515 
12 compute 25378074
12 comm_size 32
12 allReduce 2 445472991
12 compute 21530918
12 allToAll 13824 13824 
12 compute 72648158
12 allToAll 13824 13824 
12 compute 20697651
12 comm_size 32
12 allReduce 1 4501150
12 compute 1064462
12 compute 344
12 allGatherV 176256 176256 176256 176256 176256 176256 176256 176256 176256 176256 176256 176256 176256 176256 176256 176256 176256 176256 176256 176256 176256 176256 176256 176256 176256 176256 176256 176256 176256 176256 176256 0 0 0 176256 352512 528768 705024 881280 1057536 1233792 1410048 1586304 1762560 1938816 2115072 2291328 2467584 2643840 2820096 2996352 3172608 3348864 3525120 3701376 3877632 4053888 4230144 4406400 4582656 4758912 4935168 5111424 5258304 5258304 
12 compute 91011415607
12 comm_size 32
12 allReduce 4 2914929497
12 compute 66332651
12 compute 346
12 allToAllV 13262850 414465 414465 414465 414465 414465 414465 414465 414465 414465 414465 414465 414465 414465 414465 414465 414465 414465 414465 414465 414465 414465 414465 414465 414465 414465 414465 414465 414465 414465 414450 414450 414450  13097094  414465 414465 414465 414465 414465 414465 414465 414465 414465 414465 414465 414465 414465 414465 414465 414465 414465 414465 414465 414465 414465 414465 414465 414465 414465 386834 386834 386834 386834 386834 386834 386834 
12 compute 917759
12 comm_size 32
12 allReduce 223729 140765454
12 compute 11568
12 comm_size 32
12 allReduce 1 37670587
12 compute 10912
12 compute 346
12 allToAllV 13097094 414465 414465 414465 414465 414465 414465 414465 414465 414465 414465 414465 414465 414465 414465 414465 414465 414465 414465 414465 414465 414465 414465 414465 414465 414465 386834 386834 386834 386834 386834 386834 386834  13262850  414465 414465 414465 414465 414465 414465 414465 414465 414465 414465 414465 414465 414465 414465 414465 414465 414465 414465 414465 414465 414465 414465 414465 414465 414465 414465 414465 414465 414465 414450 414450 414450 
12 compute 289811612886
12 comm_size 32
12 allReduce 2 8264251577
12 compute 66336045
12 compute 346
12 allToAllV 13262850 414465 414465 414465 414465 414465 414465 414465 414465 414465 414465 414465 414465 414465 414465 414465 414465 414465 414465 414465 414465 414465 414465 414465 414465 414465 414465 414465 414465 414465 414450 414450 414450  13097094  414465 414465 414465 414465 414465 414465 414465 414465 414465 414465 414465 414465 414465 414465 414465 414465 414465 414465 414465 414465 414465 414465 414465 414465 414465 386834 386834 386834 386834 386834 386834 386834 
12 compute 351308808
12 comm_size 32
12 allReduce 7 85241190
12 compute 758998809
12 comm_size 32
12 allReduce 223729 191118479
12 compute 10200440
12 compute 346
12 allToAllV 13097094 414465 414465 414465 414465 414465 414465 414465 414465 414465 414465 414465 414465 414465 414465 414465 414465 414465 414465 414465 414465 414465 414465 414465 414465 414465 386834 386834 386834 386834 386834 386834 386834  13262850  414465 414465 414465 414465 414465 414465 414465 414465 414465 414465 414465 414465 414465 414465 414465 414465 414465 414465 414465 414465 414465 414465 414465 414465 414465 414465 414465 414465 414465 414450 414450 414450 
12 compute 31413030530
12 compute 336
12 reduceScatter 176256 176256 176256 176256 176256 176256 176256 176256 176256 176256 176256 176256 176256 176256 176256 176256 176256 176256 176256 176256 176256 176256 176256 176256 176256 176256 176256 176256 176256 176256 0 0 2409375819 
12 compute 25382179
12 comm_size 32
12 allReduce 2 401125060
12 compute 21530918
12 allToAll 13824 13824 
12 compute 72648163
12 allToAll 13824 13824 
12 compute 20697652
12 comm_size 32
12 allReduce 1 7082202
12 compute 1064462
12 compute 344
12 allGatherV 176256 176256 176256 176256 176256 176256 176256 176256 176256 176256 176256 176256 176256 176256 176256 176256 176256 176256 176256 176256 176256 176256 176256 176256 176256 176256 176256 176256 176256 176256 176256 0 0 0 176256 352512 528768 705024 881280 1057536 1233792 1410048 1586304 1762560 1938816 2115072 2291328 2467584 2643840 2820096 2996352 3172608 3348864 3525120 3701376 3877632 4053888 4230144 4406400 4582656 4758912 4935168 5111424 5258304 5258304 
12 compute 91011415610
12 comm_size 32
12 allReduce 4 2756348320
12 compute 66332648
12 compute 346
12 allToAllV 13262850 414465 414465 414465 414465 414465 414465 414465 414465 414465 414465 414465 414465 414465 414465 414465 414465 414465 414465 414465 414465 414465 414465 414465 414465 414465 414465 414465 414465 414465 414450 414450 414450  13097094  414465 414465 414465 414465 414465 414465 414465 414465 414465 414465 414465 414465 414465 414465 414465 414465 414465 414465 414465 414465 414465 414465 414465 414465 414465 386834 386834 386834 386834 386834 386834 386834 
12 compute 917757
12 comm_size 32
12 allReduce 223729 187166563
12 compute 11576
12 comm_size 32
12 allReduce 1 46779796
12 compute 10912
12 compute 346
12 allToAllV 13097094 414465 414465 414465 414465 414465 414465 414465 414465 414465 414465 414465 414465 414465 414465 414465 414465 414465 414465 414465 414465 414465 414465 414465 414465 414465 386834 386834 386834 386834 386834 386834 386834  13262850  414465 414465 414465 414465 414465 414465 414465 414465 414465 414465 414465 414465 414465 414465 414465 414465 414465 414465 414465 414465 414465 414465 414465 414465 414465 414465 414465 414465 414465 414450 414450 414450 
12 compute 289811612903
12 comm_size 32
12 allReduce 2 8432023573
12 compute 66336045
12 compute 346
12 allToAllV 13262850 414465 414465 414465 414465 414465 414465 414465 414465 414465 414465 414465 414465 414465 414465 414465 414465 414465 414465 414465 414465 414465 414465 414465 414465 414465 414465 414465 414465 414465 414450 414450 414450  13097094  414465 414465 414465 414465 414465 414465 414465 414465 414465 414465 414465 414465 414465 414465 414465 414465 414465 414465 414465 414465 414465 414465 414465 414465 414465 386834 386834 386834 386834 386834 386834 386834 
12 compute 429725734
12 comm_size 32
12 allReduce 7 80820935
12 compute 915834331
12 comm_size 32
12 allReduce 223729 213715244
12 compute 10200417
12 compute 346
12 allToAllV 13097094 414465 414465 414465 414465 414465 414465 414465 414465 414465 414465 414465 414465 414465 414465 414465 414465 414465 414465 414465 414465 414465 414465 414465 414465 414465 386834 386834 386834 386834 386834 386834 386834  13262850  414465 414465 414465 414465 414465 414465 414465 414465 414465 414465 414465 414465 414465 414465 414465 414465 414465 414465 414465 414465 414465 414465 414465 414465 414465 414465 414465 414465 414465 414450 414450 414450 
12 compute 31413030506
12 compute 336
12 reduceScatter 176256 176256 176256 176256 176256 176256 176256 176256 176256 176256 176256 176256 176256 176256 176256 176256 176256 176256 176256 176256 176256 176256 176256 176256 176256 176256 176256 176256 176256 176256 0 0 2272105037 
12 compute 25371281
12 comm_size 32
12 allReduce 2 406481791
12 compute 21530918
12 allToAll 13824 13824 
12 compute 72648165
12 allToAll 13824 13824 
12 compute 20697653
12 comm_size 32
12 allReduce 1 4538269
12 compute 1064462
12 compute 344
12 allGatherV 176256 176256 176256 176256 176256 176256 176256 176256 176256 176256 176256 176256 176256 176256 176256 176256 176256 176256 176256 176256 176256 176256 176256 176256 176256 176256 176256 176256 176256 176256 176256 0 0 0 176256 352512 528768 705024 881280 1057536 1233792 1410048 1586304 1762560 1938816 2115072 2291328 2467584 2643840 2820096 2996352 3172608 3348864 3525120 3701376 3877632 4053888 4230144 4406400 4582656 4758912 4935168 5111424 5258304 5258304 
12 compute 91011415608
12 comm_size 32
12 allReduce 4 2782943449
12 compute 66332651
12 compute 346
12 allToAllV 13262850 414465 414465 414465 414465 414465 414465 414465 414465 414465 414465 414465 414465 414465 414465 414465 414465 414465 414465 414465 414465 414465 414465 414465 414465 414465 414465 414465 414465 414465 414450 414450 414450  13097094  414465 414465 414465 414465 414465 414465 414465 414465 414465 414465 414465 414465 414465 414465 414465 414465 414465 414465 414465 414465 414465 414465 414465 414465 414465 386834 386834 386834 386834 386834 386834 386834 
12 compute 917757
12 comm_size 32
12 allReduce 223729 144733462
12 compute 11576
12 comm_size 32
12 allReduce 1 84568125
12 compute 10912
12 compute 346
12 allToAllV 13097094 414465 414465 414465 414465 414465 414465 414465 414465 414465 414465 414465 414465 414465 414465 414465 414465 414465 414465 414465 414465 414465 414465 414465 414465 414465 386834 386834 386834 386834 386834 386834 386834  13262850  414465 414465 414465 414465 414465 414465 414465 414465 414465 414465 414465 414465 414465 414465 414465 414465 414465 414465 414465 414465 414465 414465 414465 414465 414465 414465 414465 414465 414465 414450 414450 414450 
12 compute 289811612888
12 comm_size 32
12 allReduce 2 8109936925
12 compute 66336045
12 compute 346
12 allToAllV 13262850 414465 414465 414465 414465 414465 414465 414465 414465 414465 414465 414465 414465 414465 414465 414465 414465 414465 414465 414465 414465 414465 414465 414465 414465 414465 414465 414465 414465 414465 414450 414450 414450  13097094  414465 414465 414465 414465 414465 414465 414465 414465 414465 414465 414465 414465 414465 414465 414465 414465 414465 414465 414465 414465 414465 414465 414465 414465 414465 386834 386834 386834 386834 386834 386834 386834 
12 compute 508142653
12 comm_size 32
12 allReduce 7 68280986
12 compute 1020352635
12 comm_size 32
12 allReduce 223729 243264269
12 compute 10200437
12 compute 346
12 allToAllV 13097094 414465 414465 414465 414465 414465 414465 414465 414465 414465 414465 414465 414465 414465 414465 414465 414465 414465 414465 414465 414465 414465 414465 414465 414465 414465 386834 386834 386834 386834 386834 386834 386834  13262850  414465 414465 414465 414465 414465 414465 414465 414465 414465 414465 414465 414465 414465 414465 414465 414465 414465 414465 414465 414465 414465 414465 414465 414465 414465 414465 414465 414465 414465 414450 414450 414450 
12 compute 31413030525
12 compute 336
12 reduceScatter 176256 176256 176256 176256 176256 176256 176256 176256 176256 176256 176256 176256 176256 176256 176256 176256 176256 176256 176256 176256 176256 176256 176256 176256 176256 176256 176256 176256 176256 176256 0 0 2390345216 
12 compute 25386323
12 comm_size 32
12 allReduce 2 406567281
12 compute 21530918
12 allToAll 13824 13824 
12 compute 72648164
12 allToAll 13824 13824 
12 compute 20697646
12 comm_size 32
12 allReduce 1 10145985
12 compute 1064462
12 compute 344
12 allGatherV 176256 176256 176256 176256 176256 176256 176256 176256 176256 176256 176256 176256 176256 176256 176256 176256 176256 176256 176256 176256 176256 176256 176256 176256 176256 176256 176256 176256 176256 176256 176256 0 0 0 176256 352512 528768 705024 881280 1057536 1233792 1410048 1586304 1762560 1938816 2115072 2291328 2467584 2643840 2820096 2996352 3172608 3348864 3525120 3701376 3877632 4053888 4230144 4406400 4582656 4758912 4935168 5111424 5258304 5258304 
12 compute 91011415606
12 comm_size 32
12 allReduce 4 2814517881
12 compute 66332648
12 compute 346
12 allToAllV 13262850 414465 414465 414465 414465 414465 414465 414465 414465 414465 414465 414465 414465 414465 414465 414465 414465 414465 414465 414465 414465 414465 414465 414465 414465 414465 414465 414465 414465 414465 414450 414450 414450  13097094  414465 414465 414465 414465 414465 414465 414465 414465 414465 414465 414465 414465 414465 414465 414465 414465 414465 414465 414465 414465 414465 414465 414465 414465 414465 386834 386834 386834 386834 386834 386834 386834 
12 compute 917757
12 comm_size 32
12 allReduce 223729 174847797
12 compute 11576
12 comm_size 32
12 allReduce 1 38701340
12 compute 10912
12 compute 346
12 allToAllV 13097094 414465 414465 414465 414465 414465 414465 414465 414465 414465 414465 414465 414465 414465 414465 414465 414465 414465 414465 414465 414465 414465 414465 414465 414465 414465 386834 386834 386834 386834 386834 386834 386834  13262850  414465 414465 414465 414465 414465 414465 414465 414465 414465 414465 414465 414465 414465 414465 414465 414465 414465 414465 414465 414465 414465 414465 414465 414465 414465 414465 414465 414465 414465 414450 414450 414450 
12 compute 289811612903
12 comm_size 32
12 allReduce 2 7936887237
12 compute 66336046
12 compute 346
12 allToAllV 13262850 414465 414465 414465 414465 414465 414465 414465 414465 414465 414465 414465 414465 414465 414465 414465 414465 414465 414465 414465 414465 414465 414465 414465 414465 414465 414465 414465 414465 414465 414450 414450 414450  13097094  414465 414465 414465 414465 414465 414465 414465 414465 414465 414465 414465 414465 414465 414465 414465 414465 414465 414465 414465 414465 414465 414465 414465 414465 414465 386834 386834 386834 386834 386834 386834 386834 
12 compute 508117728
12 comm_size 32
12 allReduce 7 69348850
12 compute 1020352799
12 comm_size 32
12 allReduce 223729 206565809
12 compute 10200471
12 compute 346
12 allToAllV 13097094 414465 414465 414465 414465 414465 414465 414465 414465 414465 414465 414465 414465 414465 414465 414465 414465 414465 414465 414465 414465 414465 414465 414465 414465 414465 386834 386834 386834 386834 386834 386834 386834  13262850  414465 414465 414465 414465 414465 414465 414465 414465 414465 414465 414465 414465 414465 414465 414465 414465 414465 414465 414465 414465 414465 414465 414465 414465 414465 414465 414465 414465 414465 414450 414450 414450 
12 compute 31413030510
12 compute 336
12 reduceScatter 176256 176256 176256 176256 176256 176256 176256 176256 176256 176256 176256 176256 176256 176256 176256 176256 176256 176256 176256 176256 176256 176256 176256 176256 176256 176256 176256 176256 176256 176256 0 0 2296948435 
12 compute 25652665
12 comm_size 32
12 allReduce 2 400351990
12 compute 21531109
12 allToAll 13824 13824 
12 compute 72648158
12 allToAll 13824 13824 
12 compute 20697745
12 comm_size 32
12 allReduce 1 3733018
12 compute 1064466
12 compute 344
12 allGatherV 176256 176256 176256 176256 176256 176256 176256 176256 176256 176256 176256 176256 176256 176256 176256 176256 176256 176256 176256 176256 176256 176256 176256 176256 176256 176256 176256 176256 176256 176256 176256 0 0 0 176256 352512 528768 705024 881280 1057536 1233792 1410048 1586304 1762560 1938816 2115072 2291328 2467584 2643840 2820096 2996352 3172608 3348864 3525120 3701376 3877632 4053888 4230144 4406400 4582656 4758912 4935168 5111424 5258304 5258304 
12 compute 91011416319
12 comm_size 32
12 allReduce 4 3034665585
12 compute 66332648
12 compute 346
12 allToAllV 13262850 414465 414465 414465 414465 414465 414465 414465 414465 414465 414465 414465 414465 414465 414465 414465 414465 414465 414465 414465 414465 414465 414465 414465 414465 414465 414465 414465 414465 414465 414450 414450 414450  13097094  414465 414465 414465 414465 414465 414465 414465 414465 414465 414465 414465 414465 414465 414465 414465 414465 414465 414465 414465 414465 414465 414465 414465 414465 414465 386834 386834 386834 386834 386834 386834 386834 
12 compute 917758
12 comm_size 32
12 allReduce 223729 161267138
12 compute 11568
12 comm_size 32
12 allReduce 1 62394134
12 compute 10984
12 compute 346
12 allToAllV 13097094 414465 414465 414465 414465 414465 414465 414465 414465 414465 414465 414465 414465 414465 414465 414465 414465 414465 414465 414465 414465 414465 414465 414465 414465 414465 386834 386834 386834 386834 386834 386834 386834  13262850  414465 414465 414465 414465 414465 414465 414465 414465 414465 414465 414465 414465 414465 414465 414465 414465 414465 414465 414465 414465 414465 414465 414465 414465 414465 414465 414465 414465 414465 414450 414450 414450 
12 compute 289811614321
12 comm_size 32
12 allReduce 2 8553389946
12 compute 66336045
12 compute 346
12 allToAllV 13262850 414465 414465 414465 414465 414465 414465 414465 414465 414465 414465 414465 414465 414465 414465 414465 414465 414465 414465 414465 414465 414465 414465 414465 414465 414465 414465 414465 414465 414465 414450 414450 414450  13097094  414465 414465 414465 414465 414465 414465 414465 414465 414465 414465 414465 414465 414465 414465 414465 414465 414465 414465 414465 414465 414465 414465 414465 414465 414465 386834 386834 386834 386834 386834 386834 386834 
12 compute 508117732
12 comm_size 32
12 allReduce 7 77642319
12 compute 1020352658
12 comm_size 32
12 allReduce 223729 167689170
12 compute 10200659
12 compute 346
12 allToAllV 13097094 414465 414465 414465 414465 414465 414465 414465 414465 414465 414465 414465 414465 414465 414465 414465 414465 414465 414465 414465 414465 414465 414465 414465 414465 414465 386834 386834 386834 386834 386834 386834 386834  13262850  414465 414465 414465 414465 414465 414465 414465 414465 414465 414465 414465 414465 414465 414465 414465 414465 414465 414465 414465 414465 414465 414465 414465 414465 414465 414465 414465 414465 414465 414450 414450 414450 
12 compute 31413030528
12 compute 336
12 reduceScatter 176256 176256 176256 176256 176256 176256 176256 176256 176256 176256 176256 176256 176256 176256 176256 176256 176256 176256 176256 176256 176256 176256 176256 176256 176256 176256 176256 176256 176256 176256 0 0 2337647694 
12 compute 25389014
12 comm_size 32
12 allReduce 2 409275405
12 compute 21531110
12 allToAll 13824 13824 
12 compute 72648165
12 allToAll 13824 13824 
12 compute 20697750
12 comm_size 32
12 allReduce 1 6167263
12 compute 1064465
12 compute 344
12 allGatherV 176256 176256 176256 176256 176256 176256 176256 176256 176256 176256 176256 176256 176256 176256 176256 176256 176256 176256 176256 176256 176256 176256 176256 176256 176256 176256 176256 176256 176256 176256 176256 0 0 0 176256 352512 528768 705024 881280 1057536 1233792 1410048 1586304 1762560 1938816 2115072 2291328 2467584 2643840 2820096 2996352 3172608 3348864 3525120 3701376 3877632 4053888 4230144 4406400 4582656 4758912 4935168 5111424 5258304 5258304 
12 compute 91011416319
12 comm_size 32
12 allReduce 4 2885394872
12 compute 66332649
12 compute 346
12 allToAllV 13262850 414465 414465 414465 414465 414465 414465 414465 414465 414465 414465 414465 414465 414465 414465 414465 414465 414465 414465 414465 414465 414465 414465 414465 414465 414465 414465 414465 414465 414465 414450 414450 414450  13097094  414465 414465 414465 414465 414465 414465 414465 414465 414465 414465 414465 414465 414465 414465 414465 414465 414465 414465 414465 414465 414465 414465 414465 414465 414465 386834 386834 386834 386834 386834 386834 386834 
12 compute 917758
12 comm_size 32
12 allReduce 223729 177086840
12 compute 11568
12 comm_size 32
12 allReduce 1 32498287
12 compute 10984
12 compute 346
12 allToAllV 13097094 414465 414465 414465 414465 414465 414465 414465 414465 414465 414465 414465 414465 414465 414465 414465 414465 414465 414465 414465 414465 414465 414465 414465 414465 414465 386834 386834 386834 386834 386834 386834 386834  13262850  414465 414465 414465 414465 414465 414465 414465 414465 414465 414465 414465 414465 414465 414465 414465 414465 414465 414465 414465 414465 414465 414465 414465 414465 414465 414465 414465 414465 414465 414450 414450 414450 
12 compute 289811614301
12 comm_size 32
12 allReduce 2 8084677793
12 compute 66336045
12 compute 346
12 allToAllV 13262850 414465 414465 414465 414465 414465 414465 414465 414465 414465 414465 414465 414465 414465 414465 414465 414465 414465 414465 414465 414465 414465 414465 414465 414465 414465 414465 414465 414465 414465 414450 414450 414450  13097094  414465 414465 414465 414465 414465 414465 414465 414465 414465 414465 414465 414465 414465 414465 414465 414465 414465 414465 414465 414465 414465 414465 414465 414465 414465 386834 386834 386834 386834 386834 386834 386834 
12 compute 508117734
12 comm_size 32
12 allReduce 7 75821939
12 compute 1020352801
12 comm_size 32
12 allReduce 223729 218669741
12 compute 10200544
12 compute 346
12 allToAllV 13097094 414465 414465 414465 414465 414465 414465 414465 414465 414465 414465 414465 414465 414465 414465 414465 414465 414465 414465 414465 414465 414465 414465 414465 414465 414465 386834 386834 386834 386834 386834 386834 386834  13262850  414465 414465 414465 414465 414465 414465 414465 414465 414465 414465 414465 414465 414465 414465 414465 414465 414465 414465 414465 414465 414465 414465 414465 414465 414465 414465 414465 414465 414465 414450 414450 414450 
12 compute 66332493
12 compute 1207
12 gather 133 133 0 
12 compute 31346700708
12 compute 336
12 reduceScatter 176256 176256 176256 176256 176256 176256 176256 176256 176256 176256 176256 176256 176256 176256 176256 176256 176256 176256 176256 176256 176256 176256 176256 176256 176256 176256 176256 176256 176256 176256 0 0 2411032964 
12 compute 25393585
12 comm_size 32
12 allReduce 2 400357938
12 compute 21531651
12 allToAll 13824 13824 
12 compute 72648423
12 allToAll 13824 13824 
12 compute 20698142
12 comm_size 32
12 allReduce 1 3976314
12 compute 1064596
12 compute 344
12 allGatherV 176256 176256 176256 176256 176256 176256 176256 176256 176256 176256 176256 176256 176256 176256 176256 176256 176256 176256 176256 176256 176256 176256 176256 176256 176256 176256 176256 176256 176256 176256 176256 0 0 0 176256 352512 528768 705024 881280 1057536 1233792 1410048 1586304 1762560 1938816 2115072 2291328 2467584 2643840 2820096 2996352 3172608 3348864 3525120 3701376 3877632 4053888 4230144 4406400 4582656 4758912 4935168 5111424 5258304 5258304 
12 compute 91011416901
12 comm_size 32
12 allReduce 4 2895632306
12 compute 66332770
12 compute 346
12 allToAllV 13262850 414465 414465 414465 414465 414465 414465 414465 414465 414465 414465 414465 414465 414465 414465 414465 414465 414465 414465 414465 414465 414465 414465 414465 414465 414465 414465 414465 414465 414465 414450 414450 414450  13097094  414465 414465 414465 414465 414465 414465 414465 414465 414465 414465 414465 414465 414465 414465 414465 414465 414465 414465 414465 414465 414465 414465 414465 414465 414465 386834 386834 386834 386834 386834 386834 386834 
12 compute 910482
12 comm_size 32
12 allReduce 223729 199391961
12 compute 1568036593
12 comm_size 32
12 allReduce 1 33038589
12 compute 10111
12 compute 346
12 allToAllV 13097094 414465 414465 414465 414465 414465 414465 414465 414465 414465 414465 414465 414465 414465 414465 414465 414465 414465 414465 414465 414465 414465 414465 414465 414465 414465 386834 386834 386834 386834 386834 386834 386834  13262850  414465 414465 414465 414465 414465 414465 414465 414465 414465 414465 414465 414465 414465 414465 414465 414465 414465 414465 414465 414465 414465 414465 414465 414465 414465 414465 414465 414465 414465 414450 414450 414450 
12 compute 66332567
12 comm_size 32
12 bcast 473 31 0
12 compute 338
12 barrier
12 compute 31293659148
12 compute 336
12 reduceScatter 176256 176256 176256 176256 176256 176256 176256 176256 176256 176256 176256 176256 176256 176256 176256 176256 176256 176256 176256 176256 176256 176256 176256 176256 176256 176256 176256 176256 176256 176256 0 0 2587309008 
12 compute 21791399
12 allToAll 13824 13824 
12 compute 72648125
12 allToAll 13824 13824 
12 compute 20516780
12 comm_size 32
12 allReduce 1 4540798
12 compute 987
12 comm_size 32
12 allReduce 6 607115
12 compute 4240
12 compute 344
12 allGatherV 176256 176256 176256 176256 176256 176256 176256 176256 176256 176256 176256 176256 176256 176256 176256 176256 176256 176256 176256 176256 176256 176256 176256 176256 176256 176256 176256 176256 176256 176256 176256 0 0 0 176256 352512 528768 705024 881280 1057536 1233792 1410048 1586304 1762560 1938816 2115072 2291328 2467584 2643840 2820096 2996352 3172608 3348864 3525120 3701376 3877632 4053888 4230144 4406400 4582656 4758912 4935168 5111424 5258304 5258304 
12 compute 10313970095
12 comm_size 32
12 allReduce 795 666977847
12 compute 993
12 comm_size 32
12 allReduce 1 408298
12 compute 47152
12 barrier
12 compute 504277
12 compute 1097
12 gather 133 133 0 
12 compute 2446
12 compute 451
12 gather 3 3 0 
12 compute 87696
12 barrier
12 compute 20394
12 barrier
12 compute 346
12 barrier
12 compute 2654
12 finalize