17 init 1
17 compute 127149
17 compute 2652
17 compute 336801
17 compute 13044501
17 comm_size 32
17 bcast 1
17 compute 25668
17 barrier
17 compute 22524
17 comm_size 32
17 bcast 1
17 compute 24028
17 barrier
17 compute 22601
17 comm_size 32
17 bcast 1
17 compute 23750
17 barrier
17 compute 22519
17 comm_size 32
17 bcast 1
17 compute 23824
17 barrier
17 compute 22607
17 comm_size 32
17 bcast 1
17 compute 23867
17 barrier
17 compute 22677
17 comm_size 32
17 bcast 1
17 compute 23834
17 barrier
17 compute 22620
17 comm_size 32
17 bcast 1
17 compute 23492
17 barrier
17 compute 421
17 barrier
17 compute 166092
17 barrier
17 compute 18783993
17 barrier
17 compute 97231
17 comm_size 32
17 bcast 1
17 compute 378455
17 barrier
17 compute 12854
17 comm_size 32
17 bcast 1
17 compute 46317
17 barrier
17 compute 1017481
17 barrier
17 compute 124783
17 gather 795 795 0 
17 compute 247125067
17 allToAll 1746 1746 
17 compute 276029
17 barrier
17 compute 409314675
17 comm_size 32
17 allReduce 32 22370115 1
17 compute 3038128753
17 compute 1525
17 allToAllV 13262850 414465 414465 414465 414465 414465 414465 414465 414465 414465 414465 414465 414465 414465 414465 414465 414465 414465 414465 414465 414465 414465 414465 414465 414465 414465 414465 414465 414465 414465 414450 414450 414450  13097094  414465 414465 414465 414465 414465 414465 414465 414465 414465 414465 414465 414465 414465 414465 414465 414465 414465 414465 414465 414465 414465 414465 414465 414465 414465 386834 386834 386834 386834 386834 386834 386834 
17 compute 1058645810
17 barrier
17 compute 7155
17 compute 332
17 allToAllV 13097094 414465 414465 414465 414465 414465 414465 414465 414465 414465 414465 414465 414465 414465 414465 414465 414465 414465 414465 414465 414465 414465 414465 414465 414465 414465 386834 386834 386834 386834 386834 386834 386834  13262850  414465 414465 414465 414465 414465 414465 414465 414465 414465 414465 414465 414465 414465 414465 414465 414465 414465 414465 414465 414465 414465 414465 414465 414465 414465 414465 414465 414465 414465 414450 414450 414450 
17 compute 915153803
17 barrier
17 compute 1448145232
17 allToAll 13824 13824 
17 compute 72647798
17 allToAll 13824 13824 
17 compute 20518070
17 comm_size 32
17 allReduce 1 11132375
17 compute 1377069218
17 comm_size 32
17 allReduce 795 71401648
17 compute 1496774529
17 comm_size 32
17 allReduce 2 78649106
17 compute 21530303
17 allToAll 13824 13824 
17 compute 72647756
17 allToAll 13824 13824 
17 compute 20517446
17 comm_size 32
17 allReduce 1 4068354
17 compute 73311170
17 comm_size 32
17 allReduce 32 4382080 1
17 compute 60481274164
17 compute 1717
17 reduceScatter 176256 176256 176256 176256 176256 176256 176256 176256 176256 176256 176256 176256 176256 176256 176256 176256 176256 176256 176256 176256 176256 176256 176256 176256 176256 176256 176256 176256 176256 176256 0 0 4752029248 
17 compute 25514567
17 comm_size 32
17 allReduce 2 329988591
17 compute 21530423
17 allToAll 13824 13824 
17 compute 72647696
17 allToAll 13824 13824 
17 compute 20697509
17 comm_size 32
17 allReduce 1 3653610
17 compute 1070099
17 compute 1377
17 allGatherV 176256 176256 176256 176256 176256 176256 176256 176256 176256 176256 176256 176256 176256 176256 176256 176256 176256 176256 176256 176256 176256 176256 176256 176256 176256 176256 176256 176256 176256 176256 176256 0 0 0 176256 352512 528768 705024 881280 1057536 1233792 1410048 1586304 1762560 1938816 2115072 2291328 2467584 2643840 2820096 2996352 3172608 3348864 3525120 3701376 3877632 4053888 4230144 4406400 4582656 4758912 4935168 5111424 5258304 5258304 
17 compute 175827483432
17 comm_size 32
17 allReduce 4 5981130303
17 compute 128288711
17 compute 332
17 allToAllV 25641510 801299 801299 801299 801299 801299 801299 801299 801299 801299 801299 801299 801299 801299 801299 801299 801299 801299 801299 801299 801299 801299 801299 801299 801299 801299 801299 801299 801299 801299 801270 801270 801270  25834985  828930 828930 828930 828930 828930 828930 801299 801299 801299 801299 801299 801299 801299 801299 801299 801299 801299 801299 801299 801299 801299 801299 801299 801299 801299 801299 801299 801299 801299 801299 801299 801299 
17 compute 128241330
17 compute 332
17 allToAllV 25641510 801299 801299 801299 801299 801299 801299 801299 801299 801299 801299 801299 801299 801299 801299 801299 801299 801299 801299 801299 801299 801299 801299 801299 801299 801299 801299 801299 801299 801299 801270 801270 801270  25834985  828930 828930 828930 828930 828930 828930 801299 801299 801299 801299 801299 801299 801299 801299 801299 801299 801299 801299 801299 801299 801299 801299 801299 801299 801299 801299 801299 801299 801299 801299 801299 801299 
17 compute 10046845
17 comm_size 32
17 allReduce 1729832 1153426703
17 compute 10273085183
17 comm_size 32
17 bcast 934 31 0
17 compute 337
17 barrier
17 compute 19148
17 comm_size 32
17 bcast 1729832
17 compute 1564394
17 comm_size 32
17 allReduce 223729 318200538
17 compute 10198395
17 compute 346
17 allToAllV 13097094 414465 414465 414465 414465 414465 414465 414465 414465 414465 414465 414465 414465 414465 414465 414465 414465 414465 414465 414465 414465 414465 414465 414465 414465 414465 386834 386834 386834 386834 386834 386834 386834  13262850  414465 414465 414465 414465 414465 414465 414465 414465 414465 414465 414465 414465 414465 414465 414465 414465 414465 414465 414465 414465 414465 414465 414465 414465 414465 414465 414465 414465 414465 414450 414450 414450 
17 compute 66461686
17 compute 1043
17 gather 133 133 0 
17 compute 31346729608
17 compute 336
17 reduceScatter 176256 176256 176256 176256 176256 176256 176256 176256 176256 176256 176256 176256 176256 176256 176256 176256 176256 176256 176256 176256 176256 176256 176256 176256 176256 176256 176256 176256 176256 176256 0 0 2981879548 
17 compute 25544501
17 comm_size 32
17 allReduce 2 333314194
17 compute 21529710
17 allToAll 13824 13824 
17 compute 72647834
17 allToAll 13824 13824 
17 compute 20696955
17 comm_size 32
17 allReduce 1 3891256
17 compute 1064032
17 compute 344
17 allGatherV 176256 176256 176256 176256 176256 176256 176256 176256 176256 176256 176256 176256 176256 176256 176256 176256 176256 176256 176256 176256 176256 176256 176256 176256 176256 176256 176256 176256 176256 176256 176256 0 0 0 176256 352512 528768 705024 881280 1057536 1233792 1410048 1586304 1762560 1938816 2115072 2291328 2467584 2643840 2820096 2996352 3172608 3348864 3525120 3701376 3877632 4053888 4230144 4406400 4582656 4758912 4935168 5111424 5258304 5258304 
17 compute 91011969629
17 comm_size 32
17 allReduce 4 2960041914
17 compute 66332037
17 compute 346
17 allToAllV 13262850 414465 414465 414465 414465 414465 414465 414465 414465 414465 414465 414465 414465 414465 414465 414465 414465 414465 414465 414465 414465 414465 414465 414465 414465 414465 414465 414465 414465 414465 414450 414450 414450  13097094  414465 414465 414465 414465 414465 414465 414465 414465 414465 414465 414465 414465 414465 414465 414465 414465 414465 414465 414465 414465 414465 414465 414465 414465 414465 386834 386834 386834 386834 386834 386834 386834 
17 compute 916691
17 comm_size 32
17 allReduce 223729 185638713
17 compute 10976
17 comm_size 32
17 allReduce 1 78131350
17 compute 10177
17 compute 346
17 allToAllV 13097094 414465 414465 414465 414465 414465 414465 414465 414465 414465 414465 414465 414465 414465 414465 414465 414465 414465 414465 414465 414465 414465 414465 414465 414465 414465 386834 386834 386834 386834 386834 386834 386834  13262850  414465 414465 414465 414465 414465 414465 414465 414465 414465 414465 414465 414465 414465 414465 414465 414465 414465 414465 414465 414465 414465 414465 414465 414465 414465 414465 414465 414465 414465 414450 414450 414450 
17 compute 289976975553
17 comm_size 32
17 allReduce 2 8823078998
17 compute 66335418
17 compute 346
17 allToAllV 13262850 414465 414465 414465 414465 414465 414465 414465 414465 414465 414465 414465 414465 414465 414465 414465 414465 414465 414465 414465 414465 414465 414465 414465 414465 414465 414465 414465 414465 414465 414450 414450 414450  13097094  414465 414465 414465 414465 414465 414465 414465 414465 414465 414465 414465 414465 414465 414465 414465 414465 414465 414465 414465 414465 414465 414465 414465 414465 414465 386834 386834 386834 386834 386834 386834 386834 
17 compute 116082026
17 comm_size 32
17 allReduce 7 14425933
17 compute 210072053
17 comm_size 32
17 allReduce 223729 160531021
17 compute 10172496
17 compute 346
17 allToAllV 13097094 414465 414465 414465 414465 414465 414465 414465 414465 414465 414465 414465 414465 414465 414465 414465 414465 414465 414465 414465 414465 414465 414465 414465 414465 414465 386834 386834 386834 386834 386834 386834 386834  13262850  414465 414465 414465 414465 414465 414465 414465 414465 414465 414465 414465 414465 414465 414465 414465 414465 414465 414465 414465 414465 414465 414465 414465 414465 414465 414465 414465 414465 414465 414450 414450 414450 
17 compute 31413034685
17 compute 336
17 reduceScatter 176256 176256 176256 176256 176256 176256 176256 176256 176256 176256 176256 176256 176256 176256 176256 176256 176256 176256 176256 176256 176256 176256 176256 176256 176256 176256 176256 176256 176256 176256 0 0 2962402373 
17 compute 25651125
17 comm_size 32
17 allReduce 2 345281754
17 compute 21529568
17 allToAll 13824 13824 
17 compute 72647834
17 allToAll 13824 13824 
17 compute 20696955
17 comm_size 32
17 allReduce 1 7981357
17 compute 1064032
17 compute 344
17 allGatherV 176256 176256 176256 176256 176256 176256 176256 176256 176256 176256 176256 176256 176256 176256 176256 176256 176256 176256 176256 176256 176256 176256 176256 176256 176256 176256 176256 176256 176256 176256 176256 0 0 0 176256 352512 528768 705024 881280 1057536 1233792 1410048 1586304 1762560 1938816 2115072 2291328 2467584 2643840 2820096 2996352 3172608 3348864 3525120 3701376 3877632 4053888 4230144 4406400 4582656 4758912 4935168 5111424 5258304 5258304 
17 compute 91011969518
17 comm_size 32
17 allReduce 4 2873461963
17 compute 66332037
17 compute 346
17 allToAllV 13262850 414465 414465 414465 414465 414465 414465 414465 414465 414465 414465 414465 414465 414465 414465 414465 414465 414465 414465 414465 414465 414465 414465 414465 414465 414465 414465 414465 414465 414465 414450 414450 414450  13097094  414465 414465 414465 414465 414465 414465 414465 414465 414465 414465 414465 414465 414465 414465 414465 414465 414465 414465 414465 414465 414465 414465 414465 414465 414465 386834 386834 386834 386834 386834 386834 386834 
17 compute 916689
17 comm_size 32
17 allReduce 223729 199354614
17 compute 10976
17 comm_size 32
17 allReduce 1 78200803
17 compute 10177
17 compute 346
17 allToAllV 13097094 414465 414465 414465 414465 414465 414465 414465 414465 414465 414465 414465 414465 414465 414465 414465 414465 414465 414465 414465 414465 414465 414465 414465 414465 414465 386834 386834 386834 386834 386834 386834 386834  13262850  414465 414465 414465 414465 414465 414465 414465 414465 414465 414465 414465 414465 414465 414465 414465 414465 414465 414465 414465 414465 414465 414465 414465 414465 414465 414465 414465 414465 414465 414450 414450 414450 
17 compute 289976956072
17 comm_size 32
17 allReduce 2 8683306575
17 compute 66335412
17 compute 346
17 allToAllV 13262850 414465 414465 414465 414465 414465 414465 414465 414465 414465 414465 414465 414465 414465 414465 414465 414465 414465 414465 414465 414465 414465 414465 414465 414465 414465 414465 414465 414465 414465 414450 414450 414450  13097094  414465 414465 414465 414465 414465 414465 414465 414465 414465 414465 414465 414465 414465 414465 414465 414465 414465 414465 414465 414465 414465 414465 414465 414465 414465 386834 386834 386834 386834 386834 386834 386834 
17 compute 194473433
17 comm_size 32
17 allReduce 7 11268296
17 compute 445334152
17 comm_size 32
17 allReduce 223729 703916249
17 compute 10172676
17 compute 346
17 allToAllV 13097094 414465 414465 414465 414465 414465 414465 414465 414465 414465 414465 414465 414465 414465 414465 414465 414465 414465 414465 414465 414465 414465 414465 414465 414465 414465 386834 386834 386834 386834 386834 386834 386834  13262850  414465 414465 414465 414465 414465 414465 414465 414465 414465 414465 414465 414465 414465 414465 414465 414465 414465 414465 414465 414465 414465 414465 414465 414465 414465 414465 414465 414465 414465 414450 414450 414450 
17 compute 31413034686
17 compute 336
17 reduceScatter 176256 176256 176256 176256 176256 176256 176256 176256 176256 176256 176256 176256 176256 176256 176256 176256 176256 176256 176256 176256 176256 176256 176256 176256 176256 176256 176256 176256 176256 176256 0 0 5077120532 
17 compute 25612681
17 comm_size 32
17 allReduce 2 804922877
17 compute 21529381
17 allToAll 13824 13824 
17 compute 72648155
17 allToAll 13824 13824 
17 compute 20696867
17 comm_size 32
17 allReduce 1 6365319
17 compute 1063930
17 compute 344
17 allGatherV 176256 176256 176256 176256 176256 176256 176256 176256 176256 176256 176256 176256 176256 176256 176256 176256 176256 176256 176256 176256 176256 176256 176256 176256 176256 176256 176256 176256 176256 176256 176256 0 0 0 176256 352512 528768 705024 881280 1057536 1233792 1410048 1586304 1762560 1938816 2115072 2291328 2467584 2643840 2820096 2996352 3172608 3348864 3525120 3701376 3877632 4053888 4230144 4406400 4582656 4758912 4935168 5111424 5258304 5258304 
17 compute 91012364428
17 comm_size 32
17 allReduce 4 2900833258
17 compute 66331885
17 compute 346
17 allToAllV 13262850 414465 414465 414465 414465 414465 414465 414465 414465 414465 414465 414465 414465 414465 414465 414465 414465 414465 414465 414465 414465 414465 414465 414465 414465 414465 414465 414465 414465 414465 414450 414450 414450  13097094  414465 414465 414465 414465 414465 414465 414465 414465 414465 414465 414465 414465 414465 414465 414465 414465 414465 414465 414465 414465 414465 414465 414465 414465 414465 386834 386834 386834 386834 386834 386834 386834 
17 compute 916383
17 comm_size 32
17 allReduce 223729 289895358
17 compute 10866
17 comm_size 32
17 allReduce 1 70795149
17 compute 9974
17 compute 346
17 allToAllV 13097094 414465 414465 414465 414465 414465 414465 414465 414465 414465 414465 414465 414465 414465 414465 414465 414465 414465 414465 414465 414465 414465 414465 414465 414465 414465 386834 386834 386834 386834 386834 386834 386834  13262850  414465 414465 414465 414465 414465 414465 414465 414465 414465 414465 414465 414465 414465 414465 414465 414465 414465 414465 414465 414465 414465 414465 414465 414465 414465 414465 414465 414465 414465 414450 414450 414450 
17 compute 289976956498
17 comm_size 32
17 allReduce 2 8142006495
17 compute 66335260
17 compute 346
17 allToAllV 13262850 414465 414465 414465 414465 414465 414465 414465 414465 414465 414465 414465 414465 414465 414465 414465 414465 414465 414465 414465 414465 414465 414465 414465 414465 414465 414465 414465 414465 414465 414450 414450 414450  13097094  414465 414465 414465 414465 414465 414465 414465 414465 414465 414465 414465 414465 414465 414465 414465 414465 414465 414465 414465 414465 414465 414465 414465 414465 414465 386834 386834 386834 386834 386834 386834 386834 
17 compute 272889951
17 comm_size 32
17 allReduce 7 42709829
17 compute 602162357
17 comm_size 32
17 allReduce 223729 803287373
17 compute 10172469
17 compute 346
17 allToAllV 13097094 414465 414465 414465 414465 414465 414465 414465 414465 414465 414465 414465 414465 414465 414465 414465 414465 414465 414465 414465 414465 414465 414465 414465 414465 414465 386834 386834 386834 386834 386834 386834 386834  13262850  414465 414465 414465 414465 414465 414465 414465 414465 414465 414465 414465 414465 414465 414465 414465 414465 414465 414465 414465 414465 414465 414465 414465 414465 414465 414465 414465 414465 414465 414450 414450 414450 
17 compute 31413034283
17 compute 336
17 reduceScatter 176256 176256 176256 176256 176256 176256 176256 176256 176256 176256 176256 176256 176256 176256 176256 176256 176256 176256 176256 176256 176256 176256 176256 176256 176256 176256 176256 176256 176256 176256 0 0 5883700025 
17 compute 25650175
17 comm_size 32
17 allReduce 2 391700067
17 compute 21529392
17 allToAll 13824 13824 
17 compute 72648153
17 allToAll 13824 13824 
17 compute 20696867
17 comm_size 32
17 allReduce 1 10701
17 compute 1063930
17 compute 344
17 allGatherV 176256 176256 176256 176256 176256 176256 176256 176256 176256 176256 176256 176256 176256 176256 176256 176256 176256 176256 176256 176256 176256 176256 176256 176256 176256 176256 176256 176256 176256 176256 176256 0 0 0 176256 352512 528768 705024 881280 1057536 1233792 1410048 1586304 1762560 1938816 2115072 2291328 2467584 2643840 2820096 2996352 3172608 3348864 3525120 3701376 3877632 4053888 4230144 4406400 4582656 4758912 4935168 5111424 5258304 5258304 
17 compute 91012364421
17 comm_size 32
17 allReduce 4 3041180721
17 compute 66331887
17 compute 346
17 allToAllV 13262850 414465 414465 414465 414465 414465 414465 414465 414465 414465 414465 414465 414465 414465 414465 414465 414465 414465 414465 414465 414465 414465 414465 414465 414465 414465 414465 414465 414465 414465 414450 414450 414450  13097094  414465 414465 414465 414465 414465 414465 414465 414465 414465 414465 414465 414465 414465 414465 414465 414465 414465 414465 414465 414465 414465 414465 414465 414465 414465 386834 386834 386834 386834 386834 386834 386834 
17 compute 916383
17 comm_size 32
17 allReduce 223729 162732021
17 compute 10866
17 comm_size 32
17 allReduce 1 74591754
17 compute 9974
17 compute 346
17 allToAllV 13097094 414465 414465 414465 414465 414465 414465 414465 414465 414465 414465 414465 414465 414465 414465 414465 414465 414465 414465 414465 414465 414465 414465 414465 414465 414465 386834 386834 386834 386834 386834 386834 386834  13262850  414465 414465 414465 414465 414465 414465 414465 414465 414465 414465 414465 414465 414465 414465 414465 414465 414465 414465 414465 414465 414465 414465 414465 414465 414465 414465 414465 414465 414465 414450 414450 414450 
17 compute 289976956485
17 comm_size 32
17 allReduce 2 8289234794
17 compute 66335260
17 compute 346
17 allToAllV 13262850 414465 414465 414465 414465 414465 414465 414465 414465 414465 414465 414465 414465 414465 414465 414465 414465 414465 414465 414465 414465 414465 414465 414465 414465 414465 414465 414465 414465 414465 414450 414450 414450  13097094  414465 414465 414465 414465 414465 414465 414465 414465 414465 414465 414465 414465 414465 414465 414465 414465 414465 414465 414465 414465 414465 414465 414465 414465 414465 386834 386834 386834 386834 386834 386834 386834 
17 compute 351306865
17 comm_size 32
17 allReduce 7 68781929
17 compute 758997704
17 comm_size 32
17 allReduce 223729 215577173
17 compute 10172579
17 compute 346
17 allToAllV 13097094 414465 414465 414465 414465 414465 414465 414465 414465 414465 414465 414465 414465 414465 414465 414465 414465 414465 414465 414465 414465 414465 414465 414465 414465 414465 386834 386834 386834 386834 386834 386834 386834  13262850  414465 414465 414465 414465 414465 414465 414465 414465 414465 414465 414465 414465 414465 414465 414465 414465 414465 414465 414465 414465 414465 414465 414465 414465 414465 414465 414465 414465 414465 414450 414450 414450 
17 compute 31413034274
17 compute 336
17 reduceScatter 176256 176256 176256 176256 176256 176256 176256 176256 176256 176256 176256 176256 176256 176256 176256 176256 176256 176256 176256 176256 176256 176256 176256 176256 176256 176256 176256 176256 176256 176256 0 0 2578449864 
17 compute 25650405
17 comm_size 32
17 allReduce 2 338443571
17 compute 21529403
17 allToAll 13824 13824 
17 compute 72648154
17 allToAll 13824 13824 
17 compute 20696867
17 comm_size 32
17 allReduce 1 3429091
17 compute 1063930
17 compute 344
17 allGatherV 176256 176256 176256 176256 176256 176256 176256 176256 176256 176256 176256 176256 176256 176256 176256 176256 176256 176256 176256 176256 176256 176256 176256 176256 176256 176256 176256 176256 176256 176256 176256 0 0 0 176256 352512 528768 705024 881280 1057536 1233792 1410048 1586304 1762560 1938816 2115072 2291328 2467584 2643840 2820096 2996352 3172608 3348864 3525120 3701376 3877632 4053888 4230144 4406400 4582656 4758912 4935168 5111424 5258304 5258304 
17 compute 91012364430
17 comm_size 32
17 allReduce 4 2811402155
17 compute 66331885
17 compute 346
17 allToAllV 13262850 414465 414465 414465 414465 414465 414465 414465 414465 414465 414465 414465 414465 414465 414465 414465 414465 414465 414465 414465 414465 414465 414465 414465 414465 414465 414465 414465 414465 414465 414450 414450 414450  13097094  414465 414465 414465 414465 414465 414465 414465 414465 414465 414465 414465 414465 414465 414465 414465 414465 414465 414465 414465 414465 414465 414465 414465 414465 414465 386834 386834 386834 386834 386834 386834 386834 
17 compute 916383
17 comm_size 32
17 allReduce 223729 204970702
17 compute 10874
17 comm_size 32
17 allReduce 1 82082332
17 compute 9974
17 compute 346
17 allToAllV 13097094 414465 414465 414465 414465 414465 414465 414465 414465 414465 414465 414465 414465 414465 414465 414465 414465 414465 414465 414465 414465 414465 414465 414465 414465 414465 386834 386834 386834 386834 386834 386834 386834  13262850  414465 414465 414465 414465 414465 414465 414465 414465 414465 414465 414465 414465 414465 414465 414465 414465 414465 414465 414465 414465 414465 414465 414465 414465 414465 414465 414465 414465 414465 414450 414450 414450 
17 compute 289976956493
17 comm_size 32
17 allReduce 2 8421440441
17 compute 66335261
17 compute 346
17 allToAllV 13262850 414465 414465 414465 414465 414465 414465 414465 414465 414465 414465 414465 414465 414465 414465 414465 414465 414465 414465 414465 414465 414465 414465 414465 414465 414465 414465 414465 414465 414465 414450 414450 414450  13097094  414465 414465 414465 414465 414465 414465 414465 414465 414465 414465 414465 414465 414465 414465 414465 414465 414465 414465 414465 414465 414465 414465 414465 414465 414465 386834 386834 386834 386834 386834 386834 386834 
17 compute 429723801
17 comm_size 32
17 allReduce 7 22533744
17 compute 915833244
17 comm_size 32
17 allReduce 223729 223537276
17 compute 10172529
17 compute 346
17 allToAllV 13097094 414465 414465 414465 414465 414465 414465 414465 414465 414465 414465 414465 414465 414465 414465 414465 414465 414465 414465 414465 414465 414465 414465 414465 414465 414465 386834 386834 386834 386834 386834 386834 386834  13262850  414465 414465 414465 414465 414465 414465 414465 414465 414465 414465 414465 414465 414465 414465 414465 414465 414465 414465 414465 414465 414465 414465 414465 414465 414465 414465 414465 414465 414465 414450 414450 414450 
17 compute 31413034275
17 compute 336
17 reduceScatter 176256 176256 176256 176256 176256 176256 176256 176256 176256 176256 176256 176256 176256 176256 176256 176256 176256 176256 176256 176256 176256 176256 176256 176256 176256 176256 176256 176256 176256 176256 0 0 2475927896 
17 compute 25638509
17 comm_size 32
17 allReduce 2 341197677
17 compute 21529403
17 allToAll 13824 13824 
17 compute 72648154
17 allToAll 13824 13824 
17 compute 20696867
17 comm_size 32
17 allReduce 1 1985176
17 compute 1063930
17 compute 344
17 allGatherV 176256 176256 176256 176256 176256 176256 176256 176256 176256 176256 176256 176256 176256 176256 176256 176256 176256 176256 176256 176256 176256 176256 176256 176256 176256 176256 176256 176256 176256 176256 176256 0 0 0 176256 352512 528768 705024 881280 1057536 1233792 1410048 1586304 1762560 1938816 2115072 2291328 2467584 2643840 2820096 2996352 3172608 3348864 3525120 3701376 3877632 4053888 4230144 4406400 4582656 4758912 4935168 5111424 5258304 5258304 
17 compute 91012364424
17 comm_size 32
17 allReduce 4 2855939685
17 compute 66331885
17 compute 346
17 allToAllV 13262850 414465 414465 414465 414465 414465 414465 414465 414465 414465 414465 414465 414465 414465 414465 414465 414465 414465 414465 414465 414465 414465 414465 414465 414465 414465 414465 414465 414465 414465 414450 414450 414450  13097094  414465 414465 414465 414465 414465 414465 414465 414465 414465 414465 414465 414465 414465 414465 414465 414465 414465 414465 414465 414465 414465 414465 414465 414465 414465 386834 386834 386834 386834 386834 386834 386834 
17 compute 916383
17 comm_size 32
17 allReduce 223729 190278594
17 compute 10866
17 comm_size 32
17 allReduce 1 79314143
17 compute 9974
17 compute 346
17 allToAllV 13097094 414465 414465 414465 414465 414465 414465 414465 414465 414465 414465 414465 414465 414465 414465 414465 414465 414465 414465 414465 414465 414465 414465 414465 414465 414465 386834 386834 386834 386834 386834 386834 386834  13262850  414465 414465 414465 414465 414465 414465 414465 414465 414465 414465 414465 414465 414465 414465 414465 414465 414465 414465 414465 414465 414465 414465 414465 414465 414465 414465 414465 414465 414465 414450 414450 414450 
17 compute 289976956492
17 comm_size 32
17 allReduce 2 8070567169
17 compute 66335260
17 compute 346
17 allToAllV 13262850 414465 414465 414465 414465 414465 414465 414465 414465 414465 414465 414465 414465 414465 414465 414465 414465 414465 414465 414465 414465 414465 414465 414465 414465 414465 414465 414465 414465 414465 414450 414450 414450  13097094  414465 414465 414465 414465 414465 414465 414465 414465 414465 414465 414465 414465 414465 414465 414465 414465 414465 414465 414465 414465 414465 414465 414465 414465 414465 386834 386834 386834 386834 386834 386834 386834 
17 compute 508140715
17 comm_size 32
17 allReduce 7 65556974
17 compute 1020351843
17 comm_size 32
17 allReduce 223729 255827228
17 compute 10172367
17 compute 346
17 allToAllV 13097094 414465 414465 414465 414465 414465 414465 414465 414465 414465 414465 414465 414465 414465 414465 414465 414465 414465 414465 414465 414465 414465 414465 414465 414465 414465 386834 386834 386834 386834 386834 386834 386834  13262850  414465 414465 414465 414465 414465 414465 414465 414465 414465 414465 414465 414465 414465 414465 414465 414465 414465 414465 414465 414465 414465 414465 414465 414465 414465 414465 414465 414465 414465 414450 414450 414450 
17 compute 31413034284
17 compute 336
17 reduceScatter 176256 176256 176256 176256 176256 176256 176256 176256 176256 176256 176256 176256 176256 176256 176256 176256 176256 176256 176256 176256 176256 176256 176256 176256 176256 176256 176256 176256 176256 176256 0 0 2570097801 
17 compute 25652965
17 comm_size 32
17 allReduce 2 349940953
17 compute 21529392
17 allToAll 13824 13824 
17 compute 72648154
17 allToAll 13824 13824 
17 compute 20696867
17 comm_size 32
17 allReduce 1 8247579
17 compute 1063931
17 compute 344
17 allGatherV 176256 176256 176256 176256 176256 176256 176256 176256 176256 176256 176256 176256 176256 176256 176256 176256 176256 176256 176256 176256 176256 176256 176256 176256 176256 176256 176256 176256 176256 176256 176256 0 0 0 176256 352512 528768 705024 881280 1057536 1233792 1410048 1586304 1762560 1938816 2115072 2291328 2467584 2643840 2820096 2996352 3172608 3348864 3525120 3701376 3877632 4053888 4230144 4406400 4582656 4758912 4935168 5111424 5258304 5258304 
17 compute 91012364421
17 comm_size 32
17 allReduce 4 2840032926
17 compute 66331885
17 compute 346
17 allToAllV 13262850 414465 414465 414465 414465 414465 414465 414465 414465 414465 414465 414465 414465 414465 414465 414465 414465 414465 414465 414465 414465 414465 414465 414465 414465 414465 414465 414465 414465 414465 414450 414450 414450  13097094  414465 414465 414465 414465 414465 414465 414465 414465 414465 414465 414465 414465 414465 414465 414465 414465 414465 414465 414465 414465 414465 414465 414465 414465 414465 386834 386834 386834 386834 386834 386834 386834 
17 compute 916383
17 comm_size 32
17 allReduce 223729 207753463
17 compute 10866
17 comm_size 32
17 allReduce 1 84149489
17 compute 9974
17 compute 346
17 allToAllV 13097094 414465 414465 414465 414465 414465 414465 414465 414465 414465 414465 414465 414465 414465 414465 414465 414465 414465 414465 414465 414465 414465 414465 414465 414465 414465 386834 386834 386834 386834 386834 386834 386834  13262850  414465 414465 414465 414465 414465 414465 414465 414465 414465 414465 414465 414465 414465 414465 414465 414465 414465 414465 414465 414465 414465 414465 414465 414465 414465 414465 414465 414465 414465 414450 414450 414450 
17 compute 289976956483
17 comm_size 32
17 allReduce 2 8141927327
17 compute 66335260
17 compute 346
17 allToAllV 13262850 414465 414465 414465 414465 414465 414465 414465 414465 414465 414465 414465 414465 414465 414465 414465 414465 414465 414465 414465 414465 414465 414465 414465 414465 414465 414465 414465 414465 414465 414450 414450 414450  13097094  414465 414465 414465 414465 414465 414465 414465 414465 414465 414465 414465 414465 414465 414465 414465 414465 414465 414465 414465 414465 414465 414465 414465 414465 414465 386834 386834 386834 386834 386834 386834 386834 
17 compute 508115788
17 comm_size 32
17 allReduce 7 30431015
17 compute 1020352008
17 comm_size 32
17 allReduce 223729 230831053
17 compute 10172373
17 compute 346
17 allToAllV 13097094 414465 414465 414465 414465 414465 414465 414465 414465 414465 414465 414465 414465 414465 414465 414465 414465 414465 414465 414465 414465 414465 414465 414465 414465 414465 386834 386834 386834 386834 386834 386834 386834  13262850  414465 414465 414465 414465 414465 414465 414465 414465 414465 414465 414465 414465 414465 414465 414465 414465 414465 414465 414465 414465 414465 414465 414465 414465 414465 414465 414465 414465 414465 414450 414450 414450 
17 compute 31413034277
17 compute 336
17 reduceScatter 176256 176256 176256 176256 176256 176256 176256 176256 176256 176256 176256 176256 176256 176256 176256 176256 176256 176256 176256 176256 176256 176256 176256 176256 176256 176256 176256 176256 176256 176256 0 0 2471535565 
17 compute 25648750
17 comm_size 32
17 allReduce 2 341249306
17 compute 21529403
17 allToAll 13824 13824 
17 compute 72648154
17 allToAll 13824 13824 
17 compute 20696867
17 comm_size 32
17 allReduce 1 2051442
17 compute 1063930
17 compute 344
17 allGatherV 176256 176256 176256 176256 176256 176256 176256 176256 176256 176256 176256 176256 176256 176256 176256 176256 176256 176256 176256 176256 176256 176256 176256 176256 176256 176256 176256 176256 176256 176256 176256 0 0 0 176256 352512 528768 705024 881280 1057536 1233792 1410048 1586304 1762560 1938816 2115072 2291328 2467584 2643840 2820096 2996352 3172608 3348864 3525120 3701376 3877632 4053888 4230144 4406400 4582656 4758912 4935168 5111424 5258304 5258304 
17 compute 91012364435
17 comm_size 32
17 allReduce 4 3086082770
17 compute 66331885
17 compute 346
17 allToAllV 13262850 414465 414465 414465 414465 414465 414465 414465 414465 414465 414465 414465 414465 414465 414465 414465 414465 414465 414465 414465 414465 414465 414465 414465 414465 414465 414465 414465 414465 414465 414450 414450 414450  13097094  414465 414465 414465 414465 414465 414465 414465 414465 414465 414465 414465 414465 414465 414465 414465 414465 414465 414465 414465 414465 414465 414465 414465 414465 414465 386834 386834 386834 386834 386834 386834 386834 
17 compute 916383
17 comm_size 32
17 allReduce 223729 161608216
17 compute 10874
17 comm_size 32
17 allReduce 1 87089232
17 compute 9974
17 compute 346
17 allToAllV 13097094 414465 414465 414465 414465 414465 414465 414465 414465 414465 414465 414465 414465 414465 414465 414465 414465 414465 414465 414465 414465 414465 414465 414465 414465 414465 386834 386834 386834 386834 386834 386834 386834  13262850  414465 414465 414465 414465 414465 414465 414465 414465 414465 414465 414465 414465 414465 414465 414465 414465 414465 414465 414465 414465 414465 414465 414465 414465 414465 414465 414465 414465 414465 414450 414450 414450 
17 compute 289976956487
17 comm_size 32
17 allReduce 2 8530577620
17 compute 66335262
17 compute 346
17 allToAllV 13262850 414465 414465 414465 414465 414465 414465 414465 414465 414465 414465 414465 414465 414465 414465 414465 414465 414465 414465 414465 414465 414465 414465 414465 414465 414465 414465 414465 414465 414465 414450 414450 414450  13097094  414465 414465 414465 414465 414465 414465 414465 414465 414465 414465 414465 414465 414465 414465 414465 414465 414465 414465 414465 414465 414465 414465 414465 414465 414465 386834 386834 386834 386834 386834 386834 386834 
17 compute 508115789
17 comm_size 32
17 allReduce 7 92713865
17 compute 1020351865
17 comm_size 32
17 allReduce 223729 197560679
17 compute 10172376
17 compute 346
17 allToAllV 13097094 414465 414465 414465 414465 414465 414465 414465 414465 414465 414465 414465 414465 414465 414465 414465 414465 414465 414465 414465 414465 414465 414465 414465 414465 414465 386834 386834 386834 386834 386834 386834 386834  13262850  414465 414465 414465 414465 414465 414465 414465 414465 414465 414465 414465 414465 414465 414465 414465 414465 414465 414465 414465 414465 414465 414465 414465 414465 414465 414465 414465 414465 414465 414450 414450 414450 
17 compute 31413034274
17 compute 336
17 reduceScatter 176256 176256 176256 176256 176256 176256 176256 176256 176256 176256 176256 176256 176256 176256 176256 176256 176256 176256 176256 176256 176256 176256 176256 176256 176256 176256 176256 176256 176256 176256 0 0 2513501622 
17 compute 25650271
17 comm_size 32
17 allReduce 2 354378345
17 compute 21529392
17 allToAll 13824 13824 
17 compute 72648154
17 allToAll 13824 13824 
17 compute 20696867
17 comm_size 32
17 allReduce 1 4181559
17 compute 1063930
17 compute 344
17 allGatherV 176256 176256 176256 176256 176256 176256 176256 176256 176256 176256 176256 176256 176256 176256 176256 176256 176256 176256 176256 176256 176256 176256 176256 176256 176256 176256 176256 176256 176256 176256 176256 0 0 0 176256 352512 528768 705024 881280 1057536 1233792 1410048 1586304 1762560 1938816 2115072 2291328 2467584 2643840 2820096 2996352 3172608 3348864 3525120 3701376 3877632 4053888 4230144 4406400 4582656 4758912 4935168 5111424 5258304 5258304 
17 compute 91012364428
17 comm_size 32
17 allReduce 4 2948799872
17 compute 66331885
17 compute 346
17 allToAllV 13262850 414465 414465 414465 414465 414465 414465 414465 414465 414465 414465 414465 414465 414465 414465 414465 414465 414465 414465 414465 414465 414465 414465 414465 414465 414465 414465 414465 414465 414465 414450 414450 414450  13097094  414465 414465 414465 414465 414465 414465 414465 414465 414465 414465 414465 414465 414465 414465 414465 414465 414465 414465 414465 414465 414465 414465 414465 414465 414465 386834 386834 386834 386834 386834 386834 386834 
17 compute 916383
17 comm_size 32
17 allReduce 223729 153417847
17 compute 10874
17 comm_size 32
17 allReduce 1 81869889
17 compute 9974
17 compute 346
17 allToAllV 13097094 414465 414465 414465 414465 414465 414465 414465 414465 414465 414465 414465 414465 414465 414465 414465 414465 414465 414465 414465 414465 414465 414465 414465 414465 414465 386834 386834 386834 386834 386834 386834 386834  13262850  414465 414465 414465 414465 414465 414465 414465 414465 414465 414465 414465 414465 414465 414465 414465 414465 414465 414465 414465 414465 414465 414465 414465 414465 414465 414465 414465 414465 414465 414450 414450 414450 
17 compute 289976956487
17 comm_size 32
17 allReduce 2 8099026426
17 compute 66335260
17 compute 346
17 allToAllV 13262850 414465 414465 414465 414465 414465 414465 414465 414465 414465 414465 414465 414465 414465 414465 414465 414465 414465 414465 414465 414465 414465 414465 414465 414465 414465 414465 414465 414465 414465 414450 414450 414450  13097094  414465 414465 414465 414465 414465 414465 414465 414465 414465 414465 414465 414465 414465 414465 414465 414465 414465 414465 414465 414465 414465 414465 414465 414465 414465 386834 386834 386834 386834 386834 386834 386834 
17 compute 508115798
17 comm_size 32
17 allReduce 7 44062168
17 compute 1020352010
17 comm_size 32
17 allReduce 223729 220015121
17 compute 10172531
17 compute 346
17 allToAllV 13097094 414465 414465 414465 414465 414465 414465 414465 414465 414465 414465 414465 414465 414465 414465 414465 414465 414465 414465 414465 414465 414465 414465 414465 414465 414465 386834 386834 386834 386834 386834 386834 386834  13262850  414465 414465 414465 414465 414465 414465 414465 414465 414465 414465 414465 414465 414465 414465 414465 414465 414465 414465 414465 414465 414465 414465 414465 414465 414465 414465 414465 414465 414465 414450 414450 414450 
17 compute 66331586
17 compute 1084
17 gather 133 133 0 
17 compute 31346705571
17 compute 336
17 reduceScatter 176256 176256 176256 176256 176256 176256 176256 176256 176256 176256 176256 176256 176256 176256 176256 176256 176256 176256 176256 176256 176256 176256 176256 176256 176256 176256 176256 176256 176256 176256 0 0 2605231804 
17 compute 25654957
17 comm_size 32
17 allReduce 2 340506979
17 compute 21530164
17 allToAll 13824 13824 
17 compute 72648054
17 allToAll 13824 13824 
17 compute 20697405
17 comm_size 32
17 allReduce 1 6314778
17 compute 1064204
17 compute 344
17 allGatherV 176256 176256 176256 176256 176256 176256 176256 176256 176256 176256 176256 176256 176256 176256 176256 176256 176256 176256 176256 176256 176256 176256 176256 176256 176256 176256 176256 176256 176256 176256 176256 0 0 0 176256 352512 528768 705024 881280 1057536 1233792 1410048 1586304 1762560 1938816 2115072 2291328 2467584 2643840 2820096 2996352 3172608 3348864 3525120 3701376 3877632 4053888 4230144 4406400 4582656 4758912 4935168 5111424 5258304 5258304 
17 compute 91012365660
17 comm_size 32
17 allReduce 4 2932569325
17 compute 66332223
17 compute 346
17 allToAllV 13262850 414465 414465 414465 414465 414465 414465 414465 414465 414465 414465 414465 414465 414465 414465 414465 414465 414465 414465 414465 414465 414465 414465 414465 414465 414465 414465 414465 414465 414465 414450 414450 414450  13097094  414465 414465 414465 414465 414465 414465 414465 414465 414465 414465 414465 414465 414465 414465 414465 414465 414465 414465 414465 414465 414465 414465 414465 414465 414465 386834 386834 386834 386834 386834 386834 386834 
17 compute 910041
17 comm_size 32
17 allReduce 223729 206554523
17 compute 1567905038
17 comm_size 32
17 allReduce 1 73577525
17 compute 9603
17 compute 346
17 allToAllV 13097094 414465 414465 414465 414465 414465 414465 414465 414465 414465 414465 414465 414465 414465 414465 414465 414465 414465 414465 414465 414465 414465 414465 414465 414465 414465 386834 386834 386834 386834 386834 386834 386834  13262850  414465 414465 414465 414465 414465 414465 414465 414465 414465 414465 414465 414465 414465 414465 414465 414465 414465 414465 414465 414465 414465 414465 414465 414465 414465 414465 414465 414465 414465 414450 414450 414450 
17 compute 66332078
17 comm_size 32
17 bcast 473 31 0
17 compute 337
17 barrier
17 compute 31293666086
17 compute 336
17 reduceScatter 176256 176256 176256 176256 176256 176256 176256 176256 176256 176256 176256 176256 176256 176256 176256 176256 176256 176256 176256 176256 176256 176256 176256 176256 176256 176256 176256 176256 176256 176256 0 0 2866191152 
17 compute 21790339
17 allToAll 13824 13824 
17 compute 72647990
17 allToAll 13824 13824 
17 compute 20516437
17 comm_size 32
17 allReduce 1 2883397
17 compute 987
17 comm_size 32
17 allReduce 6 892267
17 compute 4186
17 compute 344
17 allGatherV 176256 176256 176256 176256 176256 176256 176256 176256 176256 176256 176256 176256 176256 176256 176256 176256 176256 176256 176256 176256 176256 176256 176256 176256 176256 176256 176256 176256 176256 176256 176256 0 0 0 176256 352512 528768 705024 881280 1057536 1233792 1410048 1586304 1762560 1938816 2115072 2291328 2467584 2643840 2820096 2996352 3172608 3348864 3525120 3701376 3877632 4053888 4230144 4406400 4582656 4758912 4935168 5111424 5258304 5258304 
17 compute 10307794835
17 comm_size 32
17 allReduce 795 686029732
17 compute 993
17 comm_size 32
17 allReduce 1 1808034
17 compute 47000
17 barrier
17 compute 503568
17 compute 1085
17 gather 133 133 0 
17 compute 2395
17 compute 451
17 gather 3 3 0 
17 compute 87534
17 barrier
17 compute 20401
17 barrier
17 compute 346
17 barrier
17 compute 2654
17 finalize