31 init 1
31 compute 127157
31 compute 2652
31 compute 336361
31 compute 13002635
31 comm_size 32
31 bcast 1
31 compute 25656
31 barrier
31 compute 22470
31 comm_size 32
31 bcast 1
31 compute 24027
31 barrier
31 compute 22601
31 comm_size 32
31 bcast 1
31 compute 23750
31 barrier
31 compute 22519
31 comm_size 32
31 bcast 1
31 compute 23824
31 barrier
31 compute 22605
31 comm_size 32
31 bcast 1
31 compute 23867
31 barrier
31 compute 22677
31 comm_size 32
31 bcast 1
31 compute 23834
31 barrier
31 compute 22620
31 comm_size 32
31 bcast 1
31 compute 23492
31 barrier
31 compute 421
31 barrier
31 compute 166137
31 barrier
31 compute 27360790
31 barrier
31 compute 97275
31 comm_size 32
31 bcast 1
31 compute 378293
31 barrier
31 compute 12854
31 comm_size 32
31 bcast 1
31 compute 46329
31 barrier
31 compute 1017702
31 barrier
31 compute 124781
31 gather 795 795 0 
31 compute 1572422
31 allToAll 1746 1746 
31 compute 276028
31 barrier
31 compute 409314016
31 comm_size 32
31 allReduce 32 9196581 1
31 compute 2984188007
31 compute 1525
31 allToAllV 12378660 386834 386834 386834 386834 386834 386834 386834 386834 386834 386834 386834 386834 386834 386834 386834 386834 386834 386834 386834 386834 386834 386834 386834 386834 386834 386834 386834 386834 386834 386820 386820 386820  13096620  414450 414450 414450 414450 414450 414450 414450 414450 414450 414450 414450 414450 414450 414450 414450 414450 414450 414450 414450 414450 414450 414450 414450 414450 414450 386820 386820 386820 386820 386820 386820 386820 
31 compute 1058608127
31 barrier
31 compute 7712
31 compute 332
31 allToAllV 13096620 414450 414450 414450 414450 414450 414450 414450 414450 414450 414450 414450 414450 414450 414450 414450 414450 414450 414450 414450 414450 414450 414450 414450 414450 414450 386820 386820 386820 386820 386820 386820 386820  12378660  386834 386834 386834 386834 386834 386834 386834 386834 386834 386834 386834 386834 386834 386834 386834 386834 386834 386834 386834 386834 386834 386834 386834 386834 386834 386834 386834 386834 386834 386820 386820 386820 
31 compute 854144579
31 barrier
31 compute 866778
31 allToAll 13824 13824 
31 compute 12127
31 allToAll 13824 13824 
31 compute 26660
31 comm_size 32
31 allReduce 1 16408053
31 compute 37317
31 comm_size 32
31 allReduce 795 790700995
31 compute 40864
31 comm_size 32
31 allReduce 2 821059536
31 compute 835351
31 allToAll 13824 13824 
31 compute 11527
31 allToAll 13824 13824 
31 compute 26358
31 comm_size 32
31 allReduce 1 8581230
31 compute 415699
31 comm_size 32
31 allReduce 32 39149334 1
31 compute 60481268000
31 compute 1717
31 reduceScatter 176256 176256 176256 176256 176256 176256 176256 176256 176256 176256 176256 176256 176256 176256 176256 176256 176256 176256 176256 176256 176256 176256 176256 176256 176256 176256 176256 176256 176256 176256 0 0 2810376205 
31 compute 65397
31 comm_size 32
31 allReduce 2 768779652
31 compute 837003
31 allToAll 13824 13824 
31 compute 11107
31 allToAll 13824 13824 
31 compute 25426
31 comm_size 32
31 allReduce 1 7929298
31 compute 12568
31 compute 1377
31 allGatherV 0 176256 176256 176256 176256 176256 176256 176256 176256 176256 176256 176256 176256 176256 176256 176256 176256 176256 176256 176256 176256 176256 176256 176256 176256 176256 176256 176256 176256 176256 176256 0 0 0 176256 352512 528768 705024 881280 1057536 1233792 1410048 1586304 1762560 1938816 2115072 2291328 2467584 2643840 2820096 2996352 3172608 3348864 3525120 3701376 3877632 4053888 4230144 4406400 4582656 4758912 4935168 5111424 5258304 5258304 
31 compute 175833386559
31 comm_size 32
31 allReduce 4 1326591116
31 compute 128288827
31 compute 332
31 allToAllV 25641510 801299 801299 801299 801299 801299 801299 801299 801299 801299 801299 801299 801299 801299 801299 801299 801299 801299 801299 801299 801299 801299 801299 801299 801299 801299 801299 801299 801299 801299 801270 801270 801270  25834050  828900 828900 828900 828900 828900 828900 801270 801270 801270 801270 801270 801270 801270 801270 801270 801270 801270 801270 801270 801270 801270 801270 801270 801270 801270 801270 801270 801270 801270 801270 801270 801270 
31 compute 128241590
31 compute 332
31 allToAllV 25641510 801299 801299 801299 801299 801299 801299 801299 801299 801299 801299 801299 801299 801299 801299 801299 801299 801299 801299 801299 801299 801299 801299 801299 801299 801299 801299 801299 801299 801299 801270 801270 801270  25834050  828900 828900 828900 828900 828900 828900 801270 801270 801270 801270 801270 801270 801270 801270 801270 801270 801270 801270 801270 801270 801270 801270 801270 801270 801270 801270 801270 801270 801270 801270 801270 801270 
31 compute 10049033
31 comm_size 32
31 allReduce 1729832 753833140
31 compute 10273076976
31 comm_size 32
31 bcast 934 31 0
31 compute 337
31 barrier
31 compute 19465
31 comm_size 32
31 bcast 1729832
31 compute 1565049
31 comm_size 32
31 allReduce 223729 200786404
31 compute 10199519
31 compute 346
31 allToAllV 13096620 414450 414450 414450 414450 414450 414450 414450 414450 414450 414450 414450 414450 414450 414450 414450 414450 414450 414450 414450 414450 414450 414450 414450 414450 414450 386820 386820 386820 386820 386820 386820 386820  12378660  386834 386834 386834 386834 386834 386834 386834 386834 386834 386834 386834 386834 386834 386834 386834 386834 386834 386834 386834 386834 386834 386834 386834 386834 386834 386834 386834 386834 386834 386820 386820 386820 
31 compute 62038863
31 compute 1089
31 gather 133 133 0 
31 compute 29258358640
31 compute 336
31 reduceScatter 176256 176256 176256 176256 176256 176256 176256 176256 176256 176256 176256 176256 176256 176256 176256 176256 176256 176256 176256 176256 176256 176256 176256 176256 176256 176256 176256 176256 176256 176256 0 0 2861361725 
31 compute 61604
31 comm_size 32
31 allReduce 2 840152943
31 compute 835395
31 allToAll 13824 13824 
31 compute 10965
31 allToAll 13824 13824 
31 compute 24757
31 comm_size 32
31 allReduce 1 12179140
31 compute 6368
31 compute 344
31 allGatherV 0 176256 176256 176256 176256 176256 176256 176256 176256 176256 176256 176256 176256 176256 176256 176256 176256 176256 176256 176256 176256 176256 176256 176256 176256 176256 176256 176256 176256 176256 176256 0 0 0 176256 352512 528768 705024 881280 1057536 1233792 1410048 1586304 1762560 1938816 2115072 2291328 2467584 2643840 2820096 2996352 3172608 3348864 3525120 3701376 3877632 4053888 4230144 4406400 4582656 4758912 4935168 5111424 5258304 5258304 
31 compute 84960391925
31 comm_size 32
31 allReduce 4 3104133182
31 compute 61910580
31 compute 346
31 allToAllV 12378660 386834 386834 386834 386834 386834 386834 386834 386834 386834 386834 386834 386834 386834 386834 386834 386834 386834 386834 386834 386834 386834 386834 386834 386834 386834 386834 386834 386834 386834 386820 386820 386820  13096620  414450 414450 414450 414450 414450 414450 414450 414450 414450 414450 414450 414450 414450 414450 414450 414450 414450 414450 414450 414450 414450 414450 414450 414450 414450 386820 386820 386820 386820 386820 386820 386820 
31 compute 916837
31 comm_size 32
31 allReduce 223729 82064591
31 compute 14471
31 comm_size 32
31 allReduce 1 62072914
31 compute 10296
31 compute 346
31 allToAllV 13096620 414450 414450 414450 414450 414450 414450 414450 414450 414450 414450 414450 414450 414450 414450 414450 414450 414450 414450 414450 414450 414450 414450 414450 414450 414450 386820 386820 386820 386820 386820 386820 386820  12378660  386834 386834 386834 386834 386834 386834 386834 386834 386834 386834 386834 386834 386834 386834 386834 386834 386834 386834 386834 386834 386834 386834 386834 386834 386834 386834 386834 386834 386834 386820 386820 386820 
31 compute 270460648278
31 comm_size 32
31 allReduce 2 9135756471
31 compute 61913797
31 compute 346
31 allToAllV 12378660 386834 386834 386834 386834 386834 386834 386834 386834 386834 386834 386834 386834 386834 386834 386834 386834 386834 386834 386834 386834 386834 386834 386834 386834 386834 386834 386834 386834 386834 386820 386820 386820  13096620  414450 414450 414450 414450 414450 414450 414450 414450 414450 414450 414450 414450 414450 414450 414450 414450 414450 414450 414450 414450 414450 414450 414450 414450 414450 386820 386820 386820 386820 386820 386820 386820 
31 compute 116077830
31 comm_size 32
31 allReduce 7 17100645
31 compute 210063969
31 comm_size 32
31 allReduce 223729 115974383
31 compute 10180864
31 compute 346
31 allToAllV 13096620 414450 414450 414450 414450 414450 414450 414450 414450 414450 414450 414450 414450 414450 414450 414450 414450 414450 414450 414450 414450 414450 414450 414450 414450 414450 386820 386820 386820 386820 386820 386820 386820  12378660  386834 386834 386834 386834 386834 386834 386834 386834 386834 386834 386834 386834 386834 386834 386834 386834 386834 386834 386834 386834 386834 386834 386834 386834 386834 386834 386834 386834 386834 386820 386820 386820 
31 compute 29320242249
31 compute 336
31 reduceScatter 176256 176256 176256 176256 176256 176256 176256 176256 176256 176256 176256 176256 176256 176256 176256 176256 176256 176256 176256 176256 176256 176256 176256 176256 176256 176256 176256 176256 176256 176256 0 0 2962930089 
31 compute 61615
31 comm_size 32
31 allReduce 2 839451535
31 compute 835411
31 allToAll 13824 13824 
31 compute 10965
31 allToAll 13824 13824 
31 compute 24757
31 comm_size 32
31 allReduce 1 15839592
31 compute 6368
31 compute 344
31 allGatherV 0 176256 176256 176256 176256 176256 176256 176256 176256 176256 176256 176256 176256 176256 176256 176256 176256 176256 176256 176256 176256 176256 176256 176256 176256 176256 176256 176256 176256 176256 176256 0 0 0 176256 352512 528768 705024 881280 1057536 1233792 1410048 1586304 1762560 1938816 2115072 2291328 2467584 2643840 2820096 2996352 3172608 3348864 3525120 3701376 3877632 4053888 4230144 4406400 4582656 4758912 4935168 5111424 5258304 5258304 
31 compute 84960391799
31 comm_size 32
31 allReduce 4 3128762516
31 compute 61910580
31 compute 346
31 allToAllV 12378660 386834 386834 386834 386834 386834 386834 386834 386834 386834 386834 386834 386834 386834 386834 386834 386834 386834 386834 386834 386834 386834 386834 386834 386834 386834 386834 386834 386834 386834 386820 386820 386820  13096620  414450 414450 414450 414450 414450 414450 414450 414450 414450 414450 414450 414450 414450 414450 414450 414450 414450 414450 414450 414450 414450 414450 414450 414450 414450 386820 386820 386820 386820 386820 386820 386820 
31 compute 916835
31 comm_size 32
31 allReduce 223729 82619962
31 compute 14471
31 comm_size 32
31 allReduce 1 53831299
31 compute 10296
31 compute 346
31 allToAllV 13096620 414450 414450 414450 414450 414450 414450 414450 414450 414450 414450 414450 414450 414450 414450 414450 414450 414450 414450 414450 414450 414450 414450 414450 414450 414450 386820 386820 386820 386820 386820 386820 386820  12378660  386834 386834 386834 386834 386834 386834 386834 386834 386834 386834 386834 386834 386834 386834 386834 386834 386834 386834 386834 386834 386834 386834 386834 386834 386834 386834 386834 386834 386834 386820 386820 386820 
31 compute 270460631767
31 comm_size 32
31 allReduce 2 9057392582
31 compute 61913791
31 compute 346
31 allToAllV 12378660 386834 386834 386834 386834 386834 386834 386834 386834 386834 386834 386834 386834 386834 386834 386834 386834 386834 386834 386834 386834 386834 386834 386834 386834 386834 386834 386834 386834 386834 386820 386820 386820  13096620  414450 414450 414450 414450 414450 414450 414450 414450 414450 414450 414450 414450 414450 414450 414450 414450 414450 414450 414450 414450 414450 414450 414450 414450 414450 386820 386820 386820 386820 386820 386820 386820 
31 compute 194466404
31 comm_size 32
31 allReduce 7 614312
31 compute 445317424
31 comm_size 32
31 allReduce 223729 643132765
31 compute 10181062
31 compute 346
31 allToAllV 13096620 414450 414450 414450 414450 414450 414450 414450 414450 414450 414450 414450 414450 414450 414450 414450 414450 414450 414450 414450 414450 414450 414450 414450 414450 414450 386820 386820 386820 386820 386820 386820 386820  12378660  386834 386834 386834 386834 386834 386834 386834 386834 386834 386834 386834 386834 386834 386834 386834 386834 386834 386834 386834 386834 386834 386834 386834 386834 386834 386834 386834 386834 386834 386820 386820 386820 
31 compute 29320242172
31 compute 336
31 reduceScatter 176256 176256 176256 176256 176256 176256 176256 176256 176256 176256 176256 176256 176256 176256 176256 176256 176256 176256 176256 176256 176256 176256 176256 176256 176256 176256 176256 176256 176256 176256 0 0 3992418918 
31 compute 61615
31 comm_size 32
31 allReduce 2 1328010056
31 compute 835411
31 allToAll 13824 13824 
31 compute 10965
31 allToAll 13824 13824 
31 compute 24757
31 comm_size 32
31 allReduce 1 11879623
31 compute 6368
31 compute 344
31 allGatherV 0 176256 176256 176256 176256 176256 176256 176256 176256 176256 176256 176256 176256 176256 176256 176256 176256 176256 176256 176256 176256 176256 176256 176256 176256 176256 176256 176256 176256 176256 176256 0 0 0 176256 352512 528768 705024 881280 1057536 1233792 1410048 1586304 1762560 1938816 2115072 2291328 2467584 2643840 2820096 2996352 3172608 3348864 3525120 3701376 3877632 4053888 4230144 4406400 4582656 4758912 4935168 5111424 5258304 5258304 
31 compute 84960391826
31 comm_size 32
31 allReduce 4 2944976333
31 compute 61910578
31 compute 346
31 allToAllV 12378660 386834 386834 386834 386834 386834 386834 386834 386834 386834 386834 386834 386834 386834 386834 386834 386834 386834 386834 386834 386834 386834 386834 386834 386834 386834 386834 386834 386834 386834 386820 386820 386820  13096620  414450 414450 414450 414450 414450 414450 414450 414450 414450 414450 414450 414450 414450 414450 414450 414450 414450 414450 414450 414450 414450 414450 414450 414450 414450 386820 386820 386820 386820 386820 386820 386820 
31 compute 916835
31 comm_size 32
31 allReduce 223729 191639120
31 compute 14471
31 comm_size 32
31 allReduce 1 64285608
31 compute 10296
31 compute 346
31 allToAllV 13096620 414450 414450 414450 414450 414450 414450 414450 414450 414450 414450 414450 414450 414450 414450 414450 414450 414450 414450 414450 414450 414450 414450 414450 414450 414450 386820 386820 386820 386820 386820 386820 386820  12378660  386834 386834 386834 386834 386834 386834 386834 386834 386834 386834 386834 386834 386834 386834 386834 386834 386834 386834 386834 386834 386834 386834 386834 386834 386834 386834 386834 386834 386834 386820 386820 386820 
31 compute 270460631766
31 comm_size 32
31 allReduce 2 8391761704
31 compute 61913791
31 compute 346
31 allToAllV 12378660 386834 386834 386834 386834 386834 386834 386834 386834 386834 386834 386834 386834 386834 386834 386834 386834 386834 386834 386834 386834 386834 386834 386834 386834 386834 386834 386834 386834 386834 386820 386820 386820  13096620  414450 414450 414450 414450 414450 414450 414450 414450 414450 414450 414450 414450 414450 414450 414450 414450 414450 414450 414450 414450 414450 414450 414450 414450 414450 386820 386820 386820 386820 386820 386820 386820 
31 compute 272880492
31 comm_size 32
31 allReduce 7 28382575
31 compute 602140097
31 comm_size 32
31 allReduce 223729 743597118
31 compute 10180897
31 compute 346
31 allToAllV 13096620 414450 414450 414450 414450 414450 414450 414450 414450 414450 414450 414450 414450 414450 414450 414450 414450 414450 414450 414450 414450 414450 414450 414450 414450 414450 386820 386820 386820 386820 386820 386820 386820  12378660  386834 386834 386834 386834 386834 386834 386834 386834 386834 386834 386834 386834 386834 386834 386834 386834 386834 386834 386834 386834 386834 386834 386834 386834 386834 386834 386834 386834 386834 386820 386820 386820 
31 compute 29320242604
31 compute 336
31 reduceScatter 176256 176256 176256 176256 176256 176256 176256 176256 176256 176256 176256 176256 176256 176256 176256 176256 176256 176256 176256 176256 176256 176256 176256 176256 176256 176256 176256 176256 176256 176256 0 0 6074469487 
31 compute 61604
31 comm_size 32
31 allReduce 2 947761041
31 compute 835411
31 allToAll 13824 13824 
31 compute 10965
31 allToAll 13824 13824 
31 compute 24757
31 comm_size 32
31 allReduce 1 12368570
31 compute 6369
31 compute 344
31 allGatherV 0 176256 176256 176256 176256 176256 176256 176256 176256 176256 176256 176256 176256 176256 176256 176256 176256 176256 176256 176256 176256 176256 176256 176256 176256 176256 176256 176256 176256 176256 176256 0 0 0 176256 352512 528768 705024 881280 1057536 1233792 1410048 1586304 1762560 1938816 2115072 2291328 2467584 2643840 2820096 2996352 3172608 3348864 3525120 3701376 3877632 4053888 4230144 4406400 4582656 4758912 4935168 5111424 5258304 5258304 
31 compute 84960348369
31 comm_size 32
31 allReduce 4 3027024074
31 compute 61910583
31 compute 346
31 allToAllV 12378660 386834 386834 386834 386834 386834 386834 386834 386834 386834 386834 386834 386834 386834 386834 386834 386834 386834 386834 386834 386834 386834 386834 386834 386834 386834 386834 386834 386834 386834 386820 386820 386820  13096620  414450 414450 414450 414450 414450 414450 414450 414450 414450 414450 414450 414450 414450 414450 414450 414450 414450 414450 414450 414450 414450 414450 414450 414450 414450 386820 386820 386820 386820 386820 386820 386820 
31 compute 916829
31 comm_size 32
31 allReduce 223729 106144101
31 compute 14475
31 comm_size 32
31 allReduce 1 45438062
31 compute 10296
31 compute 346
31 allToAllV 13096620 414450 414450 414450 414450 414450 414450 414450 414450 414450 414450 414450 414450 414450 414450 414450 414450 414450 414450 414450 414450 414450 414450 414450 414450 414450 386820 386820 386820 386820 386820 386820 386820  12378660  386834 386834 386834 386834 386834 386834 386834 386834 386834 386834 386834 386834 386834 386834 386834 386834 386834 386834 386834 386834 386834 386834 386834 386834 386834 386834 386834 386834 386834 386820 386820 386820 
31 compute 270460631753
31 comm_size 32
31 allReduce 2 8626603709
31 compute 61913792
31 compute 346
31 allToAllV 12378660 386834 386834 386834 386834 386834 386834 386834 386834 386834 386834 386834 386834 386834 386834 386834 386834 386834 386834 386834 386834 386834 386834 386834 386834 386834 386834 386834 386834 386834 386820 386820 386820  13096620  414450 414450 414450 414450 414450 414450 414450 414450 414450 414450 414450 414450 414450 414450 414450 414450 414450 414450 414450 414450 414450 414450 414450 414450 414450 386820 386820 386820 386820 386820 386820 386820 
31 compute 351294576
31 comm_size 32
31 allReduce 7 26989379
31 compute 758969790
31 comm_size 32
31 allReduce 223729 150488374
31 compute 10180895
31 compute 346
31 allToAllV 13096620 414450 414450 414450 414450 414450 414450 414450 414450 414450 414450 414450 414450 414450 414450 414450 414450 414450 414450 414450 414450 414450 414450 414450 414450 414450 386820 386820 386820 386820 386820 386820 386820  12378660  386834 386834 386834 386834 386834 386834 386834 386834 386834 386834 386834 386834 386834 386834 386834 386834 386834 386834 386834 386834 386834 386834 386834 386834 386834 386834 386834 386834 386834 386820 386820 386820 
31 compute 29320242207
31 compute 336
31 reduceScatter 176256 176256 176256 176256 176256 176256 176256 176256 176256 176256 176256 176256 176256 176256 176256 176256 176256 176256 176256 176256 176256 176256 176256 176256 176256 176256 176256 176256 176256 176256 0 0 2445805773 
31 compute 61604
31 comm_size 32
31 allReduce 2 846252598
31 compute 835412
31 allToAll 13824 13824 
31 compute 10965
31 allToAll 13824 13824 
31 compute 24757
31 comm_size 32
31 allReduce 1 9854004
31 compute 6368
31 compute 344
31 allGatherV 0 176256 176256 176256 176256 176256 176256 176256 176256 176256 176256 176256 176256 176256 176256 176256 176256 176256 176256 176256 176256 176256 176256 176256 176256 176256 176256 176256 176256 176256 176256 0 0 0 176256 352512 528768 705024 881280 1057536 1233792 1410048 1586304 1762560 1938816 2115072 2291328 2467584 2643840 2820096 2996352 3172608 3348864 3525120 3701376 3877632 4053888 4230144 4406400 4582656 4758912 4935168 5111424 5258304 5258304 
31 compute 84960348229
31 comm_size 32
31 allReduce 4 3046842437
31 compute 61910580
31 compute 346
31 allToAllV 12378660 386834 386834 386834 386834 386834 386834 386834 386834 386834 386834 386834 386834 386834 386834 386834 386834 386834 386834 386834 386834 386834 386834 386834 386834 386834 386834 386834 386834 386834 386820 386820 386820  13096620  414450 414450 414450 414450 414450 414450 414450 414450 414450 414450 414450 414450 414450 414450 414450 414450 414450 414450 414450 414450 414450 414450 414450 414450 414450 386820 386820 386820 386820 386820 386820 386820 
31 compute 916827
31 comm_size 32
31 allReduce 223729 125972114
31 compute 14475
31 comm_size 32
31 allReduce 1 56909747
31 compute 10296
31 compute 346
31 allToAllV 13096620 414450 414450 414450 414450 414450 414450 414450 414450 414450 414450 414450 414450 414450 414450 414450 414450 414450 414450 414450 414450 414450 414450 414450 414450 414450 386820 386820 386820 386820 386820 386820 386820  12378660  386834 386834 386834 386834 386834 386834 386834 386834 386834 386834 386834 386834 386834 386834 386834 386834 386834 386834 386834 386834 386834 386834 386834 386834 386834 386834 386834 386834 386834 386820 386820 386820 
31 compute 270460631754
31 comm_size 32
31 allReduce 2 8854043690
31 compute 61913792
31 compute 346
31 allToAllV 12378660 386834 386834 386834 386834 386834 386834 386834 386834 386834 386834 386834 386834 386834 386834 386834 386834 386834 386834 386834 386834 386834 386834 386834 386834 386834 386834 386834 386834 386834 386820 386820 386820  13096620  414450 414450 414450 414450 414450 414450 414450 414450 414450 414450 414450 414450 414450 414450 414450 414450 414450 414450 414450 414450 414450 414450 414450 414450 414450 386820 386820 386820 386820 386820 386820 386820 
31 compute 429708658
31 comm_size 32
31 allReduce 7 35752241
31 compute 915799605
31 comm_size 32
31 allReduce 223729 86418250
31 compute 10180950
31 compute 346
31 allToAllV 13096620 414450 414450 414450 414450 414450 414450 414450 414450 414450 414450 414450 414450 414450 414450 414450 414450 414450 414450 414450 414450 414450 414450 414450 414450 414450 386820 386820 386820 386820 386820 386820 386820  12378660  386834 386834 386834 386834 386834 386834 386834 386834 386834 386834 386834 386834 386834 386834 386834 386834 386834 386834 386834 386834 386834 386834 386834 386834 386834 386834 386834 386834 386834 386820 386820 386820 
31 compute 29320242206
31 compute 336
31 reduceScatter 176256 176256 176256 176256 176256 176256 176256 176256 176256 176256 176256 176256 176256 176256 176256 176256 176256 176256 176256 176256 176256 176256 176256 176256 176256 176256 176256 176256 176256 176256 0 0 2321297196 
31 compute 61604
31 comm_size 32
31 allReduce 2 850334224
31 compute 835411
31 allToAll 13824 13824 
31 compute 10965
31 allToAll 13824 13824 
31 compute 24757
31 comm_size 32
31 allReduce 1 10217071
31 compute 6368
31 compute 344
31 allGatherV 0 176256 176256 176256 176256 176256 176256 176256 176256 176256 176256 176256 176256 176256 176256 176256 176256 176256 176256 176256 176256 176256 176256 176256 176256 176256 176256 176256 176256 176256 176256 0 0 0 176256 352512 528768 705024 881280 1057536 1233792 1410048 1586304 1762560 1938816 2115072 2291328 2467584 2643840 2820096 2996352 3172608 3348864 3525120 3701376 3877632 4053888 4230144 4406400 4582656 4758912 4935168 5111424 5258304 5258304 
31 compute 84960348243
31 comm_size 32
31 allReduce 4 2965373355
31 compute 61910581
31 compute 346
31 allToAllV 12378660 386834 386834 386834 386834 386834 386834 386834 386834 386834 386834 386834 386834 386834 386834 386834 386834 386834 386834 386834 386834 386834 386834 386834 386834 386834 386834 386834 386834 386834 386820 386820 386820  13096620  414450 414450 414450 414450 414450 414450 414450 414450 414450 414450 414450 414450 414450 414450 414450 414450 414450 414450 414450 414450 414450 414450 414450 414450 414450 386820 386820 386820 386820 386820 386820 386820 
31 compute 916827
31 comm_size 32
31 allReduce 223729 85341802
31 compute 14476
31 comm_size 32
31 allReduce 1 58393595
31 compute 10296
31 compute 346
31 allToAllV 13096620 414450 414450 414450 414450 414450 414450 414450 414450 414450 414450 414450 414450 414450 414450 414450 414450 414450 414450 414450 414450 414450 414450 414450 414450 414450 386820 386820 386820 386820 386820 386820 386820  12378660  386834 386834 386834 386834 386834 386834 386834 386834 386834 386834 386834 386834 386834 386834 386834 386834 386834 386834 386834 386834 386834 386834 386834 386834 386834 386834 386834 386834 386834 386820 386820 386820 
31 compute 270460631789
31 comm_size 32
31 allReduce 2 8416190164
31 compute 61913791
31 compute 346
31 allToAllV 12378660 386834 386834 386834 386834 386834 386834 386834 386834 386834 386834 386834 386834 386834 386834 386834 386834 386834 386834 386834 386834 386834 386834 386834 386834 386834 386834 386834 386834 386834 386820 386820 386820  13096620  414450 414450 414450 414450 414450 414450 414450 414450 414450 414450 414450 414450 414450 414450 414450 414450 414450 414450 414450 414450 414450 414450 414450 414450 414450 386820 386820 386820 386820 386820 386820 386820 
31 compute 508122744
31 comm_size 32
31 allReduce 7 17389108
31 compute 1020314339
31 comm_size 32
31 allReduce 223729 154612353
31 compute 10180859
31 compute 346
31 allToAllV 13096620 414450 414450 414450 414450 414450 414450 414450 414450 414450 414450 414450 414450 414450 414450 414450 414450 414450 414450 414450 414450 414450 414450 414450 414450 414450 386820 386820 386820 386820 386820 386820 386820  12378660  386834 386834 386834 386834 386834 386834 386834 386834 386834 386834 386834 386834 386834 386834 386834 386834 386834 386834 386834 386834 386834 386834 386834 386834 386834 386834 386834 386834 386834 386820 386820 386820 
31 compute 29320242220
31 compute 336
31 reduceScatter 176256 176256 176256 176256 176256 176256 176256 176256 176256 176256 176256 176256 176256 176256 176256 176256 176256 176256 176256 176256 176256 176256 176256 176256 176256 176256 176256 176256 176256 176256 0 0 2452302972 
31 compute 61604
31 comm_size 32
31 allReduce 2 841022395
31 compute 835411
31 allToAll 13824 13824 
31 compute 10965
31 allToAll 13824 13824 
31 compute 24757
31 comm_size 32
31 allReduce 1 8277104
31 compute 6368
31 compute 344
31 allGatherV 0 176256 176256 176256 176256 176256 176256 176256 176256 176256 176256 176256 176256 176256 176256 176256 176256 176256 176256 176256 176256 176256 176256 176256 176256 176256 176256 176256 176256 176256 176256 0 0 0 176256 352512 528768 705024 881280 1057536 1233792 1410048 1586304 1762560 1938816 2115072 2291328 2467584 2643840 2820096 2996352 3172608 3348864 3525120 3701376 3877632 4053888 4230144 4406400 4582656 4758912 4935168 5111424 5258304 5258304 
31 compute 84960348243
31 comm_size 32
31 allReduce 4 2976632256
31 compute 61910579
31 compute 346
31 allToAllV 12378660 386834 386834 386834 386834 386834 386834 386834 386834 386834 386834 386834 386834 386834 386834 386834 386834 386834 386834 386834 386834 386834 386834 386834 386834 386834 386834 386834 386834 386834 386820 386820 386820  13096620  414450 414450 414450 414450 414450 414450 414450 414450 414450 414450 414450 414450 414450 414450 414450 414450 414450 414450 414450 414450 414450 414450 414450 414450 414450 386820 386820 386820 386820 386820 386820 386820 
31 compute 916827
31 comm_size 32
31 allReduce 223729 127292802
31 compute 14467
31 comm_size 32
31 allReduce 1 64181099
31 compute 10296
31 compute 346
31 allToAllV 13096620 414450 414450 414450 414450 414450 414450 414450 414450 414450 414450 414450 414450 414450 414450 414450 414450 414450 414450 414450 414450 414450 414450 414450 414450 414450 386820 386820 386820 386820 386820 386820 386820  12378660  386834 386834 386834 386834 386834 386834 386834 386834 386834 386834 386834 386834 386834 386834 386834 386834 386834 386834 386834 386834 386834 386834 386834 386834 386834 386834 386834 386834 386834 386820 386820 386820 
31 compute 270460631779
31 comm_size 32
31 allReduce 2 8450736681
31 compute 61913793
31 compute 346
31 allToAllV 12378660 386834 386834 386834 386834 386834 386834 386834 386834 386834 386834 386834 386834 386834 386834 386834 386834 386834 386834 386834 386834 386834 386834 386834 386834 386834 386834 386834 386834 386834 386820 386820 386820  13096620  414450 414450 414450 414450 414450 414450 414450 414450 414450 414450 414450 414450 414450 414450 414450 414450 414450 414450 414450 414450 414450 414450 414450 414450 414450 386820 386820 386820 386820 386820 386820 386820 
31 compute 508097816
31 comm_size 32
31 allReduce 7 11060
31 compute 1020314360
31 comm_size 32
31 allReduce 223729 147866359
31 compute 10180957
31 compute 346
31 allToAllV 13096620 414450 414450 414450 414450 414450 414450 414450 414450 414450 414450 414450 414450 414450 414450 414450 414450 414450 414450 414450 414450 414450 414450 414450 414450 414450 386820 386820 386820 386820 386820 386820 386820  12378660  386834 386834 386834 386834 386834 386834 386834 386834 386834 386834 386834 386834 386834 386834 386834 386834 386834 386834 386834 386834 386834 386834 386834 386834 386834 386834 386834 386834 386834 386820 386820 386820 
31 compute 29320242169
31 compute 336
31 reduceScatter 176256 176256 176256 176256 176256 176256 176256 176256 176256 176256 176256 176256 176256 176256 176256 176256 176256 176256 176256 176256 176256 176256 176256 176256 176256 176256 176256 176256 176256 176256 0 0 2356126792 
31 compute 61604
31 comm_size 32
31 allReduce 2 832640907
31 compute 835412
31 allToAll 13824 13824 
31 compute 10965
31 allToAll 13824 13824 
31 compute 24757
31 comm_size 32
31 allReduce 1 9541053
31 compute 6368
31 compute 344
31 allGatherV 0 176256 176256 176256 176256 176256 176256 176256 176256 176256 176256 176256 176256 176256 176256 176256 176256 176256 176256 176256 176256 176256 176256 176256 176256 176256 176256 176256 176256 176256 176256 0 0 0 176256 352512 528768 705024 881280 1057536 1233792 1410048 1586304 1762560 1938816 2115072 2291328 2467584 2643840 2820096 2996352 3172608 3348864 3525120 3701376 3877632 4053888 4230144 4406400 4582656 4758912 4935168 5111424 5258304 5258304 
31 compute 84960348250
31 comm_size 32
31 allReduce 4 3159771657
31 compute 61910579
31 compute 346
31 allToAllV 12378660 386834 386834 386834 386834 386834 386834 386834 386834 386834 386834 386834 386834 386834 386834 386834 386834 386834 386834 386834 386834 386834 386834 386834 386834 386834 386834 386834 386834 386834 386820 386820 386820  13096620  414450 414450 414450 414450 414450 414450 414450 414450 414450 414450 414450 414450 414450 414450 414450 414450 414450 414450 414450 414450 414450 414450 414450 414450 414450 386820 386820 386820 386820 386820 386820 386820 
31 compute 916827
31 comm_size 32
31 allReduce 223729 101574168
31 compute 14467
31 comm_size 32
31 allReduce 1 60612383
31 compute 10296
31 compute 346
31 allToAllV 13096620 414450 414450 414450 414450 414450 414450 414450 414450 414450 414450 414450 414450 414450 414450 414450 414450 414450 414450 414450 414450 414450 414450 414450 414450 414450 386820 386820 386820 386820 386820 386820 386820  12378660  386834 386834 386834 386834 386834 386834 386834 386834 386834 386834 386834 386834 386834 386834 386834 386834 386834 386834 386834 386834 386834 386834 386834 386834 386834 386834 386834 386834 386834 386820 386820 386820 
31 compute 270460631776
31 comm_size 32
31 allReduce 2 8723174621
31 compute 61913791
31 compute 346
31 allToAllV 12378660 386834 386834 386834 386834 386834 386834 386834 386834 386834 386834 386834 386834 386834 386834 386834 386834 386834 386834 386834 386834 386834 386834 386834 386834 386834 386834 386834 386834 386834 386820 386820 386820  13096620  414450 414450 414450 414450 414450 414450 414450 414450 414450 414450 414450 414450 414450 414450 414450 414450 414450 414450 414450 414450 414450 414450 414450 414450 414450 386820 386820 386820 386820 386820 386820 386820 
31 compute 508097821
31 comm_size 32
31 allReduce 7 23786815
31 compute 1020314505
31 comm_size 32
31 allReduce 223729 131760563
31 compute 10180918
31 compute 346
31 allToAllV 13096620 414450 414450 414450 414450 414450 414450 414450 414450 414450 414450 414450 414450 414450 414450 414450 414450 414450 414450 414450 414450 414450 414450 414450 414450 414450 386820 386820 386820 386820 386820 386820 386820  12378660  386834 386834 386834 386834 386834 386834 386834 386834 386834 386834 386834 386834 386834 386834 386834 386834 386834 386834 386834 386834 386834 386834 386834 386834 386834 386834 386834 386834 386834 386820 386820 386820 
31 compute 29320242205
31 compute 336
31 reduceScatter 176256 176256 176256 176256 176256 176256 176256 176256 176256 176256 176256 176256 176256 176256 176256 176256 176256 176256 176256 176256 176256 176256 176256 176256 176256 176256 176256 176256 176256 176256 0 0 2353169386 
31 compute 61604
31 comm_size 32
31 allReduce 2 839428408
31 compute 835411
31 allToAll 13824 13824 
31 compute 10965
31 allToAll 13824 13824 
31 compute 24757
31 comm_size 32
31 allReduce 1 7895280
31 compute 6368
31 compute 344
31 allGatherV 0 176256 176256 176256 176256 176256 176256 176256 176256 176256 176256 176256 176256 176256 176256 176256 176256 176256 176256 176256 176256 176256 176256 176256 176256 176256 176256 176256 176256 176256 176256 0 0 0 176256 352512 528768 705024 881280 1057536 1233792 1410048 1586304 1762560 1938816 2115072 2291328 2467584 2643840 2820096 2996352 3172608 3348864 3525120 3701376 3877632 4053888 4230144 4406400 4582656 4758912 4935168 5111424 5258304 5258304 
31 compute 84960348240
31 comm_size 32
31 allReduce 4 3016263715
31 compute 61910579
31 compute 346
31 allToAllV 12378660 386834 386834 386834 386834 386834 386834 386834 386834 386834 386834 386834 386834 386834 386834 386834 386834 386834 386834 386834 386834 386834 386834 386834 386834 386834 386834 386834 386834 386834 386820 386820 386820  13096620  414450 414450 414450 414450 414450 414450 414450 414450 414450 414450 414450 414450 414450 414450 414450 414450 414450 414450 414450 414450 414450 414450 414450 414450 414450 386820 386820 386820 386820 386820 386820 386820 
31 compute 916828
31 comm_size 32
31 allReduce 223729 122923553
31 compute 14467
31 comm_size 32
31 allReduce 1 51355566
31 compute 10296
31 compute 346
31 allToAllV 13096620 414450 414450 414450 414450 414450 414450 414450 414450 414450 414450 414450 414450 414450 414450 414450 414450 414450 414450 414450 414450 414450 414450 414450 414450 414450 386820 386820 386820 386820 386820 386820 386820  12378660  386834 386834 386834 386834 386834 386834 386834 386834 386834 386834 386834 386834 386834 386834 386834 386834 386834 386834 386834 386834 386834 386834 386834 386834 386834 386834 386834 386834 386834 386820 386820 386820 
31 compute 270460631782
31 comm_size 32
31 allReduce 2 8375625725
31 compute 61913791
31 compute 346
31 allToAllV 12378660 386834 386834 386834 386834 386834 386834 386834 386834 386834 386834 386834 386834 386834 386834 386834 386834 386834 386834 386834 386834 386834 386834 386834 386834 386834 386834 386834 386834 386834 386820 386820 386820  13096620  414450 414450 414450 414450 414450 414450 414450 414450 414450 414450 414450 414450 414450 414450 414450 414450 414450 414450 414450 414450 414450 414450 414450 414450 414450 386820 386820 386820 386820 386820 386820 386820 
31 compute 508097823
31 comm_size 32
31 allReduce 7 11059
31 compute 1020314366
31 comm_size 32
31 allReduce 223729 116915317
31 compute 10180911
31 compute 346
31 allToAllV 13096620 414450 414450 414450 414450 414450 414450 414450 414450 414450 414450 414450 414450 414450 414450 414450 414450 414450 414450 414450 414450 414450 414450 414450 414450 414450 386820 386820 386820 386820 386820 386820 386820  12378660  386834 386834 386834 386834 386834 386834 386834 386834 386834 386834 386834 386834 386834 386834 386834 386834 386834 386834 386834 386834 386834 386834 386834 386834 386834 386834 386834 386834 386834 386820 386820 386820 
31 compute 61910180
31 compute 1168
31 gather 133 133 0 
31 compute 29258335112
31 compute 336
31 reduceScatter 176256 176256 176256 176256 176256 176256 176256 176256 176256 176256 176256 176256 176256 176256 176256 176256 176256 176256 176256 176256 176256 176256 176256 176256 176256 176256 176256 176256 176256 176256 0 0 2405247283 
31 compute 63848
31 comm_size 32
31 allReduce 2 859607424
31 compute 836468
31 allToAll 13824 13824 
31 compute 10845
31 allToAll 13824 13824 
31 compute 25434
31 comm_size 32
31 allReduce 1 11692853
31 compute 6742
31 compute 344
31 allGatherV 0 176256 176256 176256 176256 176256 176256 176256 176256 176256 176256 176256 176256 176256 176256 176256 176256 176256 176256 176256 176256 176256 176256 176256 176256 176256 176256 176256 176256 176256 176256 0 0 0 176256 352512 528768 705024 881280 1057536 1233792 1410048 1586304 1762560 1938816 2115072 2291328 2467584 2643840 2820096 2996352 3172608 3348864 3525120 3701376 3877632 4053888 4230144 4406400 4582656 4758912 4935168 5111424 5258304 5258304 
31 compute 84960349936
31 comm_size 32
31 allReduce 4 3040171727
31 compute 61911067
31 compute 347
31 allToAllV 12378660 386834 386834 386834 386834 386834 386834 386834 386834 386834 386834 386834 386834 386834 386834 386834 386834 386834 386834 386834 386834 386834 386834 386834 386834 386834 386834 386834 386834 386834 386820 386820 386820  13096620  414450 414450 414450 414450 414450 414450 414450 414450 414450 414450 414450 414450 414450 414450 414450 414450 414450 414450 414450 414450 414450 414450 414450 414450 414450 386820 386820 386820 386820 386820 386820 386820 
31 compute 910455
31 comm_size 32
31 allReduce 223729 78731806
31 compute 1567988838
31 comm_size 32
31 allReduce 1 242956207
31 compute 10065
31 compute 346
31 allToAllV 13096620 414450 414450 414450 414450 414450 414450 414450 414450 414450 414450 414450 414450 414450 414450 414450 414450 414450 414450 414450 414450 414450 414450 414450 414450 414450 386820 386820 386820 386820 386820 386820 386820  12378660  386834 386834 386834 386834 386834 386834 386834 386834 386834 386834 386834 386834 386834 386834 386834 386834 386834 386834 386834 386834 386834 386834 386834 386834 386834 386834 386834 386834 386834 386820 386820 386820 
31 compute 61910770
31 comm_size 32
31 bcast 473 31 0
31 compute 337
31 barrier
31 compute 29208832064
31 compute 336
31 reduceScatter 176256 176256 176256 176256 176256 176256 176256 176256 176256 176256 176256 176256 176256 176256 176256 176256 176256 176256 176256 176256 176256 176256 176256 176256 176256 176256 176256 176256 176256 176256 0 0 2536825356 
31 compute 839396
31 allToAll 13824 13824 
31 compute 11289
31 allToAll 13824 13824 
31 compute 25670
31 comm_size 32
31 allReduce 1 8938462
31 compute 987
31 comm_size 32
31 allReduce 6 1076550
31 compute 4213
31 compute 344
31 allGatherV 0 176256 176256 176256 176256 176256 176256 176256 176256 176256 176256 176256 176256 176256 176256 176256 176256 176256 176256 176256 176256 176256 176256 176256 176256 176256 176256 176256 176256 176256 176256 0 0 0 176256 352512 528768 705024 881280 1057536 1233792 1410048 1586304 1762560 1938816 2115072 2291328 2467584 2643840 2820096 2996352 3172608 3348864 3525120 3701376 3877632 4053888 4230144 4406400 4582656 4758912 4935168 5111424 5258304 5258304 
31 compute 8334508221
31 comm_size 32
31 allReduce 795 1136947961
31 compute 993
31 comm_size 32
31 allReduce 1 1422615
31 compute 47023
31 barrier
31 compute 504223
31 compute 1117
31 gather 133 133 0 
31 compute 2460
31 compute 451
31 gather 3 3 0 
31 compute 87105
31 barrier
31 compute 20360
31 barrier
31 compute 346
31 barrier
31 compute 2654
31 finalize