21 init 1
21 compute 127153
21 compute 2652
21 compute 336765
21 compute 13040698
21 comm_size 32
21 bcast 1
21 compute 25668
21 barrier
21 compute 22474
21 comm_size 32
21 bcast 1
21 compute 24027
21 barrier
21 compute 22605
21 comm_size 32
21 bcast 1
21 compute 23750
21 barrier
21 compute 22523
21 comm_size 32
21 bcast 1
21 compute 23824
21 barrier
21 compute 22609
21 comm_size 32
21 bcast 1
21 compute 23867
21 barrier
21 compute 22681
21 comm_size 32
21 bcast 1
21 compute 23834
21 barrier
21 compute 22624
21 comm_size 32
21 bcast 1
21 compute 23492
21 barrier
21 compute 421
21 barrier
21 compute 166325
21 barrier
21 compute 30037817
21 barrier
21 compute 97251
21 comm_size 32
21 bcast 1
21 compute 378292
21 barrier
21 compute 12854
21 comm_size 32
21 bcast 1
21 compute 46339
21 barrier
21 compute 1017475
21 barrier
21 compute 124765
21 gather 795 795 0 
21 compute 244537166
21 allToAll 1746 1746 
21 compute 276028
21 barrier
21 compute 409314436
21 comm_size 32
21 allReduce 32 7208831 1
21 compute 3038131051
21 compute 1525
21 allToAllV 13262850 414465 414465 414465 414465 414465 414465 414465 414465 414465 414465 414465 414465 414465 414465 414465 414465 414465 414465 414465 414465 414465 414465 414465 414465 414465 414465 414465 414465 414465 414450 414450 414450  13097094  414465 414465 414465 414465 414465 414465 414465 414465 414465 414465 414465 414465 414465 414465 414465 414465 414465 414465 414465 414465 414465 414465 414465 414465 414465 386834 386834 386834 386834 386834 386834 386834 
21 compute 1058646427
21 barrier
21 compute 7748
21 compute 332
21 allToAllV 13097094 414465 414465 414465 414465 414465 414465 414465 414465 414465 414465 414465 414465 414465 414465 414465 414465 414465 414465 414465 414465 414465 414465 414465 414465 414465 386834 386834 386834 386834 386834 386834 386834  13262850  414465 414465 414465 414465 414465 414465 414465 414465 414465 414465 414465 414465 414465 414465 414465 414465 414465 414465 414465 414465 414465 414465 414465 414465 414465 414465 414465 414465 414465 414450 414450 414450 
21 compute 915154402
21 barrier
21 compute 1444252854
21 allToAll 13824 13824 
21 compute 72648659
21 allToAll 13824 13824 
21 compute 20518520
21 comm_size 32
21 allReduce 1 10479272
21 compute 1373126126
21 comm_size 32
21 allReduce 795 3035528
21 compute 1488989422
21 comm_size 32
21 allReduce 2 5357055
21 compute 21530648
21 allToAll 13824 13824 
21 compute 72648512
21 allToAll 13824 13824 
21 compute 20517622
21 comm_size 32
21 allReduce 1 2161693
21 compute 62152034
21 comm_size 32
21 allReduce 32 11552421 1
21 compute 60481265726
21 compute 1717
21 reduceScatter 176256 176256 176256 176256 176256 176256 176256 176256 176256 176256 176256 176256 176256 176256 176256 176256 176256 176256 176256 176256 176256 176256 176256 176256 176256 176256 176256 176256 176256 176256 0 0 2933589738 
21 compute 25054542
21 comm_size 32
21 allReduce 2 214331317
21 compute 21530083
21 allToAll 13824 13824 
21 compute 72647121
21 allToAll 13824 13824 
21 compute 20697096
21 comm_size 32
21 allReduce 1 1355425
21 compute 1070110
21 compute 1377
21 allGatherV 176256 176256 176256 176256 176256 176256 176256 176256 176256 176256 176256 176256 176256 176256 176256 176256 176256 176256 176256 176256 176256 176256 176256 176256 176256 176256 176256 176256 176256 176256 176256 0 0 0 176256 352512 528768 705024 881280 1057536 1233792 1410048 1586304 1762560 1938816 2115072 2291328 2467584 2643840 2820096 2996352 3172608 3348864 3525120 3701376 3877632 4053888 4230144 4406400 4582656 4758912 4935168 5111424 5258304 5258304 
21 compute 175827329526
21 comm_size 32
21 allReduce 4 399048704
21 compute 128288692
21 compute 332
21 allToAllV 25641510 801299 801299 801299 801299 801299 801299 801299 801299 801299 801299 801299 801299 801299 801299 801299 801299 801299 801299 801299 801299 801299 801299 801299 801299 801299 801299 801299 801299 801299 801270 801270 801270  25834985  828930 828930 828930 828930 828930 828930 801299 801299 801299 801299 801299 801299 801299 801299 801299 801299 801299 801299 801299 801299 801299 801299 801299 801299 801299 801299 801299 801299 801299 801299 801299 801299 
21 compute 128241307
21 compute 332
21 allToAllV 25641510 801299 801299 801299 801299 801299 801299 801299 801299 801299 801299 801299 801299 801299 801299 801299 801299 801299 801299 801299 801299 801299 801299 801299 801299 801299 801299 801299 801299 801299 801270 801270 801270  25834985  828930 828930 828930 828930 828930 828930 801299 801299 801299 801299 801299 801299 801299 801299 801299 801299 801299 801299 801299 801299 801299 801299 801299 801299 801299 801299 801299 801299 801299 801299 801299 801299 
21 compute 10047340
21 comm_size 32
21 allReduce 1729832 633586775
21 compute 10273082078
21 comm_size 32
21 bcast 934 31 0
21 compute 337
21 barrier
21 compute 19408
21 comm_size 32
21 bcast 1729832
21 compute 1565758
21 comm_size 32
21 allReduce 223729 104219324
21 compute 10192556
21 compute 346
21 allToAllV 13097094 414465 414465 414465 414465 414465 414465 414465 414465 414465 414465 414465 414465 414465 414465 414465 414465 414465 414465 414465 414465 414465 414465 414465 414465 414465 386834 386834 386834 386834 386834 386834 386834  13262850  414465 414465 414465 414465 414465 414465 414465 414465 414465 414465 414465 414465 414465 414465 414465 414465 414465 414465 414465 414465 414465 414465 414465 414465 414465 414465 414465 414465 414465 414450 414450 414450 
21 compute 66461109
21 compute 1240
21 gather 133 133 0 
21 compute 31346732794
21 compute 336
21 reduceScatter 176256 176256 176256 176256 176256 176256 176256 176256 176256 176256 176256 176256 176256 176256 176256 176256 176256 176256 176256 176256 176256 176256 176256 176256 176256 176256 176256 176256 176256 176256 0 0 2081030077 
21 compute 25036255
21 comm_size 32
21 allReduce 2 217154404
21 compute 21530880
21 allToAll 13824 13824 
21 compute 72648259
21 allToAll 13824 13824 
21 compute 20697854
21 comm_size 32
21 allReduce 1 1662507
21 compute 1064407
21 compute 344
21 allGatherV 176256 176256 176256 176256 176256 176256 176256 176256 176256 176256 176256 176256 176256 176256 176256 176256 176256 176256 176256 176256 176256 176256 176256 176256 176256 176256 176256 176256 176256 176256 176256 0 0 0 176256 352512 528768 705024 881280 1057536 1233792 1410048 1586304 1762560 1938816 2115072 2291328 2467584 2643840 2820096 2996352 3172608 3348864 3525120 3701376 3877632 4053888 4230144 4406400 4582656 4758912 4935168 5111424 5258304 5258304 
21 compute 91012700454
21 comm_size 32
21 allReduce 4 230975807
21 compute 66332617
21 compute 346
21 allToAllV 13262850 414465 414465 414465 414465 414465 414465 414465 414465 414465 414465 414465 414465 414465 414465 414465 414465 414465 414465 414465 414465 414465 414465 414465 414465 414465 414465 414465 414465 414465 414450 414450 414450  13097094  414465 414465 414465 414465 414465 414465 414465 414465 414465 414465 414465 414465 414465 414465 414465 414465 414465 414465 414465 414465 414465 414465 414465 414465 414465 386834 386834 386834 386834 386834 386834 386834 
21 compute 917794
21 comm_size 32
21 allReduce 223729 89996371
21 compute 11257
21 comm_size 32
21 allReduce 1 12161251
21 compute 11014
21 compute 346
21 allToAllV 13097094 414465 414465 414465 414465 414465 414465 414465 414465 414465 414465 414465 414465 414465 414465 414465 414465 414465 414465 414465 414465 414465 414465 414465 414465 414465 386834 386834 386834 386834 386834 386834 386834  13262850  414465 414465 414465 414465 414465 414465 414465 414465 414465 414465 414465 414465 414465 414465 414465 414465 414465 414465 414465 414465 414465 414465 414465 414465 414465 414465 414465 414465 414465 414450 414450 414450 
21 compute 289796415254
21 comm_size 32
21 allReduce 2 10855
21 compute 66335986
21 compute 346
21 allToAllV 13262850 414465 414465 414465 414465 414465 414465 414465 414465 414465 414465 414465 414465 414465 414465 414465 414465 414465 414465 414465 414465 414465 414465 414465 414465 414465 414465 414465 414465 414465 414450 414450 414450  13097094  414465 414465 414465 414465 414465 414465 414465 414465 414465 414465 414465 414465 414465 414465 414465 414465 414465 414465 414465 414465 414465 414465 414465 414465 414465 386834 386834 386834 386834 386834 386834 386834 
21 compute 116083513
21 comm_size 32
21 allReduce 7 16644766
21 compute 210073193
21 comm_size 32
21 allReduce 223729 96293731
21 compute 10182841
21 compute 346
21 allToAllV 13097094 414465 414465 414465 414465 414465 414465 414465 414465 414465 414465 414465 414465 414465 414465 414465 414465 414465 414465 414465 414465 414465 414465 414465 414465 414465 386834 386834 386834 386834 386834 386834 386834  13262850  414465 414465 414465 414465 414465 414465 414465 414465 414465 414465 414465 414465 414465 414465 414465 414465 414465 414465 414465 414465 414465 414465 414465 414465 414465 414465 414465 414465 414465 414450 414450 414450 
21 compute 31413038182
21 compute 336
21 reduceScatter 176256 176256 176256 176256 176256 176256 176256 176256 176256 176256 176256 176256 176256 176256 176256 176256 176256 176256 176256 176256 176256 176256 176256 176256 176256 176256 176256 176256 176256 176256 0 0 2131956746 
21 compute 25167276
21 comm_size 32
21 allReduce 2 206386697
21 compute 21530802
21 allToAll 13824 13824 
21 compute 72648259
21 allToAll 13824 13824 
21 compute 20697896
21 comm_size 32
21 allReduce 1 5973360
21 compute 1064407
21 compute 344
21 allGatherV 176256 176256 176256 176256 176256 176256 176256 176256 176256 176256 176256 176256 176256 176256 176256 176256 176256 176256 176256 176256 176256 176256 176256 176256 176256 176256 176256 176256 176256 176256 176256 0 0 0 176256 352512 528768 705024 881280 1057536 1233792 1410048 1586304 1762560 1938816 2115072 2291328 2467584 2643840 2820096 2996352 3172608 3348864 3525120 3701376 3877632 4053888 4230144 4406400 4582656 4758912 4935168 5111424 5258304 5258304 
21 compute 91012422414
21 comm_size 32
21 allReduce 4 10348863
21 compute 66332617
21 compute 346
21 allToAllV 13262850 414465 414465 414465 414465 414465 414465 414465 414465 414465 414465 414465 414465 414465 414465 414465 414465 414465 414465 414465 414465 414465 414465 414465 414465 414465 414465 414465 414465 414465 414450 414450 414450  13097094  414465 414465 414465 414465 414465 414465 414465 414465 414465 414465 414465 414465 414465 414465 414465 414465 414465 414465 414465 414465 414465 414465 414465 414465 414465 386834 386834 386834 386834 386834 386834 386834 
21 compute 917746
21 comm_size 32
21 allReduce 223729 96055871
21 compute 11242
21 comm_size 32
21 allReduce 1 13812471
21 compute 10992
21 compute 346
21 allToAllV 13097094 414465 414465 414465 414465 414465 414465 414465 414465 414465 414465 414465 414465 414465 414465 414465 414465 414465 414465 414465 414465 414465 414465 414465 414465 414465 386834 386834 386834 386834 386834 386834 386834  13262850  414465 414465 414465 414465 414465 414465 414465 414465 414465 414465 414465 414465 414465 414465 414465 414465 414465 414465 414465 414465 414465 414465 414465 414465 414465 414465 414465 414465 414465 414450 414450 414450 
21 compute 289796400652
21 comm_size 32
21 allReduce 2 10852
21 compute 66335981
21 compute 346
21 allToAllV 13262850 414465 414465 414465 414465 414465 414465 414465 414465 414465 414465 414465 414465 414465 414465 414465 414465 414465 414465 414465 414465 414465 414465 414465 414465 414465 414465 414465 414465 414465 414450 414450 414450  13097094  414465 414465 414465 414465 414465 414465 414465 414465 414465 414465 414465 414465 414465 414465 414465 414465 414465 414465 414465 414465 414465 414465 414465 414465 414465 386834 386834 386834 386834 386834 386834 386834 
21 compute 194474918
21 comm_size 32
21 allReduce 7 47333
21 compute 445335058
21 comm_size 32
21 allReduce 223729 595561247
21 compute 10182596
21 compute 346
21 allToAllV 13097094 414465 414465 414465 414465 414465 414465 414465 414465 414465 414465 414465 414465 414465 414465 414465 414465 414465 414465 414465 414465 414465 414465 414465 414465 414465 386834 386834 386834 386834 386834 386834 386834  13262850  414465 414465 414465 414465 414465 414465 414465 414465 414465 414465 414465 414465 414465 414465 414465 414465 414465 414465 414465 414465 414465 414465 414465 414465 414465 414465 414465 414465 414465 414450 414450 414450 
21 compute 31413038181
21 compute 336
21 reduceScatter 176256 176256 176256 176256 176256 176256 176256 176256 176256 176256 176256 176256 176256 176256 176256 176256 176256 176256 176256 176256 176256 176256 176256 176256 176256 176256 176256 176256 176256 176256 0 0 4288941296 
21 compute 25068349
21 comm_size 32
21 allReduce 2 655590613
21 compute 21530802
21 allToAll 13824 13824 
21 compute 72648259
21 allToAll 13824 13824 
21 compute 20697899
21 comm_size 32
21 allReduce 1 2247188
21 compute 1064407
21 compute 344
21 allGatherV 176256 176256 176256 176256 176256 176256 176256 176256 176256 176256 176256 176256 176256 176256 176256 176256 176256 176256 176256 176256 176256 176256 176256 176256 176256 176256 176256 176256 176256 176256 176256 0 0 0 176256 352512 528768 705024 881280 1057536 1233792 1410048 1586304 1762560 1938816 2115072 2291328 2467584 2643840 2820096 2996352 3172608 3348864 3525120 3701376 3877632 4053888 4230144 4406400 4582656 4758912 4935168 5111424 5258304 5258304 
21 compute 91012422422
21 comm_size 32
21 allReduce 4 17889855
21 compute 66332616
21 compute 346
21 allToAllV 13262850 414465 414465 414465 414465 414465 414465 414465 414465 414465 414465 414465 414465 414465 414465 414465 414465 414465 414465 414465 414465 414465 414465 414465 414465 414465 414465 414465 414465 414465 414450 414450 414450  13097094  414465 414465 414465 414465 414465 414465 414465 414465 414465 414465 414465 414465 414465 414465 414465 414465 414465 414465 414465 414465 414465 414465 414465 414465 414465 386834 386834 386834 386834 386834 386834 386834 
21 compute 917748
21 comm_size 32
21 allReduce 223729 197447364
21 compute 11242
21 comm_size 32
21 allReduce 1 10841
21 compute 10992
21 compute 346
21 allToAllV 13097094 414465 414465 414465 414465 414465 414465 414465 414465 414465 414465 414465 414465 414465 414465 414465 414465 414465 414465 414465 414465 414465 414465 414465 414465 414465 386834 386834 386834 386834 386834 386834 386834  13262850  414465 414465 414465 414465 414465 414465 414465 414465 414465 414465 414465 414465 414465 414465 414465 414465 414465 414465 414465 414465 414465 414465 414465 414465 414465 414465 414465 414465 414465 414450 414450 414450 
21 compute 289796400735
21 comm_size 32
21 allReduce 2 10852
21 compute 66335981
21 compute 346
21 allToAllV 13262850 414465 414465 414465 414465 414465 414465 414465 414465 414465 414465 414465 414465 414465 414465 414465 414465 414465 414465 414465 414465 414465 414465 414465 414465 414465 414465 414465 414465 414465 414450 414450 414450  13097094  414465 414465 414465 414465 414465 414465 414465 414465 414465 414465 414465 414465 414465 414465 414465 414465 414465 414465 414465 414465 414465 414465 414465 414465 414465 386834 386834 386834 386834 386834 386834 386834 
21 compute 272891853
21 comm_size 32
21 allReduce 7 11056
21 compute 602163507
21 comm_size 32
21 allReduce 223729 665713000
21 compute 10182793
21 compute 346
21 allToAllV 13097094 414465 414465 414465 414465 414465 414465 414465 414465 414465 414465 414465 414465 414465 414465 414465 414465 414465 414465 414465 414465 414465 414465 414465 414465 414465 386834 386834 386834 386834 386834 386834 386834  13262850  414465 414465 414465 414465 414465 414465 414465 414465 414465 414465 414465 414465 414465 414465 414465 414465 414465 414465 414465 414465 414465 414465 414465 414465 414465 414465 414465 414465 414465 414450 414450 414450 
21 compute 31413038203
21 compute 336
21 reduceScatter 176256 176256 176256 176256 176256 176256 176256 176256 176256 176256 176256 176256 176256 176256 176256 176256 176256 176256 176256 176256 176256 176256 176256 176256 176256 176256 176256 176256 176256 176256 0 0 4995690525 
21 compute 25081900
21 comm_size 32
21 allReduce 2 261446460
21 compute 21530823
21 allToAll 13824 13824 
21 compute 72648258
21 allToAll 13824 13824 
21 compute 20697896
21 comm_size 32
21 allReduce 1 2873911
21 compute 1064407
21 compute 344
21 allGatherV 176256 176256 176256 176256 176256 176256 176256 176256 176256 176256 176256 176256 176256 176256 176256 176256 176256 176256 176256 176256 176256 176256 176256 176256 176256 176256 176256 176256 176256 176256 176256 0 0 0 176256 352512 528768 705024 881280 1057536 1233792 1410048 1586304 1762560 1938816 2115072 2291328 2467584 2643840 2820096 2996352 3172608 3348864 3525120 3701376 3877632 4053888 4230144 4406400 4582656 4758912 4935168 5111424 5258304 5258304 
21 compute 91012422426
21 comm_size 32
21 allReduce 4 21068150
21 compute 66332619
21 compute 346
21 allToAllV 13262850 414465 414465 414465 414465 414465 414465 414465 414465 414465 414465 414465 414465 414465 414465 414465 414465 414465 414465 414465 414465 414465 414465 414465 414465 414465 414465 414465 414465 414465 414450 414450 414450  13097094  414465 414465 414465 414465 414465 414465 414465 414465 414465 414465 414465 414465 414465 414465 414465 414465 414465 414465 414465 414465 414465 414465 414465 414465 414465 386834 386834 386834 386834 386834 386834 386834 
21 compute 917746
21 comm_size 32
21 allReduce 223729 96861836
21 compute 11250
21 comm_size 32
21 allReduce 1 3467879
21 compute 10992
21 compute 346
21 allToAllV 13097094 414465 414465 414465 414465 414465 414465 414465 414465 414465 414465 414465 414465 414465 414465 414465 414465 414465 414465 414465 414465 414465 414465 414465 414465 414465 386834 386834 386834 386834 386834 386834 386834  13262850  414465 414465 414465 414465 414465 414465 414465 414465 414465 414465 414465 414465 414465 414465 414465 414465 414465 414465 414465 414465 414465 414465 414465 414465 414465 414465 414465 414465 414465 414450 414450 414450 
21 compute 289796400714
21 comm_size 32
21 allReduce 2 10852
21 compute 66335980
21 compute 346
21 allToAllV 13262850 414465 414465 414465 414465 414465 414465 414465 414465 414465 414465 414465 414465 414465 414465 414465 414465 414465 414465 414465 414465 414465 414465 414465 414465 414465 414465 414465 414465 414465 414450 414450 414450  13097094  414465 414465 414465 414465 414465 414465 414465 414465 414465 414465 414465 414465 414465 414465 414465 414465 414465 414465 414465 414465 414465 414465 414465 414465 414465 386834 386834 386834 386834 386834 386834 386834 
21 compute 351308766
21 comm_size 32
21 allReduce 7 30950270
21 compute 758998823
21 comm_size 32
21 allReduce 223729 77403650
21 compute 10182769
21 compute 346
21 allToAllV 13097094 414465 414465 414465 414465 414465 414465 414465 414465 414465 414465 414465 414465 414465 414465 414465 414465 414465 414465 414465 414465 414465 414465 414465 414465 414465 386834 386834 386834 386834 386834 386834 386834  13262850  414465 414465 414465 414465 414465 414465 414465 414465 414465 414465 414465 414465 414465 414465 414465 414465 414465 414465 414465 414465 414465 414465 414465 414465 414465 414465 414465 414465 414465 414450 414450 414450 
21 compute 31413038193
21 compute 336
21 reduceScatter 176256 176256 176256 176256 176256 176256 176256 176256 176256 176256 176256 176256 176256 176256 176256 176256 176256 176256 176256 176256 176256 176256 176256 176256 176256 176256 176256 176256 176256 176256 0 0 1723702562 
21 compute 25094987
21 comm_size 32
21 allReduce 2 209206892
21 compute 21530812
21 allToAll 13824 13824 
21 compute 72648258
21 allToAll 13824 13824 
21 compute 20697896
21 comm_size 32
21 allReduce 1 10810
21 compute 1064407
21 compute 344
21 allGatherV 176256 176256 176256 176256 176256 176256 176256 176256 176256 176256 176256 176256 176256 176256 176256 176256 176256 176256 176256 176256 176256 176256 176256 176256 176256 176256 176256 176256 176256 176256 176256 0 0 0 176256 352512 528768 705024 881280 1057536 1233792 1410048 1586304 1762560 1938816 2115072 2291328 2467584 2643840 2820096 2996352 3172608 3348864 3525120 3701376 3877632 4053888 4230144 4406400 4582656 4758912 4935168 5111424 5258304 5258304 
21 compute 91012422506
21 comm_size 32
21 allReduce 4 85354109
21 compute 66332616
21 compute 346
21 allToAllV 13262850 414465 414465 414465 414465 414465 414465 414465 414465 414465 414465 414465 414465 414465 414465 414465 414465 414465 414465 414465 414465 414465 414465 414465 414465 414465 414465 414465 414465 414465 414450 414450 414450  13097094  414465 414465 414465 414465 414465 414465 414465 414465 414465 414465 414465 414465 414465 414465 414465 414465 414465 414465 414465 414465 414465 414465 414465 414465 414465 386834 386834 386834 386834 386834 386834 386834 
21 compute 917756
21 comm_size 32
21 allReduce 223729 79707252
21 compute 11250
21 comm_size 32
21 allReduce 1 19656573
21 compute 10992
21 compute 346
21 allToAllV 13097094 414465 414465 414465 414465 414465 414465 414465 414465 414465 414465 414465 414465 414465 414465 414465 414465 414465 414465 414465 414465 414465 414465 414465 414465 414465 386834 386834 386834 386834 386834 386834 386834  13262850  414465 414465 414465 414465 414465 414465 414465 414465 414465 414465 414465 414465 414465 414465 414465 414465 414465 414465 414465 414465 414465 414465 414465 414465 414465 414465 414465 414465 414465 414450 414450 414450 
21 compute 289796400653
21 comm_size 32
21 allReduce 2 10852
21 compute 66335980
21 compute 346
21 allToAllV 13262850 414465 414465 414465 414465 414465 414465 414465 414465 414465 414465 414465 414465 414465 414465 414465 414465 414465 414465 414465 414465 414465 414465 414465 414465 414465 414465 414465 414465 414465 414450 414450 414450  13097094  414465 414465 414465 414465 414465 414465 414465 414465 414465 414465 414465 414465 414465 414465 414465 414465 414465 414465 414465 414465 414465 414465 414465 414465 414465 386834 386834 386834 386834 386834 386834 386834 
21 compute 429725693
21 comm_size 32
21 allReduce 7 28415469
21 compute 915834479
21 comm_size 32
21 allReduce 223729 127000980
21 compute 10182634
21 compute 346
21 allToAllV 13097094 414465 414465 414465 414465 414465 414465 414465 414465 414465 414465 414465 414465 414465 414465 414465 414465 414465 414465 414465 414465 414465 414465 414465 414465 414465 386834 386834 386834 386834 386834 386834 386834  13262850  414465 414465 414465 414465 414465 414465 414465 414465 414465 414465 414465 414465 414465 414465 414465 414465 414465 414465 414465 414465 414465 414465 414465 414465 414465 414465 414465 414465 414465 414450 414450 414450 
21 compute 31413038211
21 compute 336
21 reduceScatter 176256 176256 176256 176256 176256 176256 176256 176256 176256 176256 176256 176256 176256 176256 176256 176256 176256 176256 176256 176256 176256 176256 176256 176256 176256 176256 176256 176256 176256 176256 0 0 1723907112 
21 compute 25078781
21 comm_size 32
21 allReduce 2 209353624
21 compute 21530801
21 allToAll 13824 13824 
21 compute 72648258
21 allToAll 13824 13824 
21 compute 20697896
21 comm_size 32
21 allReduce 1 39927
21 compute 1064407
21 compute 344
21 allGatherV 176256 176256 176256 176256 176256 176256 176256 176256 176256 176256 176256 176256 176256 176256 176256 176256 176256 176256 176256 176256 176256 176256 176256 176256 176256 176256 176256 176256 176256 176256 176256 0 0 0 176256 352512 528768 705024 881280 1057536 1233792 1410048 1586304 1762560 1938816 2115072 2291328 2467584 2643840 2820096 2996352 3172608 3348864 3525120 3701376 3877632 4053888 4230144 4406400 4582656 4758912 4935168 5111424 5258304 5258304 
21 compute 91012422384
21 comm_size 32
21 allReduce 4 31834382
21 compute 66332617
21 compute 346
21 allToAllV 13262850 414465 414465 414465 414465 414465 414465 414465 414465 414465 414465 414465 414465 414465 414465 414465 414465 414465 414465 414465 414465 414465 414465 414465 414465 414465 414465 414465 414465 414465 414450 414450 414450  13097094  414465 414465 414465 414465 414465 414465 414465 414465 414465 414465 414465 414465 414465 414465 414465 414465 414465 414465 414465 414465 414465 414465 414465 414465 414465 386834 386834 386834 386834 386834 386834 386834 
21 compute 917746
21 comm_size 32
21 allReduce 223729 82769062
21 compute 11242
21 comm_size 32
21 allReduce 1 10840
21 compute 10992
21 compute 346
21 allToAllV 13097094 414465 414465 414465 414465 414465 414465 414465 414465 414465 414465 414465 414465 414465 414465 414465 414465 414465 414465 414465 414465 414465 414465 414465 414465 414465 386834 386834 386834 386834 386834 386834 386834  13262850  414465 414465 414465 414465 414465 414465 414465 414465 414465 414465 414465 414465 414465 414465 414465 414465 414465 414465 414465 414465 414465 414465 414465 414465 414465 414465 414465 414465 414465 414450 414450 414450 
21 compute 289796400594
21 comm_size 32
21 allReduce 2 10852
21 compute 66335981
21 compute 346
21 allToAllV 13262850 414465 414465 414465 414465 414465 414465 414465 414465 414465 414465 414465 414465 414465 414465 414465 414465 414465 414465 414465 414465 414465 414465 414465 414465 414465 414465 414465 414465 414465 414450 414450 414450  13097094  414465 414465 414465 414465 414465 414465 414465 414465 414465 414465 414465 414465 414465 414465 414465 414465 414465 414465 414465 414465 414465 414465 414465 414465 414465 386834 386834 386834 386834 386834 386834 386834 
21 compute 508142616
21 comm_size 32
21 allReduce 7 8857974
21 compute 1020352569
21 comm_size 32
21 allReduce 223729 133479564
21 compute 10182694
21 compute 346
21 allToAllV 13097094 414465 414465 414465 414465 414465 414465 414465 414465 414465 414465 414465 414465 414465 414465 414465 414465 414465 414465 414465 414465 414465 414465 414465 414465 414465 386834 386834 386834 386834 386834 386834 386834  13262850  414465 414465 414465 414465 414465 414465 414465 414465 414465 414465 414465 414465 414465 414465 414465 414465 414465 414465 414465 414465 414465 414465 414465 414465 414465 414465 414465 414465 414465 414450 414450 414450 
21 compute 31413038198
21 compute 336
21 reduceScatter 176256 176256 176256 176256 176256 176256 176256 176256 176256 176256 176256 176256 176256 176256 176256 176256 176256 176256 176256 176256 176256 176256 176256 176256 176256 176256 176256 176256 176256 176256 0 0 1700313496 
21 compute 25086379
21 comm_size 32
21 allReduce 2 210185657
21 compute 21530822
21 allToAll 13824 13824 
21 compute 72648258
21 allToAll 13824 13824 
21 compute 20697896
21 comm_size 32
21 allReduce 1 5410107
21 compute 1064407
21 compute 344
21 allGatherV 176256 176256 176256 176256 176256 176256 176256 176256 176256 176256 176256 176256 176256 176256 176256 176256 176256 176256 176256 176256 176256 176256 176256 176256 176256 176256 176256 176256 176256 176256 176256 0 0 0 176256 352512 528768 705024 881280 1057536 1233792 1410048 1586304 1762560 1938816 2115072 2291328 2467584 2643840 2820096 2996352 3172608 3348864 3525120 3701376 3877632 4053888 4230144 4406400 4582656 4758912 4935168 5111424 5258304 5258304 
21 compute 91012422390
21 comm_size 32
21 allReduce 4 53734657
21 compute 66332617
21 compute 346
21 allToAllV 13262850 414465 414465 414465 414465 414465 414465 414465 414465 414465 414465 414465 414465 414465 414465 414465 414465 414465 414465 414465 414465 414465 414465 414465 414465 414465 414465 414465 414465 414465 414450 414450 414450  13097094  414465 414465 414465 414465 414465 414465 414465 414465 414465 414465 414465 414465 414465 414465 414465 414465 414465 414465 414465 414465 414465 414465 414465 414465 414465 386834 386834 386834 386834 386834 386834 386834 
21 compute 917746
21 comm_size 32
21 allReduce 223729 98361070
21 compute 11242
21 comm_size 32
21 allReduce 1 10840
21 compute 10992
21 compute 346
21 allToAllV 13097094 414465 414465 414465 414465 414465 414465 414465 414465 414465 414465 414465 414465 414465 414465 414465 414465 414465 414465 414465 414465 414465 414465 414465 414465 414465 386834 386834 386834 386834 386834 386834 386834  13262850  414465 414465 414465 414465 414465 414465 414465 414465 414465 414465 414465 414465 414465 414465 414465 414465 414465 414465 414465 414465 414465 414465 414465 414465 414465 414465 414465 414465 414465 414450 414450 414450 
21 compute 289796400625
21 comm_size 32
21 allReduce 2 10852
21 compute 66335981
21 compute 346
21 allToAllV 13262850 414465 414465 414465 414465 414465 414465 414465 414465 414465 414465 414465 414465 414465 414465 414465 414465 414465 414465 414465 414465 414465 414465 414465 414465 414465 414465 414465 414465 414465 414450 414450 414450  13097094  414465 414465 414465 414465 414465 414465 414465 414465 414465 414465 414465 414465 414465 414465 414465 414465 414465 414465 414465 414465 414465 414465 414465 414465 414465 386834 386834 386834 386834 386834 386834 386834 
21 compute 508117684
21 comm_size 32
21 allReduce 7 15373398
21 compute 1020352734
21 comm_size 32
21 allReduce 223729 100771028
21 compute 10182764
21 compute 346
21 allToAllV 13097094 414465 414465 414465 414465 414465 414465 414465 414465 414465 414465 414465 414465 414465 414465 414465 414465 414465 414465 414465 414465 414465 414465 414465 414465 414465 386834 386834 386834 386834 386834 386834 386834  13262850  414465 414465 414465 414465 414465 414465 414465 414465 414465 414465 414465 414465 414465 414465 414465 414465 414465 414465 414465 414465 414465 414465 414465 414465 414465 414465 414465 414465 414465 414450 414450 414450 
21 compute 31413038191
21 compute 336
21 reduceScatter 176256 176256 176256 176256 176256 176256 176256 176256 176256 176256 176256 176256 176256 176256 176256 176256 176256 176256 176256 176256 176256 176256 176256 176256 176256 176256 176256 176256 176256 176256 0 0 1722618934 
21 compute 25082229
21 comm_size 32
21 allReduce 2 210228901
21 compute 21530823
21 allToAll 13824 13824 
21 compute 72648258
21 allToAll 13824 13824 
21 compute 20697896
21 comm_size 32
21 allReduce 1 1190330
21 compute 1064407
21 compute 344
21 allGatherV 176256 176256 176256 176256 176256 176256 176256 176256 176256 176256 176256 176256 176256 176256 176256 176256 176256 176256 176256 176256 176256 176256 176256 176256 176256 176256 176256 176256 176256 176256 176256 0 0 0 176256 352512 528768 705024 881280 1057536 1233792 1410048 1586304 1762560 1938816 2115072 2291328 2467584 2643840 2820096 2996352 3172608 3348864 3525120 3701376 3877632 4053888 4230144 4406400 4582656 4758912 4935168 5111424 5258304 5258304 
21 compute 91012422426
21 comm_size 32
21 allReduce 4 10928
21 compute 66332617
21 compute 346
21 allToAllV 13262850 414465 414465 414465 414465 414465 414465 414465 414465 414465 414465 414465 414465 414465 414465 414465 414465 414465 414465 414465 414465 414465 414465 414465 414465 414465 414465 414465 414465 414465 414450 414450 414450  13097094  414465 414465 414465 414465 414465 414465 414465 414465 414465 414465 414465 414465 414465 414465 414465 414465 414465 414465 414465 414465 414465 414465 414465 414465 414465 386834 386834 386834 386834 386834 386834 386834 
21 compute 917746
21 comm_size 32
21 allReduce 223729 81078068
21 compute 11250
21 comm_size 32
21 allReduce 1 1356693
21 compute 10992
21 compute 346
21 allToAllV 13097094 414465 414465 414465 414465 414465 414465 414465 414465 414465 414465 414465 414465 414465 414465 414465 414465 414465 414465 414465 414465 414465 414465 414465 414465 414465 386834 386834 386834 386834 386834 386834 386834  13262850  414465 414465 414465 414465 414465 414465 414465 414465 414465 414465 414465 414465 414465 414465 414465 414465 414465 414465 414465 414465 414465 414465 414465 414465 414465 414465 414465 414465 414465 414450 414450 414450 
21 compute 289796400655
21 comm_size 32
21 allReduce 2 10852
21 compute 66335983
21 compute 346
21 allToAllV 13262850 414465 414465 414465 414465 414465 414465 414465 414465 414465 414465 414465 414465 414465 414465 414465 414465 414465 414465 414465 414465 414465 414465 414465 414465 414465 414465 414465 414465 414465 414450 414450 414450  13097094  414465 414465 414465 414465 414465 414465 414465 414465 414465 414465 414465 414465 414465 414465 414465 414465 414465 414465 414465 414465 414465 414465 414465 414465 414465 386834 386834 386834 386834 386834 386834 386834 
21 compute 508117693
21 comm_size 32
21 allReduce 7 21586175
21 compute 1020352587
21 comm_size 32
21 allReduce 223729 103142467
21 compute 10182779
21 compute 346
21 allToAllV 13097094 414465 414465 414465 414465 414465 414465 414465 414465 414465 414465 414465 414465 414465 414465 414465 414465 414465 414465 414465 414465 414465 414465 414465 414465 414465 386834 386834 386834 386834 386834 386834 386834  13262850  414465 414465 414465 414465 414465 414465 414465 414465 414465 414465 414465 414465 414465 414465 414465 414465 414465 414465 414465 414465 414465 414465 414465 414465 414465 414465 414465 414465 414465 414450 414450 414450 
21 compute 31413038183
21 compute 336
21 reduceScatter 176256 176256 176256 176256 176256 176256 176256 176256 176256 176256 176256 176256 176256 176256 176256 176256 176256 176256 176256 176256 176256 176256 176256 176256 176256 176256 176256 176256 176256 176256 0 0 1706649849 
21 compute 25084147
21 comm_size 32
21 allReduce 2 222411233
21 compute 21530801
21 allToAll 13824 13824 
21 compute 72648258
21 allToAll 13824 13824 
21 compute 20697896
21 comm_size 32
21 allReduce 1 3562258
21 compute 1064407
21 compute 344
21 allGatherV 176256 176256 176256 176256 176256 176256 176256 176256 176256 176256 176256 176256 176256 176256 176256 176256 176256 176256 176256 176256 176256 176256 176256 176256 176256 176256 176256 176256 176256 176256 176256 0 0 0 176256 352512 528768 705024 881280 1057536 1233792 1410048 1586304 1762560 1938816 2115072 2291328 2467584 2643840 2820096 2996352 3172608 3348864 3525120 3701376 3877632 4053888 4230144 4406400 4582656 4758912 4935168 5111424 5258304 5258304 
21 compute 91012422442
21 comm_size 32
21 allReduce 4 6146796
21 compute 66332617
21 compute 346
21 allToAllV 13262850 414465 414465 414465 414465 414465 414465 414465 414465 414465 414465 414465 414465 414465 414465 414465 414465 414465 414465 414465 414465 414465 414465 414465 414465 414465 414465 414465 414465 414465 414450 414450 414450  13097094  414465 414465 414465 414465 414465 414465 414465 414465 414465 414465 414465 414465 414465 414465 414465 414465 414465 414465 414465 414465 414465 414465 414465 414465 414465 386834 386834 386834 386834 386834 386834 386834 
21 compute 917746
21 comm_size 32
21 allReduce 223729 80944077
21 compute 11242
21 comm_size 32
21 allReduce 1 11496166
21 compute 10992
21 compute 346
21 allToAllV 13097094 414465 414465 414465 414465 414465 414465 414465 414465 414465 414465 414465 414465 414465 414465 414465 414465 414465 414465 414465 414465 414465 414465 414465 414465 414465 386834 386834 386834 386834 386834 386834 386834  13262850  414465 414465 414465 414465 414465 414465 414465 414465 414465 414465 414465 414465 414465 414465 414465 414465 414465 414465 414465 414465 414465 414465 414465 414465 414465 414465 414465 414465 414465 414450 414450 414450 
21 compute 289796400657
21 comm_size 32
21 allReduce 2 10852
21 compute 66335981
21 compute 346
21 allToAllV 13262850 414465 414465 414465 414465 414465 414465 414465 414465 414465 414465 414465 414465 414465 414465 414465 414465 414465 414465 414465 414465 414465 414465 414465 414465 414465 414465 414465 414465 414465 414450 414450 414450  13097094  414465 414465 414465 414465 414465 414465 414465 414465 414465 414465 414465 414465 414465 414465 414465 414465 414465 414465 414465 414465 414465 414465 414465 414465 414465 386834 386834 386834 386834 386834 386834 386834 
21 compute 508117700
21 comm_size 32
21 allReduce 7 13233877
21 compute 1020352741
21 comm_size 32
21 allReduce 223729 73664764
21 compute 10182628
21 compute 346
21 allToAllV 13097094 414465 414465 414465 414465 414465 414465 414465 414465 414465 414465 414465 414465 414465 414465 414465 414465 414465 414465 414465 414465 414465 414465 414465 414465 414465 386834 386834 386834 386834 386834 386834 386834  13262850  414465 414465 414465 414465 414465 414465 414465 414465 414465 414465 414465 414465 414465 414465 414465 414465 414465 414465 414465 414465 414465 414465 414465 414465 414465 414465 414465 414465 414465 414450 414450 414450 
21 compute 66332524
21 compute 1220
21 gather 133 133 0 
21 compute 31346707796
21 compute 336
21 reduceScatter 176256 176256 176256 176256 176256 176256 176256 176256 176256 176256 176256 176256 176256 176256 176256 176256 176256 176256 176256 176256 176256 176256 176256 176256 176256 176256 176256 176256 176256 176256 0 0 1654577427 
21 compute 25086741
21 comm_size 32
21 allReduce 2 211113134
21 compute 21530562
21 allToAll 13824 13824 
21 compute 72648139
21 allToAll 13824 13824 
21 compute 20697716
21 comm_size 32
21 allReduce 1 4149197
21 compute 1064347
21 compute 344
21 allGatherV 176256 176256 176256 176256 176256 176256 176256 176256 176256 176256 176256 176256 176256 176256 176256 176256 176256 176256 176256 176256 176256 176256 176256 176256 176256 176256 176256 176256 176256 176256 176256 0 0 0 176256 352512 528768 705024 881280 1057536 1233792 1410048 1586304 1762560 1938816 2115072 2291328 2467584 2643840 2820096 2996352 3172608 3348864 3525120 3701376 3877632 4053888 4230144 4406400 4582656 4758912 4935168 5111424 5258304 5258304 
21 compute 91012422209
21 comm_size 32
21 allReduce 4 171636574
21 compute 66332454
21 compute 346
21 allToAllV 13262850 414465 414465 414465 414465 414465 414465 414465 414465 414465 414465 414465 414465 414465 414465 414465 414465 414465 414465 414465 414465 414465 414465 414465 414465 414465 414465 414465 414465 414465 414450 414450 414450  13097094  414465 414465 414465 414465 414465 414465 414465 414465 414465 414465 414465 414465 414465 414465 414465 414465 414465 414465 414465 414465 414465 414465 414465 414465 414465 386834 386834 386834 386834 386834 386834 386834 
21 compute 910191
21 comm_size 32
21 allReduce 223729 95682902
21 compute 1567932544
21 comm_size 32
21 allReduce 1 202636285
21 compute 9958
21 compute 346
21 allToAllV 13097094 414465 414465 414465 414465 414465 414465 414465 414465 414465 414465 414465 414465 414465 414465 414465 414465 414465 414465 414465 414465 414465 414465 414465 414465 414465 386834 386834 386834 386834 386834 386834 386834  13262850  414465 414465 414465 414465 414465 414465 414465 414465 414465 414465 414465 414465 414465 414465 414465 414465 414465 414465 414465 414465 414465 414465 414465 414465 414465 414465 414465 414465 414465 414450 414450 414450 
21 compute 66332303
21 comm_size 32
21 bcast 473 31 0
21 compute 337
21 barrier
21 compute 31293669534
21 compute 336
21 reduceScatter 176256 176256 176256 176256 176256 176256 176256 176256 176256 176256 176256 176256 176256 176256 176256 176256 176256 176256 176256 176256 176256 176256 176256 176256 176256 176256 176256 176256 176256 176256 0 0 1939154217 
21 compute 21790760
21 allToAll 13824 13824 
21 compute 72648099
21 allToAll 13824 13824 
21 compute 20516818
21 comm_size 32
21 allReduce 1 2236023
21 compute 987
21 comm_size 32
21 allReduce 6 1195362
21 compute 4224
21 compute 344
21 allGatherV 176256 176256 176256 176256 176256 176256 176256 176256 176256 176256 176256 176256 176256 176256 176256 176256 176256 176256 176256 176256 176256 176256 176256 176256 176256 176256 176256 176256 176256 176256 176256 0 0 0 176256 352512 528768 705024 881280 1057536 1233792 1410048 1586304 1762560 1938816 2115072 2291328 2467584 2643840 2820096 2996352 3172608 3348864 3525120 3701376 3877632 4053888 4230144 4406400 4582656 4758912 4935168 5111424 5258304 5258304 
21 compute 10299429514
21 comm_size 32
21 allReduce 795 23194067
21 compute 993
21 comm_size 32
21 allReduce 1 1779465
21 compute 47152
21 barrier
21 compute 504077
21 compute 1063
21 gather 133 133 0 
21 compute 2459
21 compute 451
21 gather 3 3 0 
21 compute 87476
21 barrier
21 compute 20386
21 barrier
21 compute 346
21 barrier
21 compute 2654
21 finalize