9 init 1
9 compute 127153
9 compute 2652
9 compute 336466
9 compute 13045895
9 comm_size 32
9 bcast 1
9 compute 25827
9 barrier
9 compute 22492
9 comm_size 32
9 bcast 1
9 compute 24032
9 barrier
9 compute 22601
9 comm_size 32
9 bcast 1
9 compute 23751
9 barrier
9 compute 22522
9 comm_size 32
9 bcast 1
9 compute 23829
9 barrier
9 compute 22602
9 comm_size 32
9 bcast 1
9 compute 23867
9 barrier
9 compute 22681
9 comm_size 32
9 bcast 1
9 compute 23839
9 barrier
9 compute 22619
9 comm_size 32
9 bcast 1
9 compute 23546
9 barrier
9 compute 421
9 barrier
9 compute 167747
9 barrier
9 compute 19188072
9 barrier
9 compute 97193
9 comm_size 32
9 bcast 1
9 compute 378179
9 barrier
9 compute 12633
9 comm_size 32
9 bcast 1
9 compute 46298
9 barrier
9 compute 1018897
9 barrier
9 compute 123078
9 gather 795 795 0 
9 compute 237815920
9 allToAll 1746 1746 
9 compute 276028
9 barrier
9 compute 409270449
9 comm_size 32
9 allReduce 32 25455903 1
9 compute 3038109146
9 compute 1525
9 allToAllV 13262850 414465 414465 414465 414465 414465 414465 414465 414465 414465 414465 414465 414465 414465 414465 414465 414465 414465 414465 414465 414465 414465 414465 414465 414465 414465 414465 414465 414465 414465 414450 414450 414450  13097094  414465 414465 414465 414465 414465 414465 414465 414465 414465 414465 414465 414465 414465 414465 414465 414465 414465 414465 414465 414465 414465 414465 414465 414465 414465 386834 386834 386834 386834 386834 386834 386834 
9 compute 1058646363
9 barrier
9 compute 7748
9 compute 332
9 allToAllV 13097094 414465 414465 414465 414465 414465 414465 414465 414465 414465 414465 414465 414465 414465 414465 414465 414465 414465 414465 414465 414465 414465 414465 414465 414465 414465 386834 386834 386834 386834 386834 386834 386834  13262850  414465 414465 414465 414465 414465 414465 414465 414465 414465 414465 414465 414465 414465 414465 414465 414465 414465 414465 414465 414465 414465 414465 414465 414465 414465 414465 414465 414465 414465 414450 414450 414450 
9 compute 915154399
9 barrier
9 compute 1452824428
9 allToAll 13824 13824 
9 compute 72648698
9 allToAll 13824 13824 
9 compute 20518540
9 comm_size 32
9 allReduce 1 7592763
9 compute 1381722154
9 comm_size 32
9 allReduce 795 70563282
9 compute 1509467030
9 comm_size 32
9 allReduce 2 81813815
9 compute 21530882
9 allToAll 13824 13824 
9 compute 72648896
9 allToAll 13824 13824 
9 compute 20518044
9 comm_size 32
9 allReduce 1 5855800
9 compute 67632473
9 comm_size 32
9 allReduce 32 3946615 1
9 compute 60481273037
9 compute 1717
9 reduceScatter 176256 176256 176256 176256 176256 176256 176256 176256 176256 176256 176256 176256 176256 176256 176256 176256 176256 176256 176256 176256 176256 176256 176256 176256 176256 176256 176256 176256 176256 176256 0 0 4515762021 
9 compute 25028678
9 comm_size 32
9 allReduce 2 558192282
9 compute 21530319
9 allToAll 13824 13824 
9 compute 72647700
9 allToAll 13824 13824 
9 compute 20697608
9 comm_size 32
9 allReduce 1 2666355
9 compute 1070140
9 compute 1377
9 allGatherV 176256 176256 176256 176256 176256 176256 176256 176256 176256 176256 176256 176256 176256 176256 176256 176256 176256 176256 176256 176256 176256 176256 176256 176256 176256 176256 176256 176256 176256 176256 176256 0 0 0 176256 352512 528768 705024 881280 1057536 1233792 1410048 1586304 1762560 1938816 2115072 2291328 2467584 2643840 2820096 2996352 3172608 3348864 3525120 3701376 3877632 4053888 4230144 4406400 4582656 4758912 4935168 5111424 5258304 5258304 
9 compute 175827454336
9 comm_size 32
9 allReduce 4 6026898092
9 compute 128288756
9 compute 332
9 allToAllV 25641510 801299 801299 801299 801299 801299 801299 801299 801299 801299 801299 801299 801299 801299 801299 801299 801299 801299 801299 801299 801299 801299 801299 801299 801299 801299 801299 801299 801299 801299 801270 801270 801270  25834985  828930 828930 828930 828930 828930 828930 801299 801299 801299 801299 801299 801299 801299 801299 801299 801299 801299 801299 801299 801299 801299 801299 801299 801299 801299 801299 801299 801299 801299 801299 801299 801299 
9 compute 128241552
9 compute 332
9 allToAllV 25641510 801299 801299 801299 801299 801299 801299 801299 801299 801299 801299 801299 801299 801299 801299 801299 801299 801299 801299 801299 801299 801299 801299 801299 801299 801299 801299 801299 801299 801299 801270 801270 801270  25834985  828930 828930 828930 828930 828930 828930 801299 801299 801299 801299 801299 801299 801299 801299 801299 801299 801299 801299 801299 801299 801299 801299 801299 801299 801299 801299 801299 801299 801299 801299 801299 801299 
9 compute 10047429
9 comm_size 32
9 allReduce 1729832 951337702
9 compute 10273324982
9 comm_size 32
9 bcast 934 31 0
9 compute 337
9 barrier
9 compute 19167
9 comm_size 32
9 bcast 1729832
9 compute 1564551
9 comm_size 32
9 allReduce 223729 241286801
9 compute 10183581
9 compute 346
9 allToAllV 13097094 414465 414465 414465 414465 414465 414465 414465 414465 414465 414465 414465 414465 414465 414465 414465 414465 414465 414465 414465 414465 414465 414465 414465 414465 414465 386834 386834 386834 386834 386834 386834 386834  13262850  414465 414465 414465 414465 414465 414465 414465 414465 414465 414465 414465 414465 414465 414465 414465 414465 414465 414465 414465 414465 414465 414465 414465 414465 414465 414465 414465 414465 414465 414450 414450 414450 
9 compute 66462821
9 compute 1200
9 gather 133 133 0 
9 compute 31346725885
9 compute 336
9 reduceScatter 176256 176256 176256 176256 176256 176256 176256 176256 176256 176256 176256 176256 176256 176256 176256 176256 176256 176256 176256 176256 176256 176256 176256 176256 176256 176256 176256 176256 176256 176256 0 0 2845739883 
9 compute 25008487
9 comm_size 32
9 allReduce 2 574119785
9 compute 21531473
9 allToAll 13824 13824 
9 compute 72648151
9 allToAll 13824 13824 
9 compute 20697743
9 comm_size 32
9 allReduce 1 1635873
9 compute 1064439
9 compute 344
9 allGatherV 176256 176256 176256 176256 176256 176256 176256 176256 176256 176256 176256 176256 176256 176256 176256 176256 176256 176256 176256 176256 176256 176256 176256 176256 176256 176256 176256 176256 176256 176256 176256 0 0 0 176256 352512 528768 705024 881280 1057536 1233792 1410048 1586304 1762560 1938816 2115072 2291328 2467584 2643840 2820096 2996352 3172608 3348864 3525120 3701376 3877632 4053888 4230144 4406400 4582656 4758912 4935168 5111424 5258304 5258304 
9 compute 91012218264
9 comm_size 32
9 allReduce 4 2888702898
9 compute 66332763
9 compute 346
9 allToAllV 13262850 414465 414465 414465 414465 414465 414465 414465 414465 414465 414465 414465 414465 414465 414465 414465 414465 414465 414465 414465 414465 414465 414465 414465 414465 414465 414465 414465 414465 414465 414450 414450 414450  13097094  414465 414465 414465 414465 414465 414465 414465 414465 414465 414465 414465 414465 414465 414465 414465 414465 414465 414465 414465 414465 414465 414465 414465 414465 414465 386834 386834 386834 386834 386834 386834 386834 
9 compute 918111
9 comm_size 32
9 allReduce 223729 149707944
9 compute 11619
9 comm_size 32
9 allReduce 1 68485918
9 compute 11060
9 compute 346
9 allToAllV 13097094 414465 414465 414465 414465 414465 414465 414465 414465 414465 414465 414465 414465 414465 414465 414465 414465 414465 414465 414465 414465 414465 414465 414465 414465 414465 386834 386834 386834 386834 386834 386834 386834  13262850  414465 414465 414465 414465 414465 414465 414465 414465 414465 414465 414465 414465 414465 414465 414465 414465 414465 414465 414465 414465 414465 414465 414465 414465 414465 414465 414465 414465 414465 414450 414450 414450 
9 compute 289638244745
9 comm_size 32
9 allReduce 2 9141937932
9 compute 66336078
9 compute 346
9 allToAllV 13262850 414465 414465 414465 414465 414465 414465 414465 414465 414465 414465 414465 414465 414465 414465 414465 414465 414465 414465 414465 414465 414465 414465 414465 414465 414465 414465 414465 414465 414465 414450 414450 414450  13097094  414465 414465 414465 414465 414465 414465 414465 414465 414465 414465 414465 414465 414465 414465 414465 414465 414465 414465 414465 414465 414465 414465 414465 414465 414465 386834 386834 386834 386834 386834 386834 386834 
9 compute 116083898
9 comm_size 32
9 allReduce 7 32865791
9 compute 210073418
9 comm_size 32
9 allReduce 223729 117962858
9 compute 10178431
9 compute 346
9 allToAllV 13097094 414465 414465 414465 414465 414465 414465 414465 414465 414465 414465 414465 414465 414465 414465 414465 414465 414465 414465 414465 414465 414465 414465 414465 414465 414465 386834 386834 386834 386834 386834 386834 386834  13262850  414465 414465 414465 414465 414465 414465 414465 414465 414465 414465 414465 414465 414465 414465 414465 414465 414465 414465 414465 414465 414465 414465 414465 414465 414465 414465 414465 414465 414465 414450 414450 414450 
9 compute 31413030287
9 compute 336
9 reduceScatter 176256 176256 176256 176256 176256 176256 176256 176256 176256 176256 176256 176256 176256 176256 176256 176256 176256 176256 176256 176256 176256 176256 176256 176256 176256 176256 176256 176256 176256 176256 0 0 2784291287 
9 compute 25169116
9 comm_size 32
9 allReduce 2 586431849
9 compute 21531262
9 allToAll 13824 13824 
9 compute 72648438
9 allToAll 13824 13824 
9 compute 20697730
9 comm_size 32
9 allReduce 1 10713
9 compute 1064387
9 compute 344
9 allGatherV 176256 176256 176256 176256 176256 176256 176256 176256 176256 176256 176256 176256 176256 176256 176256 176256 176256 176256 176256 176256 176256 176256 176256 176256 176256 176256 176256 176256 176256 176256 176256 0 0 0 176256 352512 528768 705024 881280 1057536 1233792 1410048 1586304 1762560 1938816 2115072 2291328 2467584 2643840 2820096 2996352 3172608 3348864 3525120 3701376 3877632 4053888 4230144 4406400 4582656 4758912 4935168 5111424 5258304 5258304 
9 compute 91012688909
9 comm_size 32
9 allReduce 4 2811890375
9 compute 66332685
9 compute 346
9 allToAllV 13262850 414465 414465 414465 414465 414465 414465 414465 414465 414465 414465 414465 414465 414465 414465 414465 414465 414465 414465 414465 414465 414465 414465 414465 414465 414465 414465 414465 414465 414465 414450 414450 414450  13097094  414465 414465 414465 414465 414465 414465 414465 414465 414465 414465 414465 414465 414465 414465 414465 414465 414465 414465 414465 414465 414465 414465 414465 414465 414465 386834 386834 386834 386834 386834 386834 386834 
9 compute 917953
9 comm_size 32
9 allReduce 223729 177572993
9 compute 11553
9 comm_size 32
9 allReduce 1 52072747
9 compute 10956
9 compute 346
9 allToAllV 13097094 414465 414465 414465 414465 414465 414465 414465 414465 414465 414465 414465 414465 414465 414465 414465 414465 414465 414465 414465 414465 414465 414465 414465 414465 414465 386834 386834 386834 386834 386834 386834 386834  13262850  414465 414465 414465 414465 414465 414465 414465 414465 414465 414465 414465 414465 414465 414465 414465 414465 414465 414465 414465 414465 414465 414465 414465 414465 414465 414465 414465 414465 414465 414450 414450 414450 
9 compute 289638221617
9 comm_size 32
9 allReduce 2 9214767628
9 compute 66335995
9 compute 346
9 allToAllV 13262850 414465 414465 414465 414465 414465 414465 414465 414465 414465 414465 414465 414465 414465 414465 414465 414465 414465 414465 414465 414465 414465 414465 414465 414465 414465 414465 414465 414465 414465 414450 414450 414450  13097094  414465 414465 414465 414465 414465 414465 414465 414465 414465 414465 414465 414465 414465 414465 414465 414465 414465 414465 414465 414465 414465 414465 414465 414465 414465 386834 386834 386834 386834 386834 386834 386834 
9 compute 194475099
9 comm_size 32
9 allReduce 7 25699640
9 compute 445335123
9 comm_size 32
9 allReduce 223729 695462640
9 compute 10178478
9 compute 346
9 allToAllV 13097094 414465 414465 414465 414465 414465 414465 414465 414465 414465 414465 414465 414465 414465 414465 414465 414465 414465 414465 414465 414465 414465 414465 414465 414465 414465 386834 386834 386834 386834 386834 386834 386834  13262850  414465 414465 414465 414465 414465 414465 414465 414465 414465 414465 414465 414465 414465 414465 414465 414465 414465 414465 414465 414465 414465 414465 414465 414465 414465 414465 414465 414465 414465 414450 414450 414450 
9 compute 31413029351
9 compute 336
9 reduceScatter 176256 176256 176256 176256 176256 176256 176256 176256 176256 176256 176256 176256 176256 176256 176256 176256 176256 176256 176256 176256 176256 176256 176256 176256 176256 176256 176256 176256 176256 176256 0 0 4934335298 
9 compute 25082157
9 comm_size 32
9 allReduce 2 1124222927
9 compute 21530978
9 allToAll 13824 13824 
9 compute 72648238
9 allToAll 13824 13824 
9 compute 20697632
9 comm_size 32
9 allReduce 1 8702804
9 compute 1064338
9 compute 344
9 allGatherV 176256 176256 176256 176256 176256 176256 176256 176256 176256 176256 176256 176256 176256 176256 176256 176256 176256 176256 176256 176256 176256 176256 176256 176256 176256 176256 176256 176256 176256 176256 176256 0 0 0 176256 352512 528768 705024 881280 1057536 1233792 1410048 1586304 1762560 1938816 2115072 2291328 2467584 2643840 2820096 2996352 3172608 3348864 3525120 3701376 3877632 4053888 4230144 4406400 4582656 4758912 4935168 5111424 5258304 5258304 
9 compute 91012265162
9 comm_size 32
9 allReduce 4 2691620408
9 compute 66332618
9 compute 346
9 allToAllV 13262850 414465 414465 414465 414465 414465 414465 414465 414465 414465 414465 414465 414465 414465 414465 414465 414465 414465 414465 414465 414465 414465 414465 414465 414465 414465 414465 414465 414465 414465 414450 414450 414450  13097094  414465 414465 414465 414465 414465 414465 414465 414465 414465 414465 414465 414465 414465 414465 414465 414465 414465 414465 414465 414465 414465 414465 414465 414465 414465 386834 386834 386834 386834 386834 386834 386834 
9 compute 917744
9 comm_size 32
9 allReduce 223729 252268750
9 compute 11496
9 comm_size 32
9 allReduce 1 88227078
9 compute 10937
9 compute 346
9 allToAllV 13097094 414465 414465 414465 414465 414465 414465 414465 414465 414465 414465 414465 414465 414465 414465 414465 414465 414465 414465 414465 414465 414465 414465 414465 414465 414465 386834 386834 386834 386834 386834 386834 386834  13262850  414465 414465 414465 414465 414465 414465 414465 414465 414465 414465 414465 414465 414465 414465 414465 414465 414465 414465 414465 414465 414465 414465 414465 414465 414465 414465 414465 414465 414465 414450 414450 414450 
9 compute 289638197266
9 comm_size 32
9 allReduce 2 8600921751
9 compute 66335928
9 compute 346
9 allToAllV 13262850 414465 414465 414465 414465 414465 414465 414465 414465 414465 414465 414465 414465 414465 414465 414465 414465 414465 414465 414465 414465 414465 414465 414465 414465 414465 414465 414465 414465 414465 414450 414450 414450  13097094  414465 414465 414465 414465 414465 414465 414465 414465 414465 414465 414465 414465 414465 414465 414465 414465 414465 414465 414465 414465 414465 414465 414465 414465 414465 386834 386834 386834 386834 386834 386834 386834 
9 compute 272891850
9 comm_size 32
9 allReduce 7 31539232
9 compute 602163490
9 comm_size 32
9 allReduce 223729 736453273
9 compute 10178402
9 compute 346
9 allToAllV 13097094 414465 414465 414465 414465 414465 414465 414465 414465 414465 414465 414465 414465 414465 414465 414465 414465 414465 414465 414465 414465 414465 414465 414465 414465 414465 386834 386834 386834 386834 386834 386834 386834  13262850  414465 414465 414465 414465 414465 414465 414465 414465 414465 414465 414465 414465 414465 414465 414465 414465 414465 414465 414465 414465 414465 414465 414465 414465 414465 414465 414465 414465 414465 414450 414450 414450 
9 compute 31413029295
9 compute 336
9 reduceScatter 176256 176256 176256 176256 176256 176256 176256 176256 176256 176256 176256 176256 176256 176256 176256 176256 176256 176256 176256 176256 176256 176256 176256 176256 176256 176256 176256 176256 176256 176256 0 0 5777021165 
9 compute 25091621
9 comm_size 32
9 allReduce 2 703893643
9 compute 21530977
9 allToAll 13824 13824 
9 compute 72648238
9 allToAll 13824 13824 
9 compute 20697631
9 comm_size 32
9 allReduce 1 3376756
9 compute 1064338
9 compute 344
9 allGatherV 176256 176256 176256 176256 176256 176256 176256 176256 176256 176256 176256 176256 176256 176256 176256 176256 176256 176256 176256 176256 176256 176256 176256 176256 176256 176256 176256 176256 176256 176256 176256 0 0 0 176256 352512 528768 705024 881280 1057536 1233792 1410048 1586304 1762560 1938816 2115072 2291328 2467584 2643840 2820096 2996352 3172608 3348864 3525120 3701376 3877632 4053888 4230144 4406400 4582656 4758912 4935168 5111424 5258304 5258304 
9 compute 91012265165
9 comm_size 32
9 allReduce 4 2944235995
9 compute 66332620
9 compute 346
9 allToAllV 13262850 414465 414465 414465 414465 414465 414465 414465 414465 414465 414465 414465 414465 414465 414465 414465 414465 414465 414465 414465 414465 414465 414465 414465 414465 414465 414465 414465 414465 414465 414450 414450 414450  13097094  414465 414465 414465 414465 414465 414465 414465 414465 414465 414465 414465 414465 414465 414465 414465 414465 414465 414465 414465 414465 414465 414465 414465 414465 414465 386834 386834 386834 386834 386834 386834 386834 
9 compute 917743
9 comm_size 32
9 allReduce 223729 127492868
9 compute 11504
9 comm_size 32
9 allReduce 1 33403473
9 compute 10937
9 compute 346
9 allToAllV 13097094 414465 414465 414465 414465 414465 414465 414465 414465 414465 414465 414465 414465 414465 414465 414465 414465 414465 414465 414465 414465 414465 414465 414465 414465 414465 386834 386834 386834 386834 386834 386834 386834  13262850  414465 414465 414465 414465 414465 414465 414465 414465 414465 414465 414465 414465 414465 414465 414465 414465 414465 414465 414465 414465 414465 414465 414465 414465 414465 414465 414465 414465 414465 414450 414450 414450 
9 compute 289638197254
9 comm_size 32
9 allReduce 2 8766287603
9 compute 66335928
9 compute 346
9 allToAllV 13262850 414465 414465 414465 414465 414465 414465 414465 414465 414465 414465 414465 414465 414465 414465 414465 414465 414465 414465 414465 414465 414465 414465 414465 414465 414465 414465 414465 414465 414465 414450 414450 414450  13097094  414465 414465 414465 414465 414465 414465 414465 414465 414465 414465 414465 414465 414465 414465 414465 414465 414465 414465 414465 414465 414465 414465 414465 414465 414465 386834 386834 386834 386834 386834 386834 386834 
9 compute 351308761
9 comm_size 32
9 allReduce 7 71049044
9 compute 758998760
9 comm_size 32
9 allReduce 223729 226694155
9 compute 10178363
9 compute 346
9 allToAllV 13097094 414465 414465 414465 414465 414465 414465 414465 414465 414465 414465 414465 414465 414465 414465 414465 414465 414465 414465 414465 414465 414465 414465 414465 414465 414465 386834 386834 386834 386834 386834 386834 386834  13262850  414465 414465 414465 414465 414465 414465 414465 414465 414465 414465 414465 414465 414465 414465 414465 414465 414465 414465 414465 414465 414465 414465 414465 414465 414465 414465 414465 414465 414465 414450 414450 414450 
9 compute 31413029301
9 compute 336
9 reduceScatter 176256 176256 176256 176256 176256 176256 176256 176256 176256 176256 176256 176256 176256 176256 176256 176256 176256 176256 176256 176256 176256 176256 176256 176256 176256 176256 176256 176256 176256 176256 0 0 2416187257 
9 compute 25095821
9 comm_size 32
9 allReduce 2 581467220
9 compute 21530978
9 allToAll 13824 13824 
9 compute 72648239
9 allToAll 13824 13824 
9 compute 20697631
9 comm_size 32
9 allReduce 1 5182624
9 compute 1064338
9 compute 344
9 allGatherV 176256 176256 176256 176256 176256 176256 176256 176256 176256 176256 176256 176256 176256 176256 176256 176256 176256 176256 176256 176256 176256 176256 176256 176256 176256 176256 176256 176256 176256 176256 176256 0 0 0 176256 352512 528768 705024 881280 1057536 1233792 1410048 1586304 1762560 1938816 2115072 2291328 2467584 2643840 2820096 2996352 3172608 3348864 3525120 3701376 3877632 4053888 4230144 4406400 4582656 4758912 4935168 5111424 5258304 5258304 
9 compute 91012265157
9 comm_size 32
9 allReduce 4 2739698852
9 compute 66332618
9 compute 346
9 allToAllV 13262850 414465 414465 414465 414465 414465 414465 414465 414465 414465 414465 414465 414465 414465 414465 414465 414465 414465 414465 414465 414465 414465 414465 414465 414465 414465 414465 414465 414465 414465 414450 414450 414450  13097094  414465 414465 414465 414465 414465 414465 414465 414465 414465 414465 414465 414465 414465 414465 414465 414465 414465 414465 414465 414465 414465 414465 414465 414465 414465 386834 386834 386834 386834 386834 386834 386834 
9 compute 917743
9 comm_size 32
9 allReduce 223729 165210131
9 compute 11505
9 comm_size 32
9 allReduce 1 39486620
9 compute 10937
9 compute 346
9 allToAllV 13097094 414465 414465 414465 414465 414465 414465 414465 414465 414465 414465 414465 414465 414465 414465 414465 414465 414465 414465 414465 414465 414465 414465 414465 414465 414465 386834 386834 386834 386834 386834 386834 386834  13262850  414465 414465 414465 414465 414465 414465 414465 414465 414465 414465 414465 414465 414465 414465 414465 414465 414465 414465 414465 414465 414465 414465 414465 414465 414465 414465 414465 414465 414465 414450 414450 414450 
9 compute 289638197263
9 comm_size 32
9 allReduce 2 8984301892
9 compute 66335929
9 compute 346
9 allToAllV 13262850 414465 414465 414465 414465 414465 414465 414465 414465 414465 414465 414465 414465 414465 414465 414465 414465 414465 414465 414465 414465 414465 414465 414465 414465 414465 414465 414465 414465 414465 414450 414450 414450  13097094  414465 414465 414465 414465 414465 414465 414465 414465 414465 414465 414465 414465 414465 414465 414465 414465 414465 414465 414465 414465 414465 414465 414465 414465 414465 386834 386834 386834 386834 386834 386834 386834 
9 compute 429725689
9 comm_size 32
9 allReduce 7 59214402
9 compute 915834453
9 comm_size 32
9 allReduce 223729 191038392
9 compute 10178414
9 compute 346
9 allToAllV 13097094 414465 414465 414465 414465 414465 414465 414465 414465 414465 414465 414465 414465 414465 414465 414465 414465 414465 414465 414465 414465 414465 414465 414465 414465 414465 386834 386834 386834 386834 386834 386834 386834  13262850  414465 414465 414465 414465 414465 414465 414465 414465 414465 414465 414465 414465 414465 414465 414465 414465 414465 414465 414465 414465 414465 414465 414465 414465 414465 414465 414465 414465 414465 414450 414450 414450 
9 compute 31413029297
9 compute 336
9 reduceScatter 176256 176256 176256 176256 176256 176256 176256 176256 176256 176256 176256 176256 176256 176256 176256 176256 176256 176256 176256 176256 176256 176256 176256 176256 176256 176256 176256 176256 176256 176256 0 0 2279309919 
9 compute 25085342
9 comm_size 32
9 allReduce 2 592306551
9 compute 21530976
9 allToAll 13824 13824 
9 compute 72648238
9 allToAll 13824 13824 
9 compute 20697631
9 comm_size 32
9 allReduce 1 4060177
9 compute 1064338
9 compute 344
9 allGatherV 176256 176256 176256 176256 176256 176256 176256 176256 176256 176256 176256 176256 176256 176256 176256 176256 176256 176256 176256 176256 176256 176256 176256 176256 176256 176256 176256 176256 176256 176256 176256 0 0 0 176256 352512 528768 705024 881280 1057536 1233792 1410048 1586304 1762560 1938816 2115072 2291328 2467584 2643840 2820096 2996352 3172608 3348864 3525120 3701376 3877632 4053888 4230144 4406400 4582656 4758912 4935168 5111424 5258304 5258304 
9 compute 91012265159
9 comm_size 32
9 allReduce 4 2743903177
9 compute 66332619
9 compute 346
9 allToAllV 13262850 414465 414465 414465 414465 414465 414465 414465 414465 414465 414465 414465 414465 414465 414465 414465 414465 414465 414465 414465 414465 414465 414465 414465 414465 414465 414465 414465 414465 414465 414450 414450 414450  13097094  414465 414465 414465 414465 414465 414465 414465 414465 414465 414465 414465 414465 414465 414465 414465 414465 414465 414465 414465 414465 414465 414465 414465 414465 414465 386834 386834 386834 386834 386834 386834 386834 
9 compute 917742
9 comm_size 32
9 allReduce 223729 175928500
9 compute 11497
9 comm_size 32
9 allReduce 1 80172989
9 compute 10937
9 compute 346
9 allToAllV 13097094 414465 414465 414465 414465 414465 414465 414465 414465 414465 414465 414465 414465 414465 414465 414465 414465 414465 414465 414465 414465 414465 414465 414465 414465 414465 386834 386834 386834 386834 386834 386834 386834  13262850  414465 414465 414465 414465 414465 414465 414465 414465 414465 414465 414465 414465 414465 414465 414465 414465 414465 414465 414465 414465 414465 414465 414465 414465 414465 414465 414465 414465 414465 414450 414450 414450 
9 compute 289638197279
9 comm_size 32
9 allReduce 2 8530400558
9 compute 66335928
9 compute 346
9 allToAllV 13262850 414465 414465 414465 414465 414465 414465 414465 414465 414465 414465 414465 414465 414465 414465 414465 414465 414465 414465 414465 414465 414465 414465 414465 414465 414465 414465 414465 414465 414465 414450 414450 414450  13097094  414465 414465 414465 414465 414465 414465 414465 414465 414465 414465 414465 414465 414465 414465 414465 414465 414465 414465 414465 414465 414465 414465 414465 414465 414465 386834 386834 386834 386834 386834 386834 386834 
9 compute 508142614
9 comm_size 32
9 allReduce 7 67361133
9 compute 1020352507
9 comm_size 32
9 allReduce 223729 245650391
9 compute 10178490
9 compute 346
9 allToAllV 13097094 414465 414465 414465 414465 414465 414465 414465 414465 414465 414465 414465 414465 414465 414465 414465 414465 414465 414465 414465 414465 414465 414465 414465 414465 414465 386834 386834 386834 386834 386834 386834 386834  13262850  414465 414465 414465 414465 414465 414465 414465 414465 414465 414465 414465 414465 414465 414465 414465 414465 414465 414465 414465 414465 414465 414465 414465 414465 414465 414465 414465 414465 414465 414450 414450 414450 
9 compute 31413029302
9 compute 336
9 reduceScatter 176256 176256 176256 176256 176256 176256 176256 176256 176256 176256 176256 176256 176256 176256 176256 176256 176256 176256 176256 176256 176256 176256 176256 176256 176256 176256 176256 176256 176256 176256 0 0 2333863974 
9 compute 25092286
9 comm_size 32
9 allReduce 2 596745684
9 compute 21530976
9 allToAll 13824 13824 
9 compute 72648239
9 allToAll 13824 13824 
9 compute 20697633
9 comm_size 32
9 allReduce 1 11191558
9 compute 1064338
9 compute 344
9 allGatherV 176256 176256 176256 176256 176256 176256 176256 176256 176256 176256 176256 176256 176256 176256 176256 176256 176256 176256 176256 176256 176256 176256 176256 176256 176256 176256 176256 176256 176256 176256 176256 0 0 0 176256 352512 528768 705024 881280 1057536 1233792 1410048 1586304 1762560 1938816 2115072 2291328 2467584 2643840 2820096 2996352 3172608 3348864 3525120 3701376 3877632 4053888 4230144 4406400 4582656 4758912 4935168 5111424 5258304 5258304 
9 compute 91012265229
9 comm_size 32
9 allReduce 4 2793489677
9 compute 66332618
9 compute 346
9 allToAllV 13262850 414465 414465 414465 414465 414465 414465 414465 414465 414465 414465 414465 414465 414465 414465 414465 414465 414465 414465 414465 414465 414465 414465 414465 414465 414465 414465 414465 414465 414465 414450 414450 414450  13097094  414465 414465 414465 414465 414465 414465 414465 414465 414465 414465 414465 414465 414465 414465 414465 414465 414465 414465 414465 414465 414465 414465 414465 414465 414465 386834 386834 386834 386834 386834 386834 386834 
9 compute 917743
9 comm_size 32
9 allReduce 223729 140054718
9 compute 11496
9 comm_size 32
9 allReduce 1 34442004
9 compute 10937
9 compute 346
9 allToAllV 13097094 414465 414465 414465 414465 414465 414465 414465 414465 414465 414465 414465 414465 414465 414465 414465 414465 414465 414465 414465 414465 414465 414465 414465 414465 414465 386834 386834 386834 386834 386834 386834 386834  13262850  414465 414465 414465 414465 414465 414465 414465 414465 414465 414465 414465 414465 414465 414465 414465 414465 414465 414465 414465 414465 414465 414465 414465 414465 414465 414465 414465 414465 414465 414450 414450 414450 
9 compute 289638197628
9 comm_size 32
9 allReduce 2 8615878721
9 compute 66335928
9 compute 346
9 allToAllV 13262850 414465 414465 414465 414465 414465 414465 414465 414465 414465 414465 414465 414465 414465 414465 414465 414465 414465 414465 414465 414465 414465 414465 414465 414465 414465 414465 414465 414465 414465 414450 414450 414450  13097094  414465 414465 414465 414465 414465 414465 414465 414465 414465 414465 414465 414465 414465 414465 414465 414465 414465 414465 414465 414465 414465 414465 414465 414465 414465 386834 386834 386834 386834 386834 386834 386834 
9 compute 508117679
9 comm_size 32
9 allReduce 7 70880494
9 compute 1020352671
9 comm_size 32
9 allReduce 223729 198644651
9 compute 10178423
9 compute 346
9 allToAllV 13097094 414465 414465 414465 414465 414465 414465 414465 414465 414465 414465 414465 414465 414465 414465 414465 414465 414465 414465 414465 414465 414465 414465 414465 414465 414465 386834 386834 386834 386834 386834 386834 386834  13262850  414465 414465 414465 414465 414465 414465 414465 414465 414465 414465 414465 414465 414465 414465 414465 414465 414465 414465 414465 414465 414465 414465 414465 414465 414465 414465 414465 414465 414465 414450 414450 414450 
9 compute 31413029317
9 compute 336
9 reduceScatter 176256 176256 176256 176256 176256 176256 176256 176256 176256 176256 176256 176256 176256 176256 176256 176256 176256 176256 176256 176256 176256 176256 176256 176256 176256 176256 176256 176256 176256 176256 0 0 2181605740 
9 compute 25090654
9 comm_size 32
9 allReduce 2 580542160
9 compute 21530976
9 allToAll 13824 13824 
9 compute 72648239
9 allToAll 13824 13824 
9 compute 20697631
9 comm_size 32
9 allReduce 1 4993298
9 compute 1064338
9 compute 344
9 allGatherV 176256 176256 176256 176256 176256 176256 176256 176256 176256 176256 176256 176256 176256 176256 176256 176256 176256 176256 176256 176256 176256 176256 176256 176256 176256 176256 176256 176256 176256 176256 176256 0 0 0 176256 352512 528768 705024 881280 1057536 1233792 1410048 1586304 1762560 1938816 2115072 2291328 2467584 2643840 2820096 2996352 3172608 3348864 3525120 3701376 3877632 4053888 4230144 4406400 4582656 4758912 4935168 5111424 5258304 5258304 
9 compute 91012265208
9 comm_size 32
9 allReduce 4 2981004295
9 compute 66332618
9 compute 346
9 allToAllV 13262850 414465 414465 414465 414465 414465 414465 414465 414465 414465 414465 414465 414465 414465 414465 414465 414465 414465 414465 414465 414465 414465 414465 414465 414465 414465 414465 414465 414465 414465 414450 414450 414450  13097094  414465 414465 414465 414465 414465 414465 414465 414465 414465 414465 414465 414465 414465 414465 414465 414465 414465 414465 414465 414465 414465 414465 414465 414465 414465 386834 386834 386834 386834 386834 386834 386834 
9 compute 917744
9 comm_size 32
9 allReduce 223729 136537418
9 compute 11504
9 comm_size 32
9 allReduce 1 64293861
9 compute 10937
9 compute 346
9 allToAllV 13097094 414465 414465 414465 414465 414465 414465 414465 414465 414465 414465 414465 414465 414465 414465 414465 414465 414465 414465 414465 414465 414465 414465 414465 414465 414465 386834 386834 386834 386834 386834 386834 386834  13262850  414465 414465 414465 414465 414465 414465 414465 414465 414465 414465 414465 414465 414465 414465 414465 414465 414465 414465 414465 414465 414465 414465 414465 414465 414465 414465 414465 414465 414465 414450 414450 414450 
9 compute 289638197499
9 comm_size 32
9 allReduce 2 8969531552
9 compute 66335928
9 compute 346
9 allToAllV 13262850 414465 414465 414465 414465 414465 414465 414465 414465 414465 414465 414465 414465 414465 414465 414465 414465 414465 414465 414465 414465 414465 414465 414465 414465 414465 414465 414465 414465 414465 414450 414450 414450  13097094  414465 414465 414465 414465 414465 414465 414465 414465 414465 414465 414465 414465 414465 414465 414465 414465 414465 414465 414465 414465 414465 414465 414465 414465 414465 386834 386834 386834 386834 386834 386834 386834 
9 compute 508117700
9 comm_size 32
9 allReduce 7 73238396
9 compute 1020352556
9 comm_size 32
9 allReduce 223729 175809423
9 compute 10178297
9 compute 346
9 allToAllV 13097094 414465 414465 414465 414465 414465 414465 414465 414465 414465 414465 414465 414465 414465 414465 414465 414465 414465 414465 414465 414465 414465 414465 414465 414465 414465 386834 386834 386834 386834 386834 386834 386834  13262850  414465 414465 414465 414465 414465 414465 414465 414465 414465 414465 414465 414465 414465 414465 414465 414465 414465 414465 414465 414465 414465 414465 414465 414465 414465 414465 414465 414465 414465 414450 414450 414450 
9 compute 31413029365
9 compute 336
9 reduceScatter 176256 176256 176256 176256 176256 176256 176256 176256 176256 176256 176256 176256 176256 176256 176256 176256 176256 176256 176256 176256 176256 176256 176256 176256 176256 176256 176256 176256 176256 176256 0 0 2248332393 
9 compute 25092506
9 comm_size 32
9 allReduce 2 588360452
9 compute 21530976
9 allToAll 13824 13824 
9 compute 72648239
9 allToAll 13824 13824 
9 compute 20697633
9 comm_size 32
9 allReduce 1 5436886
9 compute 1064338
9 compute 344
9 allGatherV 176256 176256 176256 176256 176256 176256 176256 176256 176256 176256 176256 176256 176256 176256 176256 176256 176256 176256 176256 176256 176256 176256 176256 176256 176256 176256 176256 176256 176256 176256 176256 0 0 0 176256 352512 528768 705024 881280 1057536 1233792 1410048 1586304 1762560 1938816 2115072 2291328 2467584 2643840 2820096 2996352 3172608 3348864 3525120 3701376 3877632 4053888 4230144 4406400 4582656 4758912 4935168 5111424 5258304 5258304 
9 compute 91012265227
9 comm_size 32
9 allReduce 4 2846934743
9 compute 66332618
9 compute 346
9 allToAllV 13262850 414465 414465 414465 414465 414465 414465 414465 414465 414465 414465 414465 414465 414465 414465 414465 414465 414465 414465 414465 414465 414465 414465 414465 414465 414465 414465 414465 414465 414465 414450 414450 414450  13097094  414465 414465 414465 414465 414465 414465 414465 414465 414465 414465 414465 414465 414465 414465 414465 414465 414465 414465 414465 414465 414465 414465 414465 414465 414465 386834 386834 386834 386834 386834 386834 386834 
9 compute 917742
9 comm_size 32
9 allReduce 223729 152938323
9 compute 11496
9 comm_size 32
9 allReduce 1 30248551
9 compute 10937
9 compute 346
9 allToAllV 13097094 414465 414465 414465 414465 414465 414465 414465 414465 414465 414465 414465 414465 414465 414465 414465 414465 414465 414465 414465 414465 414465 414465 414465 414465 414465 386834 386834 386834 386834 386834 386834 386834  13262850  414465 414465 414465 414465 414465 414465 414465 414465 414465 414465 414465 414465 414465 414465 414465 414465 414465 414465 414465 414465 414465 414465 414465 414465 414465 414465 414465 414465 414465 414450 414450 414450 
9 compute 289638197491
9 comm_size 32
9 allReduce 2 8495284675
9 compute 66335928
9 compute 346
9 allToAllV 13262850 414465 414465 414465 414465 414465 414465 414465 414465 414465 414465 414465 414465 414465 414465 414465 414465 414465 414465 414465 414465 414465 414465 414465 414465 414465 414465 414465 414465 414465 414450 414450 414450  13097094  414465 414465 414465 414465 414465 414465 414465 414465 414465 414465 414465 414465 414465 414465 414465 414465 414465 414465 414465 414465 414465 414465 414465 414465 414465 386834 386834 386834 386834 386834 386834 386834 
9 compute 508117696
9 comm_size 32
9 allReduce 7 62827259
9 compute 1020352686
9 comm_size 32
9 allReduce 223729 197721557
9 compute 10178466
9 compute 346
9 allToAllV 13097094 414465 414465 414465 414465 414465 414465 414465 414465 414465 414465 414465 414465 414465 414465 414465 414465 414465 414465 414465 414465 414465 414465 414465 414465 414465 386834 386834 386834 386834 386834 386834 386834  13262850  414465 414465 414465 414465 414465 414465 414465 414465 414465 414465 414465 414465 414465 414465 414465 414465 414465 414465 414465 414465 414465 414465 414465 414465 414465 414465 414465 414465 414465 414450 414450 414450 
9 compute 66332450
9 compute 1270
9 gather 133 133 0 
9 compute 31346699104
9 compute 336
9 reduceScatter 176256 176256 176256 176256 176256 176256 176256 176256 176256 176256 176256 176256 176256 176256 176256 176256 176256 176256 176256 176256 176256 176256 176256 176256 176256 176256 176256 176256 176256 176256 0 0 2329226013 
9 compute 25092899
9 comm_size 32
9 allReduce 2 585508832
9 compute 21530972
9 allToAll 13824 13824 
9 compute 72648121
9 allToAll 13824 13824 
9 compute 20697614
9 comm_size 32
9 allReduce 1 1943960
9 compute 1064358
9 compute 344
9 allGatherV 176256 176256 176256 176256 176256 176256 176256 176256 176256 176256 176256 176256 176256 176256 176256 176256 176256 176256 176256 176256 176256 176256 176256 176256 176256 176256 176256 176256 176256 176256 176256 0 0 0 176256 352512 528768 705024 881280 1057536 1233792 1410048 1586304 1762560 1938816 2115072 2291328 2467584 2643840 2820096 2996352 3172608 3348864 3525120 3701376 3877632 4053888 4230144 4406400 4582656 4758912 4935168 5111424 5258304 5258304 
9 compute 91012265385
9 comm_size 32
9 allReduce 4 2846172707
9 compute 66332575
9 compute 346
9 allToAllV 13262850 414465 414465 414465 414465 414465 414465 414465 414465 414465 414465 414465 414465 414465 414465 414465 414465 414465 414465 414465 414465 414465 414465 414465 414465 414465 414465 414465 414465 414465 414450 414450 414450  13097094  414465 414465 414465 414465 414465 414465 414465 414465 414465 414465 414465 414465 414465 414465 414465 414465 414465 414465 414465 414465 414465 414465 414465 414465 414465 386834 386834 386834 386834 386834 386834 386834 
9 compute 910408
9 comm_size 32
9 allReduce 223729 168458979
9 compute 1567971256
9 comm_size 32
9 allReduce 1 82869899
9 compute 10000
9 compute 346
9 allToAllV 13097094 414465 414465 414465 414465 414465 414465 414465 414465 414465 414465 414465 414465 414465 414465 414465 414465 414465 414465 414465 414465 414465 414465 414465 414465 414465 386834 386834 386834 386834 386834 386834 386834  13262850  414465 414465 414465 414465 414465 414465 414465 414465 414465 414465 414465 414465 414465 414465 414465 414465 414465 414465 414465 414465 414465 414465 414465 414465 414465 414465 414465 414465 414465 414450 414450 414450 
9 compute 66332371
9 comm_size 32
9 bcast 473 31 0
9 compute 337
9 barrier
9 compute 31293659135
9 compute 336
9 reduceScatter 176256 176256 176256 176256 176256 176256 176256 176256 176256 176256 176256 176256 176256 176256 176256 176256 176256 176256 176256 176256 176256 176256 176256 176256 176256 176256 176256 176256 176256 176256 0 0 2552841756 
9 compute 21790701
9 allToAll 13824 13824 
9 compute 72648033
9 allToAll 13824 13824 
9 compute 20516505
9 comm_size 32
9 allReduce 1 4218305
9 compute 987
9 comm_size 32
9 allReduce 6 776931
9 compute 4188
9 compute 344
9 allGatherV 176256 176256 176256 176256 176256 176256 176256 176256 176256 176256 176256 176256 176256 176256 176256 176256 176256 176256 176256 176256 176256 176256 176256 176256 176256 176256 176256 176256 176256 176256 176256 0 0 0 176256 352512 528768 705024 881280 1057536 1233792 1410048 1586304 1762560 1938816 2115072 2291328 2467584 2643840 2820096 2996352 3172608 3348864 3525120 3701376 3877632 4053888 4230144 4406400 4582656 4758912 4935168 5111424 5258304 5258304 
9 compute 10317698097
9 comm_size 32
9 allReduce 795 698116245
9 compute 993
9 comm_size 32
9 allReduce 1 527591
9 compute 47136
9 barrier
9 compute 504125
9 compute 1152
9 gather 133 133 0 
9 compute 2453
9 compute 451
9 gather 3 3 0 
9 compute 87383
9 barrier
9 compute 20390
9 barrier
9 compute 346
9 barrier
9 compute 2654
9 finalize