3 init 1
3 compute 127157
3 compute 2652
3 compute 336389
3 compute 13002637
3 comm_size 32
3 bcast 1
3 compute 25958
3 barrier
3 compute 22547
3 comm_size 32
3 bcast 1
3 compute 23890
3 barrier
3 compute 22602
3 comm_size 32
3 bcast 1
3 compute 23752
3 barrier
3 compute 22524
3 comm_size 32
3 bcast 1
3 compute 23830
3 barrier
3 compute 22604
3 comm_size 32
3 bcast 1
3 compute 23866
3 barrier
3 compute 22683
3 comm_size 32
3 bcast 1
3 compute 23840
3 barrier
3 compute 22621
3 comm_size 32
3 bcast 1
3 compute 23547
3 barrier
3 compute 421
3 barrier
3 compute 167930
3 barrier
3 compute 19224936
3 barrier
3 compute 97209
3 comm_size 32
3 bcast 1
3 compute 378019
3 barrier
3 compute 12633
3 comm_size 32
3 bcast 1
3 compute 46288
3 barrier
3 compute 1019215
3 barrier
3 compute 123084
3 gather 795 795 0 
3 compute 232272172
3 allToAll 1746 1746 
3 compute 276028
3 barrier
3 compute 409340097
3 comm_size 32
3 allReduce 32 26788025 1
3 compute 3038128971
3 compute 1525
3 allToAllV 13262850 414465 414465 414465 414465 414465 414465 414465 414465 414465 414465 414465 414465 414465 414465 414465 414465 414465 414465 414465 414465 414465 414465 414465 414465 414465 414465 414465 414465 414465 414450 414450 414450  13097094  414465 414465 414465 414465 414465 414465 414465 414465 414465 414465 414465 414465 414465 414465 414465 414465 414465 414465 414465 414465 414465 414465 414465 414465 414465 386834 386834 386834 386834 386834 386834 386834 
3 compute 1058646334
3 barrier
3 compute 7748
3 compute 332
3 allToAllV 13097094 414465 414465 414465 414465 414465 414465 414465 414465 414465 414465 414465 414465 414465 414465 414465 414465 414465 414465 414465 414465 414465 414465 414465 414465 414465 386834 386834 386834 386834 386834 386834 386834  13262850  414465 414465 414465 414465 414465 414465 414465 414465 414465 414465 414465 414465 414465 414465 414465 414465 414465 414465 414465 414465 414465 414465 414465 414465 414465 414465 414465 414465 414465 414450 414450 414450 
3 compute 915154397
3 barrier
3 compute 1453551932
3 allToAll 13824 13824 
3 compute 72648918
3 allToAll 13824 13824 
3 compute 20518658
3 comm_size 32
3 allReduce 1 10088694
3 compute 1382358093
3 comm_size 32
3 allReduce 795 71440182
3 compute 1514856084
3 comm_size 32
3 allReduce 2 82679426
3 compute 21532011
3 allToAll 13824 13824 
3 compute 72648918
3 allToAll 13824 13824 
3 compute 20518650
3 comm_size 32
3 allReduce 1 2381618
3 compute 47351593
3 comm_size 32
3 allReduce 32 8075911 1
3 compute 62566098113
3 compute 1717
3 reduceScatter 176256 176256 176256 176256 176256 176256 176256 176256 176256 176256 176256 176256 176256 176256 176256 176256 176256 176256 176256 176256 176256 176256 176256 176256 176256 176256 176256 176256 176256 176256 0 0 3480597225 
3 compute 24438948
3 comm_size 32
3 allReduce 2 722154329
3 compute 21530747
3 allToAll 13824 13824 
3 compute 72648537
3 allToAll 13824 13824 
3 compute 20698008
3 comm_size 32
3 allReduce 1 1482649
3 compute 1070572
3 compute 1377
3 allGatherV 176256 176256 176256 176256 176256 176256 176256 176256 176256 176256 176256 176256 176256 176256 176256 176256 176256 176256 176256 176256 176256 176256 176256 176256 176256 176256 176256 176256 176256 176256 176256 0 0 0 176256 352512 528768 705024 881280 1057536 1233792 1410048 1586304 1762560 1938816 2115072 2291328 2467584 2643840 2820096 2996352 3172608 3348864 3525120 3701376 3877632 4053888 4230144 4406400 4582656 4758912 4935168 5111424 5258304 5258304 
3 compute 181885043386
3 comm_size 32
3 allReduce 4 3342749480
3 compute 132712210
3 compute 332
3 allToAllV 26525700 828930 828930 828930 828930 828930 828930 828930 828930 828930 828930 828930 828930 828930 828930 828930 828930 828930 828930 828930 828930 828930 828930 828930 828930 828930 828930 828930 828930 828930 828900 828900 828900  25834985  828930 828930 828930 828930 828930 828930 801299 801299 801299 801299 801299 801299 801299 801299 801299 801299 801299 801299 801299 801299 801299 801299 801299 801299 801299 801299 801299 801299 801299 801299 801299 801299 
3 compute 132663180
3 compute 332
3 allToAllV 26525700 828930 828930 828930 828930 828930 828930 828930 828930 828930 828930 828930 828930 828930 828930 828930 828930 828930 828930 828930 828930 828930 828930 828930 828930 828930 828930 828930 828930 828930 828900 828900 828900  25834985  828930 828930 828930 828930 828930 828930 801299 801299 801299 801299 801299 801299 801299 801299 801299 801299 801299 801299 801299 801299 801299 801299 801299 801299 801299 801299 801299 801299 801299 801299 801299 801299 
3 compute 10047408
3 comm_size 32
3 allReduce 1729832 1050481832
3 compute 10272940167
3 comm_size 32
3 bcast 934 31 0
3 compute 337
3 barrier
3 compute 19473
3 comm_size 32
3 bcast 1729832
3 compute 1565354
3 comm_size 32
3 allReduce 223729 268330323
3 compute 10193288
3 compute 346
3 allToAllV 13097094 414465 414465 414465 414465 414465 414465 414465 414465 414465 414465 414465 414465 414465 414465 414465 414465 414465 414465 414465 414465 414465 414465 414465 414465 414465 386834 386834 386834 386834 386834 386834 386834  13262850  414465 414465 414465 414465 414465 414465 414465 414465 414465 414465 414465 414465 414465 414465 414465 414465 414465 414465 414465 414465 414465 414465 414465 414465 414465 414465 414465 414465 414465 414450 414450 414450 
3 compute 66462330
3 compute 1201
3 gather 133 133 0 
3 compute 31346724415
3 compute 336
3 reduceScatter 176256 176256 176256 176256 176256 176256 176256 176256 176256 176256 176256 176256 176256 176256 176256 176256 176256 176256 176256 176256 176256 176256 176256 176256 176256 176256 176256 176256 176256 176256 0 0 2697345849 
3 compute 24447675
3 comm_size 32
3 allReduce 2 749972598
3 compute 21531027
3 allToAll 13824 13824 
3 compute 72648214
3 allToAll 13824 13824 
3 compute 20697793
3 comm_size 32
3 allReduce 1 2444777
3 compute 1064429
3 compute 344
3 allGatherV 176256 176256 176256 176256 176256 176256 176256 176256 176256 176256 176256 176256 176256 176256 176256 176256 176256 176256 176256 176256 176256 176256 176256 176256 176256 176256 176256 176256 176256 176256 176256 0 0 0 176256 352512 528768 705024 881280 1057536 1233792 1410048 1586304 1762560 1938816 2115072 2291328 2467584 2643840 2820096 2996352 3172608 3348864 3525120 3701376 3877632 4053888 4230144 4406400 4582656 4758912 4935168 5111424 5258304 5258304 
3 compute 91012091107
3 comm_size 32
3 allReduce 4 2938149987
3 compute 66332753
3 compute 346
3 allToAllV 13262850 414465 414465 414465 414465 414465 414465 414465 414465 414465 414465 414465 414465 414465 414465 414465 414465 414465 414465 414465 414465 414465 414465 414465 414465 414465 414465 414465 414465 414465 414450 414450 414450  13097094  414465 414465 414465 414465 414465 414465 414465 414465 414465 414465 414465 414465 414465 414465 414465 414465 414465 414465 414465 414465 414465 414465 414465 414465 414465 386834 386834 386834 386834 386834 386834 386834 
3 compute 918053
3 comm_size 32
3 allReduce 223729 154587392
3 compute 11395
3 comm_size 32
3 allReduce 1 70795126
3 compute 10998
3 compute 346
3 allToAllV 13097094 414465 414465 414465 414465 414465 414465 414465 414465 414465 414465 414465 414465 414465 414465 414465 414465 414465 414465 414465 414465 414465 414465 414465 414465 414465 386834 386834 386834 386834 386834 386834 386834  13262850  414465 414465 414465 414465 414465 414465 414465 414465 414465 414465 414465 414465 414465 414465 414465 414465 414465 414465 414465 414465 414465 414465 414465 414465 414465 414465 414465 414465 414465 414450 414450 414450 
3 compute 289394260129
3 comm_size 32
3 allReduce 2 8562327775
3 compute 66336068
3 compute 346
3 allToAllV 13262850 414465 414465 414465 414465 414465 414465 414465 414465 414465 414465 414465 414465 414465 414465 414465 414465 414465 414465 414465 414465 414465 414465 414465 414465 414465 414465 414465 414465 414465 414450 414450 414450  13097094  414465 414465 414465 414465 414465 414465 414465 414465 414465 414465 414465 414465 414465 414465 414465 414465 414465 414465 414465 414465 414465 414465 414465 414465 414465 386834 386834 386834 386834 386834 386834 386834 
3 compute 116083725
3 comm_size 32
3 allReduce 7 27113892
3 compute 210073384
3 comm_size 32
3 allReduce 223729 141419088
3 compute 10183341
3 compute 346
3 allToAllV 13097094 414465 414465 414465 414465 414465 414465 414465 414465 414465 414465 414465 414465 414465 414465 414465 414465 414465 414465 414465 414465 414465 414465 414465 414465 414465 386834 386834 386834 386834 386834 386834 386834  13262850  414465 414465 414465 414465 414465 414465 414465 414465 414465 414465 414465 414465 414465 414465 414465 414465 414465 414465 414465 414465 414465 414465 414465 414465 414465 414465 414465 414465 414465 414450 414450 414450 
3 compute 31413029678
3 compute 336
3 reduceScatter 176256 176256 176256 176256 176256 176256 176256 176256 176256 176256 176256 176256 176256 176256 176256 176256 176256 176256 176256 176256 176256 176256 176256 176256 176256 176256 176256 176256 176256 176256 0 0 2668827684 
3 compute 24679566
3 comm_size 32
3 allReduce 2 749366272
3 compute 21531015
3 allToAll 13824 13824 
3 compute 72648217
3 allToAll 13824 13824 
3 compute 20697793
3 comm_size 32
3 allReduce 1 8004003
3 compute 1064429
3 compute 344
3 allGatherV 176256 176256 176256 176256 176256 176256 176256 176256 176256 176256 176256 176256 176256 176256 176256 176256 176256 176256 176256 176256 176256 176256 176256 176256 176256 176256 176256 176256 176256 176256 176256 0 0 0 176256 352512 528768 705024 881280 1057536 1233792 1410048 1586304 1762560 1938816 2115072 2291328 2467584 2643840 2820096 2996352 3172608 3348864 3525120 3701376 3877632 4053888 4230144 4406400 4582656 4758912 4935168 5111424 5258304 5258304 
3 compute 91012090989
3 comm_size 32
3 allReduce 4 2827739894
3 compute 66332753
3 compute 346
3 allToAllV 13262850 414465 414465 414465 414465 414465 414465 414465 414465 414465 414465 414465 414465 414465 414465 414465 414465 414465 414465 414465 414465 414465 414465 414465 414465 414465 414465 414465 414465 414465 414450 414450 414450  13097094  414465 414465 414465 414465 414465 414465 414465 414465 414465 414465 414465 414465 414465 414465 414465 414465 414465 414465 414465 414465 414465 414465 414465 414465 414465 386834 386834 386834 386834 386834 386834 386834 
3 compute 918051
3 comm_size 32
3 allReduce 223729 183254189
3 compute 11402
3 comm_size 32
3 allReduce 1 29857516
3 compute 10998
3 compute 346
3 allToAllV 13097094 414465 414465 414465 414465 414465 414465 414465 414465 414465 414465 414465 414465 414465 414465 414465 414465 414465 414465 414465 414465 414465 414465 414465 414465 414465 386834 386834 386834 386834 386834 386834 386834  13262850  414465 414465 414465 414465 414465 414465 414465 414465 414465 414465 414465 414465 414465 414465 414465 414465 414465 414465 414465 414465 414465 414465 414465 414465 414465 414465 414465 414465 414465 414450 414450 414450 
3 compute 289394243617
3 comm_size 32
3 allReduce 2 8594888132
3 compute 66336063
3 compute 346
3 allToAllV 13262850 414465 414465 414465 414465 414465 414465 414465 414465 414465 414465 414465 414465 414465 414465 414465 414465 414465 414465 414465 414465 414465 414465 414465 414465 414465 414465 414465 414465 414465 414450 414450 414450  13097094  414465 414465 414465 414465 414465 414465 414465 414465 414465 414465 414465 414465 414465 414465 414465 414465 414465 414465 414465 414465 414465 414465 414465 414465 414465 386834 386834 386834 386834 386834 386834 386834 
3 compute 194475133
3 comm_size 32
3 allReduce 7 22271776
3 compute 445335393
3 comm_size 32
3 allReduce 223729 664075393
3 compute 10183315
3 compute 346
3 allToAllV 13097094 414465 414465 414465 414465 414465 414465 414465 414465 414465 414465 414465 414465 414465 414465 414465 414465 414465 414465 414465 414465 414465 414465 414465 414465 414465 386834 386834 386834 386834 386834 386834 386834  13262850  414465 414465 414465 414465 414465 414465 414465 414465 414465 414465 414465 414465 414465 414465 414465 414465 414465 414465 414465 414465 414465 414465 414465 414465 414465 414465 414465 414465 414465 414450 414450 414450 
3 compute 31413029667
3 compute 336
3 reduceScatter 176256 176256 176256 176256 176256 176256 176256 176256 176256 176256 176256 176256 176256 176256 176256 176256 176256 176256 176256 176256 176256 176256 176256 176256 176256 176256 176256 176256 176256 176256 0 0 4930135873 
3 compute 24563755
3 comm_size 32
3 allReduce 2 1287795983
3 compute 21531015
3 allToAll 13824 13824 
3 compute 72648214
3 allToAll 13824 13824 
3 compute 20697793
3 comm_size 32
3 allReduce 1 7028470
3 compute 1064428
3 compute 344
3 allGatherV 176256 176256 176256 176256 176256 176256 176256 176256 176256 176256 176256 176256 176256 176256 176256 176256 176256 176256 176256 176256 176256 176256 176256 176256 176256 176256 176256 176256 176256 176256 176256 0 0 0 176256 352512 528768 705024 881280 1057536 1233792 1410048 1586304 1762560 1938816 2115072 2291328 2467584 2643840 2820096 2996352 3172608 3348864 3525120 3701376 3877632 4053888 4230144 4406400 4582656 4758912 4935168 5111424 5258304 5258304 
3 compute 91012090988
3 comm_size 32
3 allReduce 4 2765217971
3 compute 66332753
3 compute 346
3 allToAllV 13262850 414465 414465 414465 414465 414465 414465 414465 414465 414465 414465 414465 414465 414465 414465 414465 414465 414465 414465 414465 414465 414465 414465 414465 414465 414465 414465 414465 414465 414465 414450 414450 414450  13097094  414465 414465 414465 414465 414465 414465 414465 414465 414465 414465 414465 414465 414465 414465 414465 414465 414465 414465 414465 414465 414465 414465 414465 414465 414465 386834 386834 386834 386834 386834 386834 386834 
3 compute 918054
3 comm_size 32
3 allReduce 223729 266951008
3 compute 11402
3 comm_size 32
3 allReduce 1 85941445
3 compute 10998
3 compute 346
3 allToAllV 13097094 414465 414465 414465 414465 414465 414465 414465 414465 414465 414465 414465 414465 414465 414465 414465 414465 414465 414465 414465 414465 414465 414465 414465 414465 414465 386834 386834 386834 386834 386834 386834 386834  13262850  414465 414465 414465 414465 414465 414465 414465 414465 414465 414465 414465 414465 414465 414465 414465 414465 414465 414465 414465 414465 414465 414465 414465 414465 414465 414465 414465 414465 414465 414450 414450 414450 
3 compute 289394243633
3 comm_size 32
3 allReduce 2 8009897343
3 compute 66336063
3 compute 346
3 allToAllV 13262850 414465 414465 414465 414465 414465 414465 414465 414465 414465 414465 414465 414465 414465 414465 414465 414465 414465 414465 414465 414465 414465 414465 414465 414465 414465 414465 414465 414465 414465 414450 414450 414450  13097094  414465 414465 414465 414465 414465 414465 414465 414465 414465 414465 414465 414465 414465 414465 414465 414465 414465 414465 414465 414465 414465 414465 414465 414465 414465 386834 386834 386834 386834 386834 386834 386834 
3 compute 272892059
3 comm_size 32
3 allReduce 7 37333133
3 compute 602163844
3 comm_size 32
3 allReduce 223729 776137647
3 compute 10183500
3 compute 346
3 allToAllV 13097094 414465 414465 414465 414465 414465 414465 414465 414465 414465 414465 414465 414465 414465 414465 414465 414465 414465 414465 414465 414465 414465 414465 414465 414465 414465 386834 386834 386834 386834 386834 386834 386834  13262850  414465 414465 414465 414465 414465 414465 414465 414465 414465 414465 414465 414465 414465 414465 414465 414465 414465 414465 414465 414465 414465 414465 414465 414465 414465 414465 414465 414465 414465 414450 414450 414450 
3 compute 31413029690
3 compute 336
3 reduceScatter 176256 176256 176256 176256 176256 176256 176256 176256 176256 176256 176256 176256 176256 176256 176256 176256 176256 176256 176256 176256 176256 176256 176256 176256 176256 176256 176256 176256 176256 176256 0 0 5672920515 
3 compute 24584647
3 comm_size 32
3 allReduce 2 868526478
3 compute 21531016
3 allToAll 13824 13824 
3 compute 72648214
3 allToAll 13824 13824 
3 compute 20697794
3 comm_size 32
3 allReduce 1 2212289
3 compute 1064428
3 compute 344
3 allGatherV 176256 176256 176256 176256 176256 176256 176256 176256 176256 176256 176256 176256 176256 176256 176256 176256 176256 176256 176256 176256 176256 176256 176256 176256 176256 176256 176256 176256 176256 176256 176256 0 0 0 176256 352512 528768 705024 881280 1057536 1233792 1410048 1586304 1762560 1938816 2115072 2291328 2467584 2643840 2820096 2996352 3172608 3348864 3525120 3701376 3877632 4053888 4230144 4406400 4582656 4758912 4935168 5111424 5258304 5258304 
3 compute 91012090985
3 comm_size 32
3 allReduce 4 2802355335
3 compute 66332755
3 compute 346
3 allToAllV 13262850 414465 414465 414465 414465 414465 414465 414465 414465 414465 414465 414465 414465 414465 414465 414465 414465 414465 414465 414465 414465 414465 414465 414465 414465 414465 414465 414465 414465 414465 414450 414450 414450  13097094  414465 414465 414465 414465 414465 414465 414465 414465 414465 414465 414465 414465 414465 414465 414465 414465 414465 414465 414465 414465 414465 414465 414465 414465 414465 386834 386834 386834 386834 386834 386834 386834 
3 compute 918051
3 comm_size 32
3 allReduce 223729 158916004
3 compute 11395
3 comm_size 32
3 allReduce 1 30974639
3 compute 10998
3 compute 346
3 allToAllV 13097094 414465 414465 414465 414465 414465 414465 414465 414465 414465 414465 414465 414465 414465 414465 414465 414465 414465 414465 414465 414465 414465 414465 414465 414465 414465 386834 386834 386834 386834 386834 386834 386834  13262850  414465 414465 414465 414465 414465 414465 414465 414465 414465 414465 414465 414465 414465 414465 414465 414465 414465 414465 414465 414465 414465 414465 414465 414465 414465 414465 414465 414465 414465 414450 414450 414450 
3 compute 289394243610
3 comm_size 32
3 allReduce 2 8108472636
3 compute 66336063
3 compute 346
3 allToAllV 13262850 414465 414465 414465 414465 414465 414465 414465 414465 414465 414465 414465 414465 414465 414465 414465 414465 414465 414465 414465 414465 414465 414465 414465 414465 414465 414465 414465 414465 414465 414450 414450 414450  13097094  414465 414465 414465 414465 414465 414465 414465 414465 414465 414465 414465 414465 414465 414465 414465 414465 414465 414465 414465 414465 414465 414465 414465 414465 414465 386834 386834 386834 386834 386834 386834 386834 
3 compute 351308974
3 comm_size 32
3 allReduce 7 66435645
3 compute 758999183
3 comm_size 32
3 allReduce 223729 203622034
3 compute 10183313
3 compute 346
3 allToAllV 13097094 414465 414465 414465 414465 414465 414465 414465 414465 414465 414465 414465 414465 414465 414465 414465 414465 414465 414465 414465 414465 414465 414465 414465 414465 414465 386834 386834 386834 386834 386834 386834 386834  13262850  414465 414465 414465 414465 414465 414465 414465 414465 414465 414465 414465 414465 414465 414465 414465 414465 414465 414465 414465 414465 414465 414465 414465 414465 414465 414465 414465 414465 414465 414450 414450 414450 
3 compute 31413029666
3 compute 336
3 reduceScatter 176256 176256 176256 176256 176256 176256 176256 176256 176256 176256 176256 176256 176256 176256 176256 176256 176256 176256 176256 176256 176256 176256 176256 176256 176256 176256 176256 176256 176256 176256 0 0 2312690830 
3 compute 24861091
3 comm_size 32
3 allReduce 2 753740950
3 compute 21531014
3 allToAll 13824 13824 
3 compute 72648214
3 allToAll 13824 13824 
3 compute 20697793
3 comm_size 32
3 allReduce 1 4192573
3 compute 1064428
3 compute 344
3 allGatherV 176256 176256 176256 176256 176256 176256 176256 176256 176256 176256 176256 176256 176256 176256 176256 176256 176256 176256 176256 176256 176256 176256 176256 176256 176256 176256 176256 176256 176256 176256 176256 0 0 0 176256 352512 528768 705024 881280 1057536 1233792 1410048 1586304 1762560 1938816 2115072 2291328 2467584 2643840 2820096 2996352 3172608 3348864 3525120 3701376 3877632 4053888 4230144 4406400 4582656 4758912 4935168 5111424 5258304 5258304 
3 compute 91012090980
3 comm_size 32
3 allReduce 4 2763874656
3 compute 66332753
3 compute 346
3 allToAllV 13262850 414465 414465 414465 414465 414465 414465 414465 414465 414465 414465 414465 414465 414465 414465 414465 414465 414465 414465 414465 414465 414465 414465 414465 414465 414465 414465 414465 414465 414465 414450 414450 414450  13097094  414465 414465 414465 414465 414465 414465 414465 414465 414465 414465 414465 414465 414465 414465 414465 414465 414465 414465 414465 414465 414465 414465 414465 414465 414465 386834 386834 386834 386834 386834 386834 386834 
3 compute 918051
3 comm_size 32
3 allReduce 223729 213845112
3 compute 11402
3 comm_size 32
3 allReduce 1 89479135
3 compute 10998
3 compute 346
3 allToAllV 13097094 414465 414465 414465 414465 414465 414465 414465 414465 414465 414465 414465 414465 414465 414465 414465 414465 414465 414465 414465 414465 414465 414465 414465 414465 414465 386834 386834 386834 386834 386834 386834 386834  13262850  414465 414465 414465 414465 414465 414465 414465 414465 414465 414465 414465 414465 414465 414465 414465 414465 414465 414465 414465 414465 414465 414465 414465 414465 414465 414465 414465 414465 414465 414450 414450 414450 
3 compute 289394243626
3 comm_size 32
3 allReduce 2 8229876961
3 compute 66336063
3 compute 346
3 allToAllV 13262850 414465 414465 414465 414465 414465 414465 414465 414465 414465 414465 414465 414465 414465 414465 414465 414465 414465 414465 414465 414465 414465 414465 414465 414465 414465 414465 414465 414465 414465 414450 414450 414450  13097094  414465 414465 414465 414465 414465 414465 414465 414465 414465 414465 414465 414465 414465 414465 414465 414465 414465 414465 414465 414465 414465 414465 414465 414465 414465 386834 386834 386834 386834 386834 386834 386834 
3 compute 429725903
3 comm_size 32
3 allReduce 7 66695388
3 compute 915834812
3 comm_size 32
3 allReduce 223729 180694243
3 compute 10183310
3 compute 346
3 allToAllV 13097094 414465 414465 414465 414465 414465 414465 414465 414465 414465 414465 414465 414465 414465 414465 414465 414465 414465 414465 414465 414465 414465 414465 414465 414465 414465 386834 386834 386834 386834 386834 386834 386834  13262850  414465 414465 414465 414465 414465 414465 414465 414465 414465 414465 414465 414465 414465 414465 414465 414465 414465 414465 414465 414465 414465 414465 414465 414465 414465 414465 414465 414465 414465 414450 414450 414450 
3 compute 31413029679
3 compute 336
3 reduceScatter 176256 176256 176256 176256 176256 176256 176256 176256 176256 176256 176256 176256 176256 176256 176256 176256 176256 176256 176256 176256 176256 176256 176256 176256 176256 176256 176256 176256 176256 176256 0 0 2168610997 
3 compute 24574721
3 comm_size 32
3 allReduce 2 757616598
3 compute 21531014
3 allToAll 13824 13824 
3 compute 72648214
3 allToAll 13824 13824 
3 compute 20697793
3 comm_size 32
3 allReduce 1 1876883
3 compute 1064428
3 compute 344
3 allGatherV 176256 176256 176256 176256 176256 176256 176256 176256 176256 176256 176256 176256 176256 176256 176256 176256 176256 176256 176256 176256 176256 176256 176256 176256 176256 176256 176256 176256 176256 176256 176256 0 0 0 176256 352512 528768 705024 881280 1057536 1233792 1410048 1586304 1762560 1938816 2115072 2291328 2467584 2643840 2820096 2996352 3172608 3348864 3525120 3701376 3877632 4053888 4230144 4406400 4582656 4758912 4935168 5111424 5258304 5258304 
3 compute 91012090989
3 comm_size 32
3 allReduce 4 2764282619
3 compute 66332753
3 compute 346
3 allToAllV 13262850 414465 414465 414465 414465 414465 414465 414465 414465 414465 414465 414465 414465 414465 414465 414465 414465 414465 414465 414465 414465 414465 414465 414465 414465 414465 414465 414465 414465 414465 414450 414450 414450  13097094  414465 414465 414465 414465 414465 414465 414465 414465 414465 414465 414465 414465 414465 414465 414465 414465 414465 414465 414465 414465 414465 414465 414465 414465 414465 386834 386834 386834 386834 386834 386834 386834 
3 compute 918053
3 comm_size 32
3 allReduce 223729 180830109
3 compute 11395
3 comm_size 32
3 allReduce 1 36883287
3 compute 10998
3 compute 346
3 allToAllV 13097094 414465 414465 414465 414465 414465 414465 414465 414465 414465 414465 414465 414465 414465 414465 414465 414465 414465 414465 414465 414465 414465 414465 414465 414465 414465 386834 386834 386834 386834 386834 386834 386834  13262850  414465 414465 414465 414465 414465 414465 414465 414465 414465 414465 414465 414465 414465 414465 414465 414465 414465 414465 414465 414465 414465 414465 414465 414465 414465 414465 414465 414465 414465 414450 414450 414450 
3 compute 289394243626
3 comm_size 32
3 allReduce 2 7929997997
3 compute 66336063
3 compute 346
3 allToAllV 13262850 414465 414465 414465 414465 414465 414465 414465 414465 414465 414465 414465 414465 414465 414465 414465 414465 414465 414465 414465 414465 414465 414465 414465 414465 414465 414465 414465 414465 414465 414450 414450 414450  13097094  414465 414465 414465 414465 414465 414465 414465 414465 414465 414465 414465 414465 414465 414465 414465 414465 414465 414465 414465 414465 414465 414465 414465 414465 414465 386834 386834 386834 386834 386834 386834 386834 
3 compute 508142827
3 comm_size 32
3 allReduce 7 61829623
3 compute 1020352832
3 comm_size 32
3 allReduce 223729 271441298
3 compute 10183356
3 compute 346
3 allToAllV 13097094 414465 414465 414465 414465 414465 414465 414465 414465 414465 414465 414465 414465 414465 414465 414465 414465 414465 414465 414465 414465 414465 414465 414465 414465 414465 386834 386834 386834 386834 386834 386834 386834  13262850  414465 414465 414465 414465 414465 414465 414465 414465 414465 414465 414465 414465 414465 414465 414465 414465 414465 414465 414465 414465 414465 414465 414465 414465 414465 414465 414465 414465 414465 414450 414450 414450 
3 compute 31413029646
3 compute 336
3 reduceScatter 176256 176256 176256 176256 176256 176256 176256 176256 176256 176256 176256 176256 176256 176256 176256 176256 176256 176256 176256 176256 176256 176256 176256 176256 176256 176256 176256 176256 176256 176256 0 0 2281495388 
3 compute 24584223
3 comm_size 32
3 allReduce 2 767124381
3 compute 21531015
3 allToAll 13824 13824 
3 compute 72648216
3 allToAll 13824 13824 
3 compute 20697793
3 comm_size 32
3 allReduce 1 4284849
3 compute 1064428
3 compute 344
3 allGatherV 176256 176256 176256 176256 176256 176256 176256 176256 176256 176256 176256 176256 176256 176256 176256 176256 176256 176256 176256 176256 176256 176256 176256 176256 176256 176256 176256 176256 176256 176256 176256 0 0 0 176256 352512 528768 705024 881280 1057536 1233792 1410048 1586304 1762560 1938816 2115072 2291328 2467584 2643840 2820096 2996352 3172608 3348864 3525120 3701376 3877632 4053888 4230144 4406400 4582656 4758912 4935168 5111424 5258304 5258304 
3 compute 91012090987
3 comm_size 32
3 allReduce 4 2796167481
3 compute 66332753
3 compute 346
3 allToAllV 13262850 414465 414465 414465 414465 414465 414465 414465 414465 414465 414465 414465 414465 414465 414465 414465 414465 414465 414465 414465 414465 414465 414465 414465 414465 414465 414465 414465 414465 414465 414450 414450 414450  13097094  414465 414465 414465 414465 414465 414465 414465 414465 414465 414465 414465 414465 414465 414465 414465 414465 414465 414465 414465 414465 414465 414465 414465 414465 414465 386834 386834 386834 386834 386834 386834 386834 
3 compute 918051
3 comm_size 32
3 allReduce 223729 199744988
3 compute 11395
3 comm_size 32
3 allReduce 1 51024358
3 compute 10998
3 compute 346
3 allToAllV 13097094 414465 414465 414465 414465 414465 414465 414465 414465 414465 414465 414465 414465 414465 414465 414465 414465 414465 414465 414465 414465 414465 414465 414465 414465 414465 386834 386834 386834 386834 386834 386834 386834  13262850  414465 414465 414465 414465 414465 414465 414465 414465 414465 414465 414465 414465 414465 414465 414465 414465 414465 414465 414465 414465 414465 414465 414465 414465 414465 414465 414465 414465 414465 414450 414450 414450 
3 compute 289394243615
3 comm_size 32
3 allReduce 2 7892651110
3 compute 66336063
3 compute 346
3 allToAllV 13262850 414465 414465 414465 414465 414465 414465 414465 414465 414465 414465 414465 414465 414465 414465 414465 414465 414465 414465 414465 414465 414465 414465 414465 414465 414465 414465 414465 414465 414465 414450 414450 414450  13097094  414465 414465 414465 414465 414465 414465 414465 414465 414465 414465 414465 414465 414465 414465 414465 414465 414465 414465 414465 414465 414465 414465 414465 414465 414465 386834 386834 386834 386834 386834 386834 386834 
3 compute 508117894
3 comm_size 32
3 allReduce 7 79734765
3 compute 1020352998
3 comm_size 32
3 allReduce 223729 207151977
3 compute 10183353
3 compute 346
3 allToAllV 13097094 414465 414465 414465 414465 414465 414465 414465 414465 414465 414465 414465 414465 414465 414465 414465 414465 414465 414465 414465 414465 414465 414465 414465 414465 414465 386834 386834 386834 386834 386834 386834 386834  13262850  414465 414465 414465 414465 414465 414465 414465 414465 414465 414465 414465 414465 414465 414465 414465 414465 414465 414465 414465 414465 414465 414465 414465 414465 414465 414465 414465 414465 414465 414450 414450 414450 
3 compute 31413029682
3 compute 336
3 reduceScatter 176256 176256 176256 176256 176256 176256 176256 176256 176256 176256 176256 176256 176256 176256 176256 176256 176256 176256 176256 176256 176256 176256 176256 176256 176256 176256 176256 176256 176256 176256 0 0 2206164790 
3 compute 24578649
3 comm_size 32
3 allReduce 2 748673366
3 compute 21531015
3 allToAll 13824 13824 
3 compute 72648214
3 allToAll 13824 13824 
3 compute 20697794
3 comm_size 32
3 allReduce 1 1683669
3 compute 1064430
3 compute 344
3 allGatherV 176256 176256 176256 176256 176256 176256 176256 176256 176256 176256 176256 176256 176256 176256 176256 176256 176256 176256 176256 176256 176256 176256 176256 176256 176256 176256 176256 176256 176256 176256 176256 0 0 0 176256 352512 528768 705024 881280 1057536 1233792 1410048 1586304 1762560 1938816 2115072 2291328 2467584 2643840 2820096 2996352 3172608 3348864 3525120 3701376 3877632 4053888 4230144 4406400 4582656 4758912 4935168 5111424 5258304 5258304 
3 compute 91012090997
3 comm_size 32
3 allReduce 4 3036115397
3 compute 66332755
3 compute 346
3 allToAllV 13262850 414465 414465 414465 414465 414465 414465 414465 414465 414465 414465 414465 414465 414465 414465 414465 414465 414465 414465 414465 414465 414465 414465 414465 414465 414465 414465 414465 414465 414465 414450 414450 414450  13097094  414465 414465 414465 414465 414465 414465 414465 414465 414465 414465 414465 414465 414465 414465 414465 414465 414465 414465 414465 414465 414465 414465 414465 414465 414465 386834 386834 386834 386834 386834 386834 386834 
3 compute 918051
3 comm_size 32
3 allReduce 223729 169748715
3 compute 11394
3 comm_size 32
3 allReduce 1 42363623
3 compute 10998
3 compute 346
3 allToAllV 13097094 414465 414465 414465 414465 414465 414465 414465 414465 414465 414465 414465 414465 414465 414465 414465 414465 414465 414465 414465 414465 414465 414465 414465 414465 414465 386834 386834 386834 386834 386834 386834 386834  13262850  414465 414465 414465 414465 414465 414465 414465 414465 414465 414465 414465 414465 414465 414465 414465 414465 414465 414465 414465 414465 414465 414465 414465 414465 414465 414465 414465 414465 414465 414450 414450 414450 
3 compute 289394243619
3 comm_size 32
3 allReduce 2 8398780267
3 compute 66336063
3 compute 346
3 allToAllV 13262850 414465 414465 414465 414465 414465 414465 414465 414465 414465 414465 414465 414465 414465 414465 414465 414465 414465 414465 414465 414465 414465 414465 414465 414465 414465 414465 414465 414465 414465 414450 414450 414450  13097094  414465 414465 414465 414465 414465 414465 414465 414465 414465 414465 414465 414465 414465 414465 414465 414465 414465 414465 414465 414465 414465 414465 414465 414465 414465 386834 386834 386834 386834 386834 386834 386834 
3 compute 508117899
3 comm_size 32
3 allReduce 7 92540073
3 compute 1020352848
3 comm_size 32
3 allReduce 223729 216085901
3 compute 10183387
3 compute 346
3 allToAllV 13097094 414465 414465 414465 414465 414465 414465 414465 414465 414465 414465 414465 414465 414465 414465 414465 414465 414465 414465 414465 414465 414465 414465 414465 414465 414465 386834 386834 386834 386834 386834 386834 386834  13262850  414465 414465 414465 414465 414465 414465 414465 414465 414465 414465 414465 414465 414465 414465 414465 414465 414465 414465 414465 414465 414465 414465 414465 414465 414465 414465 414465 414465 414465 414450 414450 414450 
3 compute 31413029677
3 compute 336
3 reduceScatter 176256 176256 176256 176256 176256 176256 176256 176256 176256 176256 176256 176256 176256 176256 176256 176256 176256 176256 176256 176256 176256 176256 176256 176256 176256 176256 176256 176256 176256 176256 0 0 2236245369 
3 compute 24579279
3 comm_size 32
3 allReduce 2 759017457
3 compute 21531015
3 allToAll 13824 13824 
3 compute 72648214
3 allToAll 13824 13824 
3 compute 20697797
3 comm_size 32
3 allReduce 1 4892740
3 compute 1064428
3 compute 344
3 allGatherV 176256 176256 176256 176256 176256 176256 176256 176256 176256 176256 176256 176256 176256 176256 176256 176256 176256 176256 176256 176256 176256 176256 176256 176256 176256 176256 176256 176256 176256 176256 176256 0 0 0 176256 352512 528768 705024 881280 1057536 1233792 1410048 1586304 1762560 1938816 2115072 2291328 2467584 2643840 2820096 2996352 3172608 3348864 3525120 3701376 3877632 4053888 4230144 4406400 4582656 4758912 4935168 5111424 5258304 5258304 
3 compute 91012090996
3 comm_size 32
3 allReduce 4 2878502478
3 compute 66332754
3 compute 346
3 allToAllV 13262850 414465 414465 414465 414465 414465 414465 414465 414465 414465 414465 414465 414465 414465 414465 414465 414465 414465 414465 414465 414465 414465 414465 414465 414465 414465 414465 414465 414465 414465 414450 414450 414450  13097094  414465 414465 414465 414465 414465 414465 414465 414465 414465 414465 414465 414465 414465 414465 414465 414465 414465 414465 414465 414465 414465 414465 414465 414465 414465 386834 386834 386834 386834 386834 386834 386834 
3 compute 918051
3 comm_size 32
3 allReduce 223729 202282516
3 compute 11403
3 comm_size 32
3 allReduce 1 45254847
3 compute 10998
3 compute 346
3 allToAllV 13097094 414465 414465 414465 414465 414465 414465 414465 414465 414465 414465 414465 414465 414465 414465 414465 414465 414465 414465 414465 414465 414465 414465 414465 414465 414465 386834 386834 386834 386834 386834 386834 386834  13262850  414465 414465 414465 414465 414465 414465 414465 414465 414465 414465 414465 414465 414465 414465 414465 414465 414465 414465 414465 414465 414465 414465 414465 414465 414465 414465 414465 414465 414465 414450 414450 414450 
3 compute 289394243613
3 comm_size 32
3 allReduce 2 7882982288
3 compute 66336063
3 compute 346
3 allToAllV 13262850 414465 414465 414465 414465 414465 414465 414465 414465 414465 414465 414465 414465 414465 414465 414465 414465 414465 414465 414465 414465 414465 414465 414465 414465 414465 414465 414465 414465 414465 414450 414450 414450  13097094  414465 414465 414465 414465 414465 414465 414465 414465 414465 414465 414465 414465 414465 414465 414465 414465 414465 414465 414465 414465 414465 414465 414465 414465 414465 386834 386834 386834 386834 386834 386834 386834 
3 compute 508117905
3 comm_size 32
3 allReduce 7 68173510
3 compute 1020352997
3 comm_size 32
3 allReduce 223729 217227815
3 compute 10183337
3 compute 346
3 allToAllV 13097094 414465 414465 414465 414465 414465 414465 414465 414465 414465 414465 414465 414465 414465 414465 414465 414465 414465 414465 414465 414465 414465 414465 414465 414465 414465 386834 386834 386834 386834 386834 386834 386834  13262850  414465 414465 414465 414465 414465 414465 414465 414465 414465 414465 414465 414465 414465 414465 414465 414465 414465 414465 414465 414465 414465 414465 414465 414465 414465 414465 414465 414465 414465 414450 414450 414450 
3 compute 66332635
3 compute 1225
3 gather 133 133 0 
3 compute 31346699267
3 compute 336
3 reduceScatter 176256 176256 176256 176256 176256 176256 176256 176256 176256 176256 176256 176256 176256 176256 176256 176256 176256 176256 176256 176256 176256 176256 176256 176256 176256 176256 176256 176256 176256 176256 0 0 2303270174 
3 compute 24579135
3 comm_size 32
3 allReduce 2 767542514
3 compute 21530814
3 allToAll 13824 13824 
3 compute 72648094
3 allToAll 13824 13824 
3 compute 20697613
3 comm_size 32
3 allReduce 1 1379898
3 compute 1064369
3 compute 344
3 allGatherV 176256 176256 176256 176256 176256 176256 176256 176256 176256 176256 176256 176256 176256 176256 176256 176256 176256 176256 176256 176256 176256 176256 176256 176256 176256 176256 176256 176256 176256 176256 176256 0 0 0 176256 352512 528768 705024 881280 1057536 1233792 1410048 1586304 1762560 1938816 2115072 2291328 2467584 2643840 2820096 2996352 3172608 3348864 3525120 3701376 3877632 4053888 4230144 4406400 4582656 4758912 4935168 5111424 5258304 5258304 
3 compute 91012090689
3 comm_size 32
3 allReduce 4 2895894771
3 compute 66332590
3 compute 346
3 allToAllV 13262850 414465 414465 414465 414465 414465 414465 414465 414465 414465 414465 414465 414465 414465 414465 414465 414465 414465 414465 414465 414465 414465 414465 414465 414465 414465 414465 414465 414465 414465 414450 414450 414450  13097094  414465 414465 414465 414465 414465 414465 414465 414465 414465 414465 414465 414465 414465 414465 414465 414465 414465 414465 414465 414465 414465 414465 414465 414465 414465 386834 386834 386834 386834 386834 386834 386834 
3 compute 910284
3 comm_size 32
3 allReduce 223729 193251321
3 compute 1567925402
3 comm_size 32
3 allReduce 1 76066068
3 compute 9796
3 compute 346
3 allToAllV 13097094 414465 414465 414465 414465 414465 414465 414465 414465 414465 414465 414465 414465 414465 414465 414465 414465 414465 414465 414465 414465 414465 414465 414465 414465 414465 386834 386834 386834 386834 386834 386834 386834  13262850  414465 414465 414465 414465 414465 414465 414465 414465 414465 414465 414465 414465 414465 414465 414465 414465 414465 414465 414465 414465 414465 414465 414465 414465 414465 414465 414465 414465 414465 414450 414450 414450 
3 compute 66332384
3 comm_size 32
3 bcast 473 31 0
3 compute 337
3 barrier
3 compute 31293660206
3 compute 336
3 reduceScatter 176256 176256 176256 176256 176256 176256 176256 176256 176256 176256 176256 176256 176256 176256 176256 176256 176256 176256 176256 176256 176256 176256 176256 176256 176256 176256 176256 176256 176256 176256 0 0 2571239196 
3 compute 21790822
3 allToAll 13824 13824 
3 compute 72648104
3 allToAll 13824 13824 
3 compute 20516725
3 comm_size 32
3 allReduce 1 1067628
3 compute 987
3 comm_size 32
3 allReduce 6 1393053
3 compute 4214
3 compute 344
3 allGatherV 176256 176256 176256 176256 176256 176256 176256 176256 176256 176256 176256 176256 176256 176256 176256 176256 176256 176256 176256 176256 176256 176256 176256 176256 176256 176256 176256 176256 176256 176256 176256 0 0 0 176256 352512 528768 705024 881280 1057536 1233792 1410048 1586304 1762560 1938816 2115072 2291328 2467584 2643840 2820096 2996352 3172608 3348864 3525120 3701376 3877632 4053888 4230144 4406400 4582656 4758912 4935168 5111424 5258304 5258304 
3 compute 10324425153
3 comm_size 32
3 allReduce 795 692253479
3 compute 993
3 comm_size 32
3 allReduce 1 1842534
3 compute 47038
3 barrier
3 compute 504292
3 compute 1146
3 gather 133 133 0 
3 compute 2469
3 compute 451
3 gather 3 3 0 
3 compute 87196
3 barrier
3 compute 20446
3 barrier
3 compute 346
3 barrier
3 compute 2654
3 finalize