18 init 1
18 compute 127155
18 compute 2652
18 compute 336725
18 compute 13041219
18 comm_size 32
18 bcast 1
18 compute 25799
18 barrier
18 compute 22474
18 comm_size 32
18 bcast 1
18 compute 23738
18 barrier
18 compute 22692
18 comm_size 32
18 bcast 1
18 compute 23582
18 barrier
18 compute 22610
18 comm_size 32
18 bcast 1
18 compute 23666
18 barrier
18 compute 22696
18 comm_size 32
18 bcast 1
18 compute 23699
18 barrier
18 compute 22768
18 comm_size 32
18 bcast 1
18 compute 23666
18 barrier
18 compute 22556
18 comm_size 32
18 bcast 1
18 compute 23438
18 barrier
18 compute 426
18 barrier
18 compute 165806
18 barrier
18 compute 17476261
18 barrier
18 compute 97251
18 comm_size 32
18 bcast 1
18 compute 378286
18 barrier
18 compute 12856
18 comm_size 32
18 bcast 1
18 compute 46338
18 barrier
18 compute 1017295
18 barrier
18 compute 124220
18 gather 795 795 0 
18 compute 245938721
18 allToAll 1746 1746 
18 compute 276028
18 barrier
18 compute 409314088
18 comm_size 32
18 allReduce 32 25414757 1
18 compute 3038128233
18 compute 1525
18 allToAllV 13262850 414465 414465 414465 414465 414465 414465 414465 414465 414465 414465 414465 414465 414465 414465 414465 414465 414465 414465 414465 414465 414465 414465 414465 414465 414465 414465 414465 414465 414465 414450 414450 414450  13097094  414465 414465 414465 414465 414465 414465 414465 414465 414465 414465 414465 414465 414465 414465 414465 414465 414465 414465 414465 414465 414465 414465 414465 414465 414465 386834 386834 386834 386834 386834 386834 386834 
18 compute 1058646229
18 barrier
18 compute 7563
18 compute 332
18 allToAllV 13097094 414465 414465 414465 414465 414465 414465 414465 414465 414465 414465 414465 414465 414465 414465 414465 414465 414465 414465 414465 414465 414465 414465 414465 414465 414465 386834 386834 386834 386834 386834 386834 386834  13262850  414465 414465 414465 414465 414465 414465 414465 414465 414465 414465 414465 414465 414465 414465 414465 414465 414465 414465 414465 414465 414465 414465 414465 414465 414465 414465 414465 414465 414465 414450 414450 414450 
18 compute 915154213
18 barrier
18 compute 1447518376
18 allToAll 13824 13824 
18 compute 72648622
18 allToAll 13824 13824 
18 compute 20518479
18 comm_size 32
18 allReduce 1 11692905
18 compute 1376442859
18 comm_size 32
18 allReduce 795 70015898
18 compute 1495165972
18 comm_size 32
18 allReduce 2 77379595
18 compute 21530774
18 allToAll 13824 13824 
18 compute 72648820
18 allToAll 13824 13824 
18 compute 20517985
18 comm_size 32
18 allReduce 1 5117785
18 compute 73632276
18 comm_size 32
18 allReduce 32 3373668 1
18 compute 60481274381
18 compute 1717
18 reduceScatter 176256 176256 176256 176256 176256 176256 176256 176256 176256 176256 176256 176256 176256 176256 176256 176256 176256 176256 176256 176256 176256 176256 176256 176256 176256 176256 176256 176256 176256 176256 0 0 4763583895 
18 compute 25223137
18 comm_size 32
18 allReduce 2 274036931
18 compute 21530704
18 allToAll 13824 13824 
18 compute 72648474
18 allToAll 13824 13824 
18 compute 20697868
18 comm_size 32
18 allReduce 1 3360155
18 compute 1070099
18 compute 1377
18 allGatherV 176256 176256 176256 176256 176256 176256 176256 176256 176256 176256 176256 176256 176256 176256 176256 176256 176256 176256 176256 176256 176256 176256 176256 176256 176256 176256 176256 176256 176256 176256 176256 0 0 0 176256 352512 528768 705024 881280 1057536 1233792 1410048 1586304 1762560 1938816 2115072 2291328 2467584 2643840 2820096 2996352 3172608 3348864 3525120 3701376 3877632 4053888 4230144 4406400 4582656 4758912 4935168 5111424 5258304 5258304 
18 compute 175827484237
18 comm_size 32
18 allReduce 4 5944886986
18 compute 128288709
18 compute 332
18 allToAllV 25641510 801299 801299 801299 801299 801299 801299 801299 801299 801299 801299 801299 801299 801299 801299 801299 801299 801299 801299 801299 801299 801299 801299 801299 801299 801299 801299 801299 801299 801299 801270 801270 801270  25834985  828930 828930 828930 828930 828930 828930 801299 801299 801299 801299 801299 801299 801299 801299 801299 801299 801299 801299 801299 801299 801299 801299 801299 801299 801299 801299 801299 801299 801299 801299 801299 801299 
18 compute 128241330
18 compute 332
18 allToAllV 25641510 801299 801299 801299 801299 801299 801299 801299 801299 801299 801299 801299 801299 801299 801299 801299 801299 801299 801299 801299 801299 801299 801299 801299 801299 801299 801299 801299 801299 801299 801270 801270 801270  25834985  828930 828930 828930 828930 828930 828930 801299 801299 801299 801299 801299 801299 801299 801299 801299 801299 801299 801299 801299 801299 801299 801299 801299 801299 801299 801299 801299 801299 801299 801299 801299 801299 
18 compute 10047287
18 comm_size 32
18 allReduce 1729832 1059168798
18 compute 10273026711
18 comm_size 32
18 bcast 934 31 0
18 compute 337
18 barrier
18 compute 18978
18 comm_size 32
18 bcast 1729832
18 compute 1565659
18 comm_size 32
18 allReduce 223729 278471635
18 compute 10194602
18 compute 346
18 allToAllV 13097094 414465 414465 414465 414465 414465 414465 414465 414465 414465 414465 414465 414465 414465 414465 414465 414465 414465 414465 414465 414465 414465 414465 414465 414465 414465 386834 386834 386834 386834 386834 386834 386834  13262850  414465 414465 414465 414465 414465 414465 414465 414465 414465 414465 414465 414465 414465 414465 414465 414465 414465 414465 414465 414465 414465 414465 414465 414465 414465 414465 414465 414465 414465 414450 414450 414450 
18 compute 66461437
18 compute 1082
18 gather 133 133 0 
18 compute 31346738386
18 compute 336
18 reduceScatter 176256 176256 176256 176256 176256 176256 176256 176256 176256 176256 176256 176256 176256 176256 176256 176256 176256 176256 176256 176256 176256 176256 176256 176256 176256 176256 176256 176256 176256 176256 0 0 2977461593 
18 compute 25208305
18 comm_size 32
18 allReduce 2 278686175
18 compute 21530676
18 allToAll 13824 13824 
18 compute 72647819
18 allToAll 13824 13824 
18 compute 20697527
18 comm_size 32
18 allReduce 1 4344071
18 compute 1064229
18 compute 344
18 allGatherV 176256 176256 176256 176256 176256 176256 176256 176256 176256 176256 176256 176256 176256 176256 176256 176256 176256 176256 176256 176256 176256 176256 176256 176256 176256 176256 176256 176256 176256 176256 176256 0 0 0 176256 352512 528768 705024 881280 1057536 1233792 1410048 1586304 1762560 1938816 2115072 2291328 2467584 2643840 2820096 2996352 3172608 3348864 3525120 3701376 3877632 4053888 4230144 4406400 4582656 4758912 4935168 5111424 5258304 5258304 
18 compute 91012222527
18 comm_size 32
18 allReduce 4 2976836313
18 compute 66332335
18 compute 346
18 allToAllV 13262850 414465 414465 414465 414465 414465 414465 414465 414465 414465 414465 414465 414465 414465 414465 414465 414465 414465 414465 414465 414465 414465 414465 414465 414465 414465 414465 414465 414465 414465 414450 414450 414450  13097094  414465 414465 414465 414465 414465 414465 414465 414465 414465 414465 414465 414465 414465 414465 414465 414465 414465 414465 414465 414465 414465 414465 414465 414465 414465 386834 386834 386834 386834 386834 386834 386834 
18 compute 917518
18 comm_size 32
18 allReduce 223729 125840914
18 compute 11341
18 comm_size 32
18 allReduce 1 60834698
18 compute 10641
18 compute 346
18 allToAllV 13097094 414465 414465 414465 414465 414465 414465 414465 414465 414465 414465 414465 414465 414465 414465 414465 414465 414465 414465 414465 414465 414465 414465 414465 414465 414465 386834 386834 386834 386834 386834 386834 386834  13262850  414465 414465 414465 414465 414465 414465 414465 414465 414465 414465 414465 414465 414465 414465 414465 414465 414465 414465 414465 414465 414465 414465 414465 414465 414465 414465 414465 414465 414465 414450 414450 414450 
18 compute 289861234313
18 comm_size 32
18 allReduce 2 8977911165
18 compute 66335707
18 compute 346
18 allToAllV 13262850 414465 414465 414465 414465 414465 414465 414465 414465 414465 414465 414465 414465 414465 414465 414465 414465 414465 414465 414465 414465 414465 414465 414465 414465 414465 414465 414465 414465 414465 414450 414450 414450  13097094  414465 414465 414465 414465 414465 414465 414465 414465 414465 414465 414465 414465 414465 414465 414465 414465 414465 414465 414465 414465 414465 414465 414465 414465 414465 386834 386834 386834 386834 386834 386834 386834 
18 compute 116082999
18 comm_size 32
18 allReduce 7 18642903
18 compute 210073022
18 comm_size 32
18 allReduce 223729 131688891
18 compute 10176410
18 compute 346
18 allToAllV 13097094 414465 414465 414465 414465 414465 414465 414465 414465 414465 414465 414465 414465 414465 414465 414465 414465 414465 414465 414465 414465 414465 414465 414465 414465 414465 386834 386834 386834 386834 386834 386834 386834  13262850  414465 414465 414465 414465 414465 414465 414465 414465 414465 414465 414465 414465 414465 414465 414465 414465 414465 414465 414465 414465 414465 414465 414465 414465 414465 414465 414465 414465 414465 414450 414450 414450 
18 compute 31413043565
18 compute 336
18 reduceScatter 176256 176256 176256 176256 176256 176256 176256 176256 176256 176256 176256 176256 176256 176256 176256 176256 176256 176256 176256 176256 176256 176256 176256 176256 176256 176256 176256 176256 176256 176256 0 0 2977367287 
18 compute 25334721
18 comm_size 32
18 allReduce 2 277826403
18 compute 21530719
18 allToAll 13824 13824 
18 compute 72647814
18 allToAll 13824 13824 
18 compute 20697527
18 comm_size 32
18 allReduce 1 10856824
18 compute 1064229
18 compute 344
18 allGatherV 176256 176256 176256 176256 176256 176256 176256 176256 176256 176256 176256 176256 176256 176256 176256 176256 176256 176256 176256 176256 176256 176256 176256 176256 176256 176256 176256 176256 176256 176256 176256 0 0 0 176256 352512 528768 705024 881280 1057536 1233792 1410048 1586304 1762560 1938816 2115072 2291328 2467584 2643840 2820096 2996352 3172608 3348864 3525120 3701376 3877632 4053888 4230144 4406400 4582656 4758912 4935168 5111424 5258304 5258304 
18 compute 91012222408
18 comm_size 32
18 allReduce 4 2931052002
18 compute 66332335
18 compute 346
18 allToAllV 13262850 414465 414465 414465 414465 414465 414465 414465 414465 414465 414465 414465 414465 414465 414465 414465 414465 414465 414465 414465 414465 414465 414465 414465 414465 414465 414465 414465 414465 414465 414450 414450 414450  13097094  414465 414465 414465 414465 414465 414465 414465 414465 414465 414465 414465 414465 414465 414465 414465 414465 414465 414465 414465 414465 414465 414465 414465 414465 414465 386834 386834 386834 386834 386834 386834 386834 
18 compute 917517
18 comm_size 32
18 allReduce 223729 175883502
18 compute 11349
18 comm_size 32
18 allReduce 1 51449173
18 compute 10641
18 compute 346
18 allToAllV 13097094 414465 414465 414465 414465 414465 414465 414465 414465 414465 414465 414465 414465 414465 414465 414465 414465 414465 414465 414465 414465 414465 414465 414465 414465 414465 386834 386834 386834 386834 386834 386834 386834  13262850  414465 414465 414465 414465 414465 414465 414465 414465 414465 414465 414465 414465 414465 414465 414465 414465 414465 414465 414465 414465 414465 414465 414465 414465 414465 414465 414465 414465 414465 414450 414450 414450 
18 compute 289861217817
18 comm_size 32
18 allReduce 2 8852934074
18 compute 66335701
18 compute 346
18 allToAllV 13262850 414465 414465 414465 414465 414465 414465 414465 414465 414465 414465 414465 414465 414465 414465 414465 414465 414465 414465 414465 414465 414465 414465 414465 414465 414465 414465 414465 414465 414465 414450 414450 414450  13097094  414465 414465 414465 414465 414465 414465 414465 414465 414465 414465 414465 414465 414465 414465 414465 414465 414465 414465 414465 414465 414465 414465 414465 414465 414465 386834 386834 386834 386834 386834 386834 386834 
18 compute 194474405
18 comm_size 32
18 allReduce 7 12558827
18 compute 445334945
18 comm_size 32
18 allReduce 223729 616992877
18 compute 10176606
18 compute 346
18 allToAllV 13097094 414465 414465 414465 414465 414465 414465 414465 414465 414465 414465 414465 414465 414465 414465 414465 414465 414465 414465 414465 414465 414465 414465 414465 414465 414465 386834 386834 386834 386834 386834 386834 386834  13262850  414465 414465 414465 414465 414465 414465 414465 414465 414465 414465 414465 414465 414465 414465 414465 414465 414465 414465 414465 414465 414465 414465 414465 414465 414465 414465 414465 414465 414465 414450 414450 414450 
18 compute 31413043613
18 compute 336
18 reduceScatter 176256 176256 176256 176256 176256 176256 176256 176256 176256 176256 176256 176256 176256 176256 176256 176256 176256 176256 176256 176256 176256 176256 176256 176256 176256 176256 176256 176256 176256 176256 0 0 5101322317 
18 compute 25228680
18 comm_size 32
18 allReduce 2 749756587
18 compute 21530718
18 allToAll 13824 13824 
18 compute 72647814
18 allToAll 13824 13824 
18 compute 20697527
18 comm_size 32
18 allReduce 1 7702004
18 compute 1064229
18 compute 344
18 allGatherV 176256 176256 176256 176256 176256 176256 176256 176256 176256 176256 176256 176256 176256 176256 176256 176256 176256 176256 176256 176256 176256 176256 176256 176256 176256 176256 176256 176256 176256 176256 176256 0 0 0 176256 352512 528768 705024 881280 1057536 1233792 1410048 1586304 1762560 1938816 2115072 2291328 2467584 2643840 2820096 2996352 3172608 3348864 3525120 3701376 3877632 4053888 4230144 4406400 4582656 4758912 4935168 5111424 5258304 5258304 
18 compute 91012222412
18 comm_size 32
18 allReduce 4 2909400477
18 compute 66332335
18 compute 346
18 allToAllV 13262850 414465 414465 414465 414465 414465 414465 414465 414465 414465 414465 414465 414465 414465 414465 414465 414465 414465 414465 414465 414465 414465 414465 414465 414465 414465 414465 414465 414465 414465 414450 414450 414450  13097094  414465 414465 414465 414465 414465 414465 414465 414465 414465 414465 414465 414465 414465 414465 414465 414465 414465 414465 414465 414465 414465 414465 414465 414465 414465 386834 386834 386834 386834 386834 386834 386834 
18 compute 917516
18 comm_size 32
18 allReduce 223729 229252670
18 compute 11341
18 comm_size 32
18 allReduce 1 91023306
18 compute 10641
18 compute 346
18 allToAllV 13097094 414465 414465 414465 414465 414465 414465 414465 414465 414465 414465 414465 414465 414465 414465 414465 414465 414465 414465 414465 414465 414465 414465 414465 414465 414465 386834 386834 386834 386834 386834 386834 386834  13262850  414465 414465 414465 414465 414465 414465 414465 414465 414465 414465 414465 414465 414465 414465 414465 414465 414465 414465 414465 414465 414465 414465 414465 414465 414465 414465 414465 414465 414465 414450 414450 414450 
18 compute 289861217800
18 comm_size 32
18 allReduce 2 8376503751
18 compute 66335702
18 compute 346
18 allToAllV 13262850 414465 414465 414465 414465 414465 414465 414465 414465 414465 414465 414465 414465 414465 414465 414465 414465 414465 414465 414465 414465 414465 414465 414465 414465 414465 414465 414465 414465 414465 414450 414450 414450  13097094  414465 414465 414465 414465 414465 414465 414465 414465 414465 414465 414465 414465 414465 414465 414465 414465 414465 414465 414465 414465 414465 414465 414465 414465 414465 386834 386834 386834 386834 386834 386834 386834 
18 compute 272891330
18 comm_size 32
18 allReduce 7 39298160
18 compute 602163279
18 comm_size 32
18 allReduce 223729 818869162
18 compute 10176431
18 compute 346
18 allToAllV 13097094 414465 414465 414465 414465 414465 414465 414465 414465 414465 414465 414465 414465 414465 414465 414465 414465 414465 414465 414465 414465 414465 414465 414465 414465 414465 386834 386834 386834 386834 386834 386834 386834  13262850  414465 414465 414465 414465 414465 414465 414465 414465 414465 414465 414465 414465 414465 414465 414465 414465 414465 414465 414465 414465 414465 414465 414465 414465 414465 414465 414465 414465 414465 414450 414450 414450 
18 compute 31413043605
18 compute 336
18 reduceScatter 176256 176256 176256 176256 176256 176256 176256 176256 176256 176256 176256 176256 176256 176256 176256 176256 176256 176256 176256 176256 176256 176256 176256 176256 176256 176256 176256 176256 176256 176256 0 0 5990777218 
18 compute 25252402
18 comm_size 32
18 allReduce 2 329453150
18 compute 21530719
18 allToAll 13824 13824 
18 compute 72647814
18 allToAll 13824 13824 
18 compute 20697527
18 comm_size 32
18 allReduce 1 4248238
18 compute 1064230
18 compute 344
18 allGatherV 176256 176256 176256 176256 176256 176256 176256 176256 176256 176256 176256 176256 176256 176256 176256 176256 176256 176256 176256 176256 176256 176256 176256 176256 176256 176256 176256 176256 176256 176256 176256 0 0 0 176256 352512 528768 705024 881280 1057536 1233792 1410048 1586304 1762560 1938816 2115072 2291328 2467584 2643840 2820096 2996352 3172608 3348864 3525120 3701376 3877632 4053888 4230144 4406400 4582656 4758912 4935168 5111424 5258304 5258304 
18 compute 91012222417
18 comm_size 32
18 allReduce 4 3023009006
18 compute 66332337
18 compute 346
18 allToAllV 13262850 414465 414465 414465 414465 414465 414465 414465 414465 414465 414465 414465 414465 414465 414465 414465 414465 414465 414465 414465 414465 414465 414465 414465 414465 414465 414465 414465 414465 414465 414450 414450 414450  13097094  414465 414465 414465 414465 414465 414465 414465 414465 414465 414465 414465 414465 414465 414465 414465 414465 414465 414465 414465 414465 414465 414465 414465 414465 414465 386834 386834 386834 386834 386834 386834 386834 
18 compute 917516
18 comm_size 32
18 allReduce 223729 154023177
18 compute 11342
18 comm_size 32
18 allReduce 1 54967199
18 compute 10641
18 compute 346
18 allToAllV 13097094 414465 414465 414465 414465 414465 414465 414465 414465 414465 414465 414465 414465 414465 414465 414465 414465 414465 414465 414465 414465 414465 414465 414465 414465 414465 386834 386834 386834 386834 386834 386834 386834  13262850  414465 414465 414465 414465 414465 414465 414465 414465 414465 414465 414465 414465 414465 414465 414465 414465 414465 414465 414465 414465 414465 414465 414465 414465 414465 414465 414465 414465 414465 414450 414450 414450 
18 compute 289861217807
18 comm_size 32
18 allReduce 2 8450301797
18 compute 66335701
18 compute 346
18 allToAllV 13262850 414465 414465 414465 414465 414465 414465 414465 414465 414465 414465 414465 414465 414465 414465 414465 414465 414465 414465 414465 414465 414465 414465 414465 414465 414465 414465 414465 414465 414465 414450 414450 414450  13097094  414465 414465 414465 414465 414465 414465 414465 414465 414465 414465 414465 414465 414465 414465 414465 414465 414465 414465 414465 414465 414465 414465 414465 414465 414465 386834 386834 386834 386834 386834 386834 386834 
18 compute 351308248
18 comm_size 32
18 allReduce 7 44698627
18 compute 758998559
18 comm_size 32
18 allReduce 223729 227507274
18 compute 10176347
18 compute 346
18 allToAllV 13097094 414465 414465 414465 414465 414465 414465 414465 414465 414465 414465 414465 414465 414465 414465 414465 414465 414465 414465 414465 414465 414465 414465 414465 414465 414465 386834 386834 386834 386834 386834 386834 386834  13262850  414465 414465 414465 414465 414465 414465 414465 414465 414465 414465 414465 414465 414465 414465 414465 414465 414465 414465 414465 414465 414465 414465 414465 414465 414465 414465 414465 414465 414465 414450 414450 414450 
18 compute 31413043604
18 compute 336
18 reduceScatter 176256 176256 176256 176256 176256 176256 176256 176256 176256 176256 176256 176256 176256 176256 176256 176256 176256 176256 176256 176256 176256 176256 176256 176256 176256 176256 176256 176256 176256 176256 0 0 2526448467 
18 compute 25253264
18 comm_size 32
18 allReduce 2 284846811
18 compute 21530719
18 allToAll 13824 13824 
18 compute 72647814
18 allToAll 13824 13824 
18 compute 20697527
18 comm_size 32
18 allReduce 1 3485326
18 compute 1064229
18 compute 344
18 allGatherV 176256 176256 176256 176256 176256 176256 176256 176256 176256 176256 176256 176256 176256 176256 176256 176256 176256 176256 176256 176256 176256 176256 176256 176256 176256 176256 176256 176256 176256 176256 176256 0 0 0 176256 352512 528768 705024 881280 1057536 1233792 1410048 1586304 1762560 1938816 2115072 2291328 2467584 2643840 2820096 2996352 3172608 3348864 3525120 3701376 3877632 4053888 4230144 4406400 4582656 4758912 4935168 5111424 5258304 5258304 
18 compute 91012222415
18 comm_size 32
18 allReduce 4 2833204092
18 compute 66332335
18 compute 346
18 allToAllV 13262850 414465 414465 414465 414465 414465 414465 414465 414465 414465 414465 414465 414465 414465 414465 414465 414465 414465 414465 414465 414465 414465 414465 414465 414465 414465 414465 414465 414465 414465 414450 414450 414450  13097094  414465 414465 414465 414465 414465 414465 414465 414465 414465 414465 414465 414465 414465 414465 414465 414465 414465 414465 414465 414465 414465 414465 414465 414465 414465 386834 386834 386834 386834 386834 386834 386834 
18 compute 917516
18 comm_size 32
18 allReduce 223729 175511171
18 compute 11349
18 comm_size 32
18 allReduce 1 61888351
18 compute 10641
18 compute 346
18 allToAllV 13097094 414465 414465 414465 414465 414465 414465 414465 414465 414465 414465 414465 414465 414465 414465 414465 414465 414465 414465 414465 414465 414465 414465 414465 414465 414465 386834 386834 386834 386834 386834 386834 386834  13262850  414465 414465 414465 414465 414465 414465 414465 414465 414465 414465 414465 414465 414465 414465 414465 414465 414465 414465 414465 414465 414465 414465 414465 414465 414465 414465 414465 414465 414465 414450 414450 414450 
18 compute 289861217807
18 comm_size 32
18 allReduce 2 8718955260
18 compute 66335701
18 compute 346
18 allToAllV 13262850 414465 414465 414465 414465 414465 414465 414465 414465 414465 414465 414465 414465 414465 414465 414465 414465 414465 414465 414465 414465 414465 414465 414465 414465 414465 414465 414465 414465 414465 414450 414450 414450  13097094  414465 414465 414465 414465 414465 414465 414465 414465 414465 414465 414465 414465 414465 414465 414465 414465 414465 414465 414465 414465 414465 414465 414465 414465 414465 386834 386834 386834 386834 386834 386834 386834 
18 compute 429725183
18 comm_size 32
18 allReduce 7 32306413
18 compute 915834210
18 comm_size 32
18 allReduce 223729 223272780
18 compute 10176579
18 compute 346
18 allToAllV 13097094 414465 414465 414465 414465 414465 414465 414465 414465 414465 414465 414465 414465 414465 414465 414465 414465 414465 414465 414465 414465 414465 414465 414465 414465 414465 386834 386834 386834 386834 386834 386834 386834  13262850  414465 414465 414465 414465 414465 414465 414465 414465 414465 414465 414465 414465 414465 414465 414465 414465 414465 414465 414465 414465 414465 414465 414465 414465 414465 414465 414465 414465 414465 414450 414450 414450 
18 compute 31413043571
18 compute 336
18 reduceScatter 176256 176256 176256 176256 176256 176256 176256 176256 176256 176256 176256 176256 176256 176256 176256 176256 176256 176256 176256 176256 176256 176256 176256 176256 176256 176256 176256 176256 176256 176256 0 0 2430344620 
18 compute 25244056
18 comm_size 32
18 allReduce 2 284698627
18 compute 21530719
18 allToAll 13824 13824 
18 compute 72647814
18 allToAll 13824 13824 
18 compute 20697527
18 comm_size 32
18 allReduce 1 3145267
18 compute 1064229
18 compute 344
18 allGatherV 176256 176256 176256 176256 176256 176256 176256 176256 176256 176256 176256 176256 176256 176256 176256 176256 176256 176256 176256 176256 176256 176256 176256 176256 176256 176256 176256 176256 176256 176256 176256 0 0 0 176256 352512 528768 705024 881280 1057536 1233792 1410048 1586304 1762560 1938816 2115072 2291328 2467584 2643840 2820096 2996352 3172608 3348864 3525120 3701376 3877632 4053888 4230144 4406400 4582656 4758912 4935168 5111424 5258304 5258304 
18 compute 91012222419
18 comm_size 32
18 allReduce 4 2850832812
18 compute 66332335
18 compute 346
18 allToAllV 13262850 414465 414465 414465 414465 414465 414465 414465 414465 414465 414465 414465 414465 414465 414465 414465 414465 414465 414465 414465 414465 414465 414465 414465 414465 414465 414465 414465 414465 414465 414450 414450 414450  13097094  414465 414465 414465 414465 414465 414465 414465 414465 414465 414465 414465 414465 414465 414465 414465 414465 414465 414465 414465 414465 414465 414465 414465 414465 414465 386834 386834 386834 386834 386834 386834 386834 
18 compute 917517
18 comm_size 32
18 allReduce 223729 132614857
18 compute 11341
18 comm_size 32
18 allReduce 1 54200906
18 compute 10641
18 compute 346
18 allToAllV 13097094 414465 414465 414465 414465 414465 414465 414465 414465 414465 414465 414465 414465 414465 414465 414465 414465 414465 414465 414465 414465 414465 414465 414465 414465 414465 386834 386834 386834 386834 386834 386834 386834  13262850  414465 414465 414465 414465 414465 414465 414465 414465 414465 414465 414465 414465 414465 414465 414465 414465 414465 414465 414465 414465 414465 414465 414465 414465 414465 414465 414465 414465 414465 414450 414450 414450 
18 compute 289861217807
18 comm_size 32
18 allReduce 2 8408979657
18 compute 66335701
18 compute 346
18 allToAllV 13262850 414465 414465 414465 414465 414465 414465 414465 414465 414465 414465 414465 414465 414465 414465 414465 414465 414465 414465 414465 414465 414465 414465 414465 414465 414465 414465 414465 414465 414465 414450 414450 414450  13097094  414465 414465 414465 414465 414465 414465 414465 414465 414465 414465 414465 414465 414465 414465 414465 414465 414465 414465 414465 414465 414465 414465 414465 414465 414465 386834 386834 386834 386834 386834 386834 386834 
18 compute 508142097
18 comm_size 32
18 allReduce 7 36233909
18 compute 1020352368
18 comm_size 32
18 allReduce 223729 215480349
18 compute 10176395
18 compute 346
18 allToAllV 13097094 414465 414465 414465 414465 414465 414465 414465 414465 414465 414465 414465 414465 414465 414465 414465 414465 414465 414465 414465 414465 414465 414465 414465 414465 414465 386834 386834 386834 386834 386834 386834 386834  13262850  414465 414465 414465 414465 414465 414465 414465 414465 414465 414465 414465 414465 414465 414465 414465 414465 414465 414465 414465 414465 414465 414465 414465 414465 414465 414465 414465 414465 414465 414450 414450 414450 
18 compute 31413043556
18 compute 336
18 reduceScatter 176256 176256 176256 176256 176256 176256 176256 176256 176256 176256 176256 176256 176256 176256 176256 176256 176256 176256 176256 176256 176256 176256 176256 176256 176256 176256 176256 176256 176256 176256 0 0 2585523230 
18 compute 25261594
18 comm_size 32
18 allReduce 2 290699045
18 compute 21530686
18 allToAll 13824 13824 
18 compute 72647814
18 allToAll 13824 13824 
18 compute 20697527
18 comm_size 32
18 allReduce 1 8895620
18 compute 1064229
18 compute 344
18 allGatherV 176256 176256 176256 176256 176256 176256 176256 176256 176256 176256 176256 176256 176256 176256 176256 176256 176256 176256 176256 176256 176256 176256 176256 176256 176256 176256 176256 176256 176256 176256 176256 0 0 0 176256 352512 528768 705024 881280 1057536 1233792 1410048 1586304 1762560 1938816 2115072 2291328 2467584 2643840 2820096 2996352 3172608 3348864 3525120 3701376 3877632 4053888 4230144 4406400 4582656 4758912 4935168 5111424 5258304 5258304 
18 compute 91012222416
18 comm_size 32
18 allReduce 4 2860604003
18 compute 66332335
18 compute 346
18 allToAllV 13262850 414465 414465 414465 414465 414465 414465 414465 414465 414465 414465 414465 414465 414465 414465 414465 414465 414465 414465 414465 414465 414465 414465 414465 414465 414465 414465 414465 414465 414465 414450 414450 414450  13097094  414465 414465 414465 414465 414465 414465 414465 414465 414465 414465 414465 414465 414465 414465 414465 414465 414465 414465 414465 414465 414465 414465 414465 414465 414465 386834 386834 386834 386834 386834 386834 386834 
18 compute 917516
18 comm_size 32
18 allReduce 223729 151587912
18 compute 11341
18 comm_size 32
18 allReduce 1 77257726
18 compute 10641
18 compute 346
18 allToAllV 13097094 414465 414465 414465 414465 414465 414465 414465 414465 414465 414465 414465 414465 414465 414465 414465 414465 414465 414465 414465 414465 414465 414465 414465 414465 414465 386834 386834 386834 386834 386834 386834 386834  13262850  414465 414465 414465 414465 414465 414465 414465 414465 414465 414465 414465 414465 414465 414465 414465 414465 414465 414465 414465 414465 414465 414465 414465 414465 414465 414465 414465 414465 414465 414450 414450 414450 
18 compute 289861217809
18 comm_size 32
18 allReduce 2 8287430257
18 compute 66335702
18 compute 346
18 allToAllV 13262850 414465 414465 414465 414465 414465 414465 414465 414465 414465 414465 414465 414465 414465 414465 414465 414465 414465 414465 414465 414465 414465 414465 414465 414465 414465 414465 414465 414465 414465 414450 414450 414450  13097094  414465 414465 414465 414465 414465 414465 414465 414465 414465 414465 414465 414465 414465 414465 414465 414465 414465 414465 414465 414465 414465 414465 414465 414465 414465 386834 386834 386834 386834 386834 386834 386834 
18 compute 508117168
18 comm_size 32
18 allReduce 7 17898530
18 compute 1020352539
18 comm_size 32
18 allReduce 223729 213474347
18 compute 10176474
18 compute 346
18 allToAllV 13097094 414465 414465 414465 414465 414465 414465 414465 414465 414465 414465 414465 414465 414465 414465 414465 414465 414465 414465 414465 414465 414465 414465 414465 414465 414465 386834 386834 386834 386834 386834 386834 386834  13262850  414465 414465 414465 414465 414465 414465 414465 414465 414465 414465 414465 414465 414465 414465 414465 414465 414465 414465 414465 414465 414465 414465 414465 414465 414465 414465 414465 414465 414465 414450 414450 414450 
18 compute 31413043614
18 compute 336
18 reduceScatter 176256 176256 176256 176256 176256 176256 176256 176256 176256 176256 176256 176256 176256 176256 176256 176256 176256 176256 176256 176256 176256 176256 176256 176256 176256 176256 176256 176256 176256 176256 0 0 2478655742 
18 compute 25263044
18 comm_size 32
18 allReduce 2 285208365
18 compute 21530718
18 allToAll 13824 13824 
18 compute 72647814
18 allToAll 13824 13824 
18 compute 20697527
18 comm_size 32
18 allReduce 1 1225534
18 compute 1064229
18 compute 344
18 allGatherV 176256 176256 176256 176256 176256 176256 176256 176256 176256 176256 176256 176256 176256 176256 176256 176256 176256 176256 176256 176256 176256 176256 176256 176256 176256 176256 176256 176256 176256 176256 176256 0 0 0 176256 352512 528768 705024 881280 1057536 1233792 1410048 1586304 1762560 1938816 2115072 2291328 2467584 2643840 2820096 2996352 3172608 3348864 3525120 3701376 3877632 4053888 4230144 4406400 4582656 4758912 4935168 5111424 5258304 5258304 
18 compute 91012222419
18 comm_size 32
18 allReduce 4 3070189859
18 compute 66332335
18 compute 346
18 allToAllV 13262850 414465 414465 414465 414465 414465 414465 414465 414465 414465 414465 414465 414465 414465 414465 414465 414465 414465 414465 414465 414465 414465 414465 414465 414465 414465 414465 414465 414465 414465 414450 414450 414450  13097094  414465 414465 414465 414465 414465 414465 414465 414465 414465 414465 414465 414465 414465 414465 414465 414465 414465 414465 414465 414465 414465 414465 414465 414465 414465 386834 386834 386834 386834 386834 386834 386834 
18 compute 917516
18 comm_size 32
18 allReduce 223729 141125463
18 compute 11349
18 comm_size 32
18 allReduce 1 37469400
18 compute 10641
18 compute 346
18 allToAllV 13097094 414465 414465 414465 414465 414465 414465 414465 414465 414465 414465 414465 414465 414465 414465 414465 414465 414465 414465 414465 414465 414465 414465 414465 414465 414465 386834 386834 386834 386834 386834 386834 386834  13262850  414465 414465 414465 414465 414465 414465 414465 414465 414465 414465 414465 414465 414465 414465 414465 414465 414465 414465 414465 414465 414465 414465 414465 414465 414465 414465 414465 414465 414465 414450 414450 414450 
18 compute 289861217804
18 comm_size 32
18 allReduce 2 8855198153
18 compute 66335701
18 compute 346
18 allToAllV 13262850 414465 414465 414465 414465 414465 414465 414465 414465 414465 414465 414465 414465 414465 414465 414465 414465 414465 414465 414465 414465 414465 414465 414465 414465 414465 414465 414465 414465 414465 414450 414450 414450  13097094  414465 414465 414465 414465 414465 414465 414465 414465 414465 414465 414465 414465 414465 414465 414465 414465 414465 414465 414465 414465 414465 414465 414465 414465 414465 386834 386834 386834 386834 386834 386834 386834 
18 compute 508117170
18 comm_size 32
18 allReduce 7 90685593
18 compute 1020352395
18 comm_size 32
18 allReduce 223729 218279320
18 compute 10176419
18 compute 346
18 allToAllV 13097094 414465 414465 414465 414465 414465 414465 414465 414465 414465 414465 414465 414465 414465 414465 414465 414465 414465 414465 414465 414465 414465 414465 414465 414465 414465 386834 386834 386834 386834 386834 386834 386834  13262850  414465 414465 414465 414465 414465 414465 414465 414465 414465 414465 414465 414465 414465 414465 414465 414465 414465 414465 414465 414465 414465 414465 414465 414465 414465 414465 414465 414465 414465 414450 414450 414450 
18 compute 31413043598
18 compute 336
18 reduceScatter 176256 176256 176256 176256 176256 176256 176256 176256 176256 176256 176256 176256 176256 176256 176256 176256 176256 176256 176256 176256 176256 176256 176256 176256 176256 176256 176256 176256 176256 176256 0 0 2495213045 
18 compute 25263681
18 comm_size 32
18 allReduce 2 292818758
18 compute 21530686
18 allToAll 13824 13824 
18 compute 72647814
18 allToAll 13824 13824 
18 compute 20697527
18 comm_size 32
18 allReduce 1 5574760
18 compute 1064229
18 compute 344
18 allGatherV 176256 176256 176256 176256 176256 176256 176256 176256 176256 176256 176256 176256 176256 176256 176256 176256 176256 176256 176256 176256 176256 176256 176256 176256 176256 176256 176256 176256 176256 176256 176256 0 0 0 176256 352512 528768 705024 881280 1057536 1233792 1410048 1586304 1762560 1938816 2115072 2291328 2467584 2643840 2820096 2996352 3172608 3348864 3525120 3701376 3877632 4053888 4230144 4406400 4582656 4758912 4935168 5111424 5258304 5258304 
18 compute 91012222410
18 comm_size 32
18 allReduce 4 2941183518
18 compute 66332335
18 compute 346
18 allToAllV 13262850 414465 414465 414465 414465 414465 414465 414465 414465 414465 414465 414465 414465 414465 414465 414465 414465 414465 414465 414465 414465 414465 414465 414465 414465 414465 414465 414465 414465 414465 414450 414450 414450  13097094  414465 414465 414465 414465 414465 414465 414465 414465 414465 414465 414465 414465 414465 414465 414465 414465 414465 414465 414465 414465 414465 414465 414465 414465 414465 386834 386834 386834 386834 386834 386834 386834 
18 compute 917516
18 comm_size 32
18 allReduce 223729 146698102
18 compute 11341
18 comm_size 32
18 allReduce 1 68040413
18 compute 10641
18 compute 346
18 allToAllV 13097094 414465 414465 414465 414465 414465 414465 414465 414465 414465 414465 414465 414465 414465 414465 414465 414465 414465 414465 414465 414465 414465 414465 414465 414465 414465 386834 386834 386834 386834 386834 386834 386834  13262850  414465 414465 414465 414465 414465 414465 414465 414465 414465 414465 414465 414465 414465 414465 414465 414465 414465 414465 414465 414465 414465 414465 414465 414465 414465 414465 414465 414465 414465 414450 414450 414450 
18 compute 289861217793
18 comm_size 32
18 allReduce 2 8345876670
18 compute 66335701
18 compute 346
18 allToAllV 13262850 414465 414465 414465 414465 414465 414465 414465 414465 414465 414465 414465 414465 414465 414465 414465 414465 414465 414465 414465 414465 414465 414465 414465 414465 414465 414465 414465 414465 414465 414450 414450 414450  13097094  414465 414465 414465 414465 414465 414465 414465 414465 414465 414465 414465 414465 414465 414465 414465 414465 414465 414465 414465 414465 414465 414465 414465 414465 414465 386834 386834 386834 386834 386834 386834 386834 
18 compute 508117174
18 comm_size 32
18 allReduce 7 68139479
18 compute 1020352540
18 comm_size 32
18 allReduce 223729 227309094
18 compute 10176502
18 compute 346
18 allToAllV 13097094 414465 414465 414465 414465 414465 414465 414465 414465 414465 414465 414465 414465 414465 414465 414465 414465 414465 414465 414465 414465 414465 414465 414465 414465 414465 386834 386834 386834 386834 386834 386834 386834  13262850  414465 414465 414465 414465 414465 414465 414465 414465 414465 414465 414465 414465 414465 414465 414465 414465 414465 414465 414465 414465 414465 414465 414465 414465 414465 414465 414465 414465 414465 414450 414450 414450 
18 compute 66332164
18 compute 1083
18 gather 133 133 0 
18 compute 31346713795
18 compute 336
18 reduceScatter 176256 176256 176256 176256 176256 176256 176256 176256 176256 176256 176256 176256 176256 176256 176256 176256 176256 176256 176256 176256 176256 176256 176256 176256 176256 176256 176256 176256 176256 176256 0 0 2609360394 
18 compute 25267646
18 comm_size 32
18 allReduce 2 284171040
18 compute 21530767
18 allToAll 13824 13824 
18 compute 72647794
18 allToAll 13824 13824 
18 compute 20697537
18 comm_size 32
18 allReduce 1 4243694
18 compute 1064239
18 compute 344
18 allGatherV 176256 176256 176256 176256 176256 176256 176256 176256 176256 176256 176256 176256 176256 176256 176256 176256 176256 176256 176256 176256 176256 176256 176256 176256 176256 176256 176256 176256 176256 176256 176256 0 0 0 176256 352512 528768 705024 881280 1057536 1233792 1410048 1586304 1762560 1938816 2115072 2291328 2467584 2643840 2820096 2996352 3172608 3348864 3525120 3701376 3877632 4053888 4230144 4406400 4582656 4758912 4935168 5111424 5258304 5258304 
18 compute 91012222461
18 comm_size 32
18 allReduce 4 2942527983
18 compute 66332277
18 compute 346
18 allToAllV 13262850 414465 414465 414465 414465 414465 414465 414465 414465 414465 414465 414465 414465 414465 414465 414465 414465 414465 414465 414465 414465 414465 414465 414465 414465 414465 414465 414465 414465 414465 414450 414450 414450  13097094  414465 414465 414465 414465 414465 414465 414465 414465 414465 414465 414465 414465 414465 414465 414465 414465 414465 414465 414465 414465 414465 414465 414465 414465 414465 386834 386834 386834 386834 386834 386834 386834 
18 compute 910329
18 comm_size 32
18 allReduce 223729 192385295
18 compute 1568034606
18 comm_size 32
18 allReduce 1 50665857
18 compute 9747
18 compute 346
18 allToAllV 13097094 414465 414465 414465 414465 414465 414465 414465 414465 414465 414465 414465 414465 414465 414465 414465 414465 414465 414465 414465 414465 414465 414465 414465 414465 414465 386834 386834 386834 386834 386834 386834 386834  13262850  414465 414465 414465 414465 414465 414465 414465 414465 414465 414465 414465 414465 414465 414465 414465 414465 414465 414465 414465 414465 414465 414465 414465 414465 414465 414465 414465 414465 414465 414450 414450 414450 
18 compute 66332123
18 comm_size 32
18 bcast 473 31 0
18 compute 337
18 barrier
18 compute 31293673089
18 compute 336
18 reduceScatter 176256 176256 176256 176256 176256 176256 176256 176256 176256 176256 176256 176256 176256 176256 176256 176256 176256 176256 176256 176256 176256 176256 176256 176256 176256 176256 176256 176256 176256 176256 0 0 2816137069 
18 compute 21790880
18 allToAll 13824 13824 
18 compute 72648030
18 allToAll 13824 13824 
18 compute 20516686
18 comm_size 32
18 allReduce 1 2595650
18 compute 987
18 comm_size 32
18 allReduce 6 593129
18 compute 4160
18 compute 344
18 allGatherV 176256 176256 176256 176256 176256 176256 176256 176256 176256 176256 176256 176256 176256 176256 176256 176256 176256 176256 176256 176256 176256 176256 176256 176256 176256 176256 176256 176256 176256 176256 176256 0 0 0 176256 352512 528768 705024 881280 1057536 1233792 1410048 1586304 1762560 1938816 2115072 2291328 2467584 2643840 2820096 2996352 3172608 3348864 3525120 3701376 3877632 4053888 4230144 4406400 4582656 4758912 4935168 5111424 5258304 5258304 
18 compute 10308222996
18 comm_size 32
18 allReduce 795 671011654
18 compute 993
18 comm_size 32
18 allReduce 1 1328142
18 compute 47170
18 barrier
18 compute 503816
18 compute 1096
18 gather 133 133 0 
18 compute 2415
18 compute 451
18 gather 3 3 0 
18 compute 87304
18 barrier
18 compute 20473
18 barrier
18 compute 346
18 barrier
18 compute 2654
18 finalize