5 init 1
5 compute 127149
5 compute 2652
5 compute 337081
5 compute 12998946
5 comm_size 32
5 bcast 1
5 compute 25816
5 barrier
5 compute 22488
5 comm_size 32
5 bcast 1
5 compute 24027
5 barrier
5 compute 22602
5 comm_size 32
5 bcast 1
5 compute 23751
5 barrier
5 compute 22524
5 comm_size 32
5 bcast 1
5 compute 23829
5 barrier
5 compute 22604
5 comm_size 32
5 bcast 1
5 compute 23866
5 barrier
5 compute 22682
5 comm_size 32
5 bcast 1
5 compute 23839
5 barrier
5 compute 22621
5 comm_size 32
5 bcast 1
5 compute 23546
5 barrier
5 compute 421
5 barrier
5 compute 167880
5 barrier
5 compute 19577923
5 barrier
5 compute 97157
5 comm_size 32
5 bcast 1
5 compute 378019
5 barrier
5 compute 12633
5 comm_size 32
5 bcast 1
5 compute 46295
5 barrier
5 compute 1019156
5 barrier
5 compute 123092
5 gather 795 795 0 
5 compute 234047138
5 allToAll 1746 1746 
5 compute 276029
5 barrier
5 compute 409270813
5 comm_size 32
5 allReduce 32 26075048 1
5 compute 3038108674
5 compute 1525
5 allToAllV 13262850 414465 414465 414465 414465 414465 414465 414465 414465 414465 414465 414465 414465 414465 414465 414465 414465 414465 414465 414465 414465 414465 414465 414465 414465 414465 414465 414465 414465 414465 414450 414450 414450  13097094  414465 414465 414465 414465 414465 414465 414465 414465 414465 414465 414465 414465 414465 414465 414465 414465 414465 414465 414465 414465 414465 414465 414465 414465 414465 386834 386834 386834 386834 386834 386834 386834 
5 compute 1058646347
5 barrier
5 compute 7748
5 compute 332
5 allToAllV 13097094 414465 414465 414465 414465 414465 414465 414465 414465 414465 414465 414465 414465 414465 414465 414465 414465 414465 414465 414465 414465 414465 414465 414465 414465 414465 386834 386834 386834 386834 386834 386834 386834  13262850  414465 414465 414465 414465 414465 414465 414465 414465 414465 414465 414465 414465 414465 414465 414465 414465 414465 414465 414465 414465 414465 414465 414465 414465 414465 414465 414465 414465 414465 414450 414450 414450 
5 compute 915154397
5 barrier
5 compute 1453660307
5 allToAll 13824 13824 
5 compute 72648498
5 allToAll 13824 13824 
5 compute 20518451
5 comm_size 32
5 allReduce 1 9630351
5 compute 1382506563
5 comm_size 32
5 allReduce 795 86398358
5 compute 1513570165
5 comm_size 32
5 allReduce 2 82995562
5 compute 21531740
5 allToAll 13824 13824 
5 compute 72648502
5 allToAll 13824 13824 
5 compute 20518455
5 comm_size 32
5 allReduce 1 5339502
5 compute 56257081
5 comm_size 32
5 allReduce 32 5420716 1
5 compute 62566097632
5 compute 1717
5 reduceScatter 176256 176256 176256 176256 176256 176256 176256 176256 176256 176256 176256 176256 176256 176256 176256 176256 176256 176256 176256 176256 176256 176256 176256 176256 176256 176256 176256 176256 176256 176256 0 0 3562951927 
5 compute 25028821
5 comm_size 32
5 allReduce 2 662923909
5 compute 21529913
5 allToAll 13824 13824 
5 compute 72647739
5 allToAll 13824 13824 
5 compute 20697076
5 comm_size 32
5 allReduce 1 2564245
5 compute 1070155
5 compute 1377
5 allGatherV 176256 176256 176256 176256 176256 176256 176256 176256 176256 176256 176256 176256 176256 176256 176256 176256 176256 176256 176256 176256 176256 176256 176256 176256 176256 176256 176256 176256 176256 176256 176256 0 0 0 176256 352512 528768 705024 881280 1057536 1233792 1410048 1586304 1762560 1938816 2115072 2291328 2467584 2643840 2820096 2996352 3172608 3348864 3525120 3701376 3877632 4053888 4230144 4406400 4582656 4758912 4935168 5111424 5258304 5258304 
5 compute 181884426438
5 comm_size 32
5 allReduce 4 3369472944
5 compute 132711710
5 compute 332
5 allToAllV 26525700 828930 828930 828930 828930 828930 828930 828930 828930 828930 828930 828930 828930 828930 828930 828930 828930 828930 828930 828930 828930 828930 828930 828930 828930 828930 828930 828930 828930 828930 828900 828900 828900  25834985  828930 828930 828930 828930 828930 828930 801299 801299 801299 801299 801299 801299 801299 801299 801299 801299 801299 801299 801299 801299 801299 801299 801299 801299 801299 801299 801299 801299 801299 801299 801299 801299 
5 compute 132662233
5 compute 332
5 allToAllV 26525700 828930 828930 828930 828930 828930 828930 828930 828930 828930 828930 828930 828930 828930 828930 828930 828930 828930 828930 828930 828930 828930 828930 828930 828930 828930 828930 828930 828930 828930 828900 828900 828900  25834985  828930 828930 828930 828930 828930 828930 801299 801299 801299 801299 801299 801299 801299 801299 801299 801299 801299 801299 801299 801299 801299 801299 801299 801299 801299 801299 801299 801299 801299 801299 801299 801299 
5 compute 10046740
5 comm_size 32
5 allReduce 1729832 1116872923
5 compute 10272799552
5 comm_size 32
5 bcast 934 31 0
5 compute 337
5 barrier
5 compute 19306
5 comm_size 32
5 bcast 1729832
5 compute 1563872
5 comm_size 32
5 allReduce 223729 84852962
5 compute 10176174
5 compute 346
5 allToAllV 13097094 414465 414465 414465 414465 414465 414465 414465 414465 414465 414465 414465 414465 414465 414465 414465 414465 414465 414465 414465 414465 414465 414465 414465 414465 414465 386834 386834 386834 386834 386834 386834 386834  13262850  414465 414465 414465 414465 414465 414465 414465 414465 414465 414465 414465 414465 414465 414465 414465 414465 414465 414465 414465 414465 414465 414465 414465 414465 414465 414465 414465 414465 414465 414450 414450 414450 
5 compute 66461393
5 compute 1207
5 gather 133 133 0 
5 compute 31346721221
5 compute 336
5 reduceScatter 176256 176256 176256 176256 176256 176256 176256 176256 176256 176256 176256 176256 176256 176256 176256 176256 176256 176256 176256 176256 176256 176256 176256 176256 176256 176256 176256 176256 176256 176256 0 0 2747789737 
5 compute 25074395
5 comm_size 32
5 allReduce 2 696543762
5 compute 21530158
5 allToAll 13824 13824 
5 compute 72648110
5 allToAll 13824 13824 
5 compute 20697182
5 comm_size 32
5 allReduce 1 1052828
5 compute 1064126
5 compute 344
5 allGatherV 176256 176256 176256 176256 176256 176256 176256 176256 176256 176256 176256 176256 176256 176256 176256 176256 176256 176256 176256 176256 176256 176256 176256 176256 176256 176256 176256 176256 176256 176256 176256 0 0 0 176256 352512 528768 705024 881280 1057536 1233792 1410048 1586304 1762560 1938816 2115072 2291328 2467584 2643840 2820096 2996352 3172608 3348864 3525120 3701376 3877632 4053888 4230144 4406400 4582656 4758912 4935168 5111424 5258304 5258304 
5 compute 91012210911
5 comm_size 32
5 allReduce 4 3135008766
5 compute 66332372
5 compute 346
5 allToAllV 13262850 414465 414465 414465 414465 414465 414465 414465 414465 414465 414465 414465 414465 414465 414465 414465 414465 414465 414465 414465 414465 414465 414465 414465 414465 414465 414465 414465 414465 414465 414450 414450 414450  13097094  414465 414465 414465 414465 414465 414465 414465 414465 414465 414465 414465 414465 414465 414465 414465 414465 414465 414465 414465 414465 414465 414465 414465 414465 414465 386834 386834 386834 386834 386834 386834 386834 
5 compute 917076
5 comm_size 32
5 allReduce 223729 172909270
5 compute 11151
5 comm_size 32
5 allReduce 1 49463998
5 compute 10424
5 compute 346
5 allToAllV 13097094 414465 414465 414465 414465 414465 414465 414465 414465 414465 414465 414465 414465 414465 414465 414465 414465 414465 414465 414465 414465 414465 414465 414465 414465 414465 386834 386834 386834 386834 386834 386834 386834  13262850  414465 414465 414465 414465 414465 414465 414465 414465 414465 414465 414465 414465 414465 414465 414465 414465 414465 414465 414465 414465 414465 414465 414465 414465 414465 414465 414465 414465 414465 414450 414450 414450 
5 compute 290059610389
5 comm_size 32
5 allReduce 2 8787032080
5 compute 66335686
5 compute 346
5 allToAllV 13262850 414465 414465 414465 414465 414465 414465 414465 414465 414465 414465 414465 414465 414465 414465 414465 414465 414465 414465 414465 414465 414465 414465 414465 414465 414465 414465 414465 414465 414465 414450 414450 414450  13097094  414465 414465 414465 414465 414465 414465 414465 414465 414465 414465 414465 414465 414465 414465 414465 414465 414465 414465 414465 414465 414465 414465 414465 414465 414465 386834 386834 386834 386834 386834 386834 386834 
5 compute 116082567
5 comm_size 32
5 allReduce 7 20271011
5 compute 210072528
5 comm_size 32
5 allReduce 223729 144827404
5 compute 10173002
5 compute 346
5 allToAllV 13097094 414465 414465 414465 414465 414465 414465 414465 414465 414465 414465 414465 414465 414465 414465 414465 414465 414465 414465 414465 414465 414465 414465 414465 414465 414465 386834 386834 386834 386834 386834 386834 386834  13262850  414465 414465 414465 414465 414465 414465 414465 414465 414465 414465 414465 414465 414465 414465 414465 414465 414465 414465 414465 414465 414465 414465 414465 414465 414465 414465 414465 414465 414465 414450 414450 414450 
5 compute 31413026416
5 compute 336
5 reduceScatter 176256 176256 176256 176256 176256 176256 176256 176256 176256 176256 176256 176256 176256 176256 176256 176256 176256 176256 176256 176256 176256 176256 176256 176256 176256 176256 176256 176256 176256 176256 0 0 2764505024 
5 compute 25164619
5 comm_size 32
5 allReduce 2 706780362
5 compute 21530148
5 allToAll 13824 13824 
5 compute 72648110
5 allToAll 13824 13824 
5 compute 20697182
5 comm_size 32
5 allReduce 1 8406109
5 compute 1064126
5 compute 344
5 allGatherV 176256 176256 176256 176256 176256 176256 176256 176256 176256 176256 176256 176256 176256 176256 176256 176256 176256 176256 176256 176256 176256 176256 176256 176256 176256 176256 176256 176256 176256 176256 176256 0 0 0 176256 352512 528768 705024 881280 1057536 1233792 1410048 1586304 1762560 1938816 2115072 2291328 2467584 2643840 2820096 2996352 3172608 3348864 3525120 3701376 3877632 4053888 4230144 4406400 4582656 4758912 4935168 5111424 5258304 5258304 
5 compute 91012210786
5 comm_size 32
5 allReduce 4 3029363710
5 compute 66332371
5 compute 346
5 allToAllV 13262850 414465 414465 414465 414465 414465 414465 414465 414465 414465 414465 414465 414465 414465 414465 414465 414465 414465 414465 414465 414465 414465 414465 414465 414465 414465 414465 414465 414465 414465 414450 414450 414450  13097094  414465 414465 414465 414465 414465 414465 414465 414465 414465 414465 414465 414465 414465 414465 414465 414465 414465 414465 414465 414465 414465 414465 414465 414465 414465 386834 386834 386834 386834 386834 386834 386834 
5 compute 917074
5 comm_size 32
5 allReduce 223729 164083734
5 compute 11151
5 comm_size 32
5 allReduce 1 58628478
5 compute 10424
5 compute 346
5 allToAllV 13097094 414465 414465 414465 414465 414465 414465 414465 414465 414465 414465 414465 414465 414465 414465 414465 414465 414465 414465 414465 414465 414465 414465 414465 414465 414465 386834 386834 386834 386834 386834 386834 386834  13262850  414465 414465 414465 414465 414465 414465 414465 414465 414465 414465 414465 414465 414465 414465 414465 414465 414465 414465 414465 414465 414465 414465 414465 414465 414465 414465 414465 414465 414465 414450 414450 414450 
5 compute 290059593887
5 comm_size 32
5 allReduce 2 8822979503
5 compute 66335681
5 compute 346
5 allToAllV 13262850 414465 414465 414465 414465 414465 414465 414465 414465 414465 414465 414465 414465 414465 414465 414465 414465 414465 414465 414465 414465 414465 414465 414465 414465 414465 414465 414465 414465 414465 414450 414450 414450  13097094  414465 414465 414465 414465 414465 414465 414465 414465 414465 414465 414465 414465 414465 414465 414465 414465 414465 414465 414465 414465 414465 414465 414465 414465 414465 386834 386834 386834 386834 386834 386834 386834 
5 compute 194473968
5 comm_size 32
5 allReduce 7 14379245
5 compute 445334670
5 comm_size 32
5 allReduce 223729 647081082
5 compute 10173097
5 compute 346
5 allToAllV 13097094 414465 414465 414465 414465 414465 414465 414465 414465 414465 414465 414465 414465 414465 414465 414465 414465 414465 414465 414465 414465 414465 414465 414465 414465 414465 386834 386834 386834 386834 386834 386834 386834  13262850  414465 414465 414465 414465 414465 414465 414465 414465 414465 414465 414465 414465 414465 414465 414465 414465 414465 414465 414465 414465 414465 414465 414465 414465 414465 414465 414465 414465 414465 414450 414450 414450 
5 compute 31413026415
5 compute 336
5 reduceScatter 176256 176256 176256 176256 176256 176256 176256 176256 176256 176256 176256 176256 176256 176256 176256 176256 176256 176256 176256 176256 176256 176256 176256 176256 176256 176256 176256 176256 176256 176256 0 0 4212568071 
5 compute 25122798
5 comm_size 32
5 allReduce 2 1248169628
5 compute 21530159
5 allToAll 13824 13824 
5 compute 72648110
5 allToAll 13824 13824 
5 compute 20697182
5 comm_size 32
5 allReduce 1 6036391
5 compute 1064126
5 compute 344
5 allGatherV 176256 176256 176256 176256 176256 176256 176256 176256 176256 176256 176256 176256 176256 176256 176256 176256 176256 176256 176256 176256 176256 176256 176256 176256 176256 176256 176256 176256 176256 176256 176256 0 0 0 176256 352512 528768 705024 881280 1057536 1233792 1410048 1586304 1762560 1938816 2115072 2291328 2467584 2643840 2820096 2996352 3172608 3348864 3525120 3701376 3877632 4053888 4230144 4406400 4582656 4758912 4935168 5111424 5258304 5258304 
5 compute 91012210802
5 comm_size 32
5 allReduce 4 2970525806
5 compute 66332372
5 compute 346
5 allToAllV 13262850 414465 414465 414465 414465 414465 414465 414465 414465 414465 414465 414465 414465 414465 414465 414465 414465 414465 414465 414465 414465 414465 414465 414465 414465 414465 414465 414465 414465 414465 414450 414450 414450  13097094  414465 414465 414465 414465 414465 414465 414465 414465 414465 414465 414465 414465 414465 414465 414465 414465 414465 414465 414465 414465 414465 414465 414465 414465 414465 386834 386834 386834 386834 386834 386834 386834 
5 compute 917075
5 comm_size 32
5 allReduce 223729 225846871
5 compute 11151
5 comm_size 32
5 allReduce 1 49297185
5 compute 10424
5 compute 346
5 allToAllV 13097094 414465 414465 414465 414465 414465 414465 414465 414465 414465 414465 414465 414465 414465 414465 414465 414465 414465 414465 414465 414465 414465 414465 414465 414465 414465 386834 386834 386834 386834 386834 386834 386834  13262850  414465 414465 414465 414465 414465 414465 414465 414465 414465 414465 414465 414465 414465 414465 414465 414465 414465 414465 414465 414465 414465 414465 414465 414465 414465 414465 414465 414465 414465 414450 414450 414450 
5 compute 290059593867
5 comm_size 32
5 allReduce 2 8232214805
5 compute 66335681
5 compute 346
5 allToAllV 13262850 414465 414465 414465 414465 414465 414465 414465 414465 414465 414465 414465 414465 414465 414465 414465 414465 414465 414465 414465 414465 414465 414465 414465 414465 414465 414465 414465 414465 414465 414450 414450 414450  13097094  414465 414465 414465 414465 414465 414465 414465 414465 414465 414465 414465 414465 414465 414465 414465 414465 414465 414465 414465 414465 414465 414465 414465 414465 414465 386834 386834 386834 386834 386834 386834 386834 
5 compute 272890900
5 comm_size 32
5 allReduce 7 37825615
5 compute 602163023
5 comm_size 32
5 allReduce 223729 754168357
5 compute 10173065
5 compute 346
5 allToAllV 13097094 414465 414465 414465 414465 414465 414465 414465 414465 414465 414465 414465 414465 414465 414465 414465 414465 414465 414465 414465 414465 414465 414465 414465 414465 414465 386834 386834 386834 386834 386834 386834 386834  13262850  414465 414465 414465 414465 414465 414465 414465 414465 414465 414465 414465 414465 414465 414465 414465 414465 414465 414465 414465 414465 414465 414465 414465 414465 414465 414465 414465 414465 414465 414450 414450 414450 
5 compute 31413026421
5 compute 336
5 reduceScatter 176256 176256 176256 176256 176256 176256 176256 176256 176256 176256 176256 176256 176256 176256 176256 176256 176256 176256 176256 176256 176256 176256 176256 176256 176256 176256 176256 176256 176256 176256 0 0 5628335608 
5 compute 25155994
5 comm_size 32
5 allReduce 2 820567986
5 compute 21530148
5 allToAll 13824 13824 
5 compute 72648110
5 allToAll 13824 13824 
5 compute 20697182
5 comm_size 32
5 allReduce 1 3136537
5 compute 1064126
5 compute 344
5 allGatherV 176256 176256 176256 176256 176256 176256 176256 176256 176256 176256 176256 176256 176256 176256 176256 176256 176256 176256 176256 176256 176256 176256 176256 176256 176256 176256 176256 176256 176256 176256 176256 0 0 0 176256 352512 528768 705024 881280 1057536 1233792 1410048 1586304 1762560 1938816 2115072 2291328 2467584 2643840 2820096 2996352 3172608 3348864 3525120 3701376 3877632 4053888 4230144 4406400 4582656 4758912 4935168 5111424 5258304 5258304 
5 compute 91012210781
5 comm_size 32
5 allReduce 4 3004559249
5 compute 66332373
5 compute 346
5 allToAllV 13262850 414465 414465 414465 414465 414465 414465 414465 414465 414465 414465 414465 414465 414465 414465 414465 414465 414465 414465 414465 414465 414465 414465 414465 414465 414465 414465 414465 414465 414465 414450 414450 414450  13097094  414465 414465 414465 414465 414465 414465 414465 414465 414465 414465 414465 414465 414465 414465 414465 414465 414465 414465 414465 414465 414465 414465 414465 414465 414465 386834 386834 386834 386834 386834 386834 386834 
5 compute 917074
5 comm_size 32
5 allReduce 223729 156821525
5 compute 11151
5 comm_size 32
5 allReduce 1 41398234
5 compute 10424
5 compute 346
5 allToAllV 13097094 414465 414465 414465 414465 414465 414465 414465 414465 414465 414465 414465 414465 414465 414465 414465 414465 414465 414465 414465 414465 414465 414465 414465 414465 414465 386834 386834 386834 386834 386834 386834 386834  13262850  414465 414465 414465 414465 414465 414465 414465 414465 414465 414465 414465 414465 414465 414465 414465 414465 414465 414465 414465 414465 414465 414465 414465 414465 414465 414465 414465 414465 414465 414450 414450 414450 
5 compute 290059593883
5 comm_size 32
5 allReduce 2 8284487631
5 compute 66335681
5 compute 346
5 allToAllV 13262850 414465 414465 414465 414465 414465 414465 414465 414465 414465 414465 414465 414465 414465 414465 414465 414465 414465 414465 414465 414465 414465 414465 414465 414465 414465 414465 414465 414465 414465 414450 414450 414450  13097094  414465 414465 414465 414465 414465 414465 414465 414465 414465 414465 414465 414465 414465 414465 414465 414465 414465 414465 414465 414465 414465 414465 414465 414465 414465 386834 386834 386834 386834 386834 386834 386834 
5 compute 351307812
5 comm_size 32
5 allReduce 7 56422393
5 compute 758998286
5 comm_size 32
5 allReduce 223729 215592964
5 compute 10173097
5 compute 346
5 allToAllV 13097094 414465 414465 414465 414465 414465 414465 414465 414465 414465 414465 414465 414465 414465 414465 414465 414465 414465 414465 414465 414465 414465 414465 414465 414465 414465 386834 386834 386834 386834 386834 386834 386834  13262850  414465 414465 414465 414465 414465 414465 414465 414465 414465 414465 414465 414465 414465 414465 414465 414465 414465 414465 414465 414465 414465 414465 414465 414465 414465 414465 414465 414465 414465 414450 414450 414450 
5 compute 31413026421
5 compute 336
5 reduceScatter 176256 176256 176256 176256 176256 176256 176256 176256 176256 176256 176256 176256 176256 176256 176256 176256 176256 176256 176256 176256 176256 176256 176256 176256 176256 176256 176256 176256 176256 176256 0 0 2311378520 
5 compute 25171957
5 comm_size 32
5 allReduce 2 700325604
5 compute 21530148
5 allToAll 13824 13824 
5 compute 72648110
5 allToAll 13824 13824 
5 compute 20697182
5 comm_size 32
5 allReduce 1 4216030
5 compute 1064126
5 compute 344
5 allGatherV 176256 176256 176256 176256 176256 176256 176256 176256 176256 176256 176256 176256 176256 176256 176256 176256 176256 176256 176256 176256 176256 176256 176256 176256 176256 176256 176256 176256 176256 176256 176256 0 0 0 176256 352512 528768 705024 881280 1057536 1233792 1410048 1586304 1762560 1938816 2115072 2291328 2467584 2643840 2820096 2996352 3172608 3348864 3525120 3701376 3877632 4053888 4230144 4406400 4582656 4758912 4935168 5111424 5258304 5258304 
5 compute 91012210786
5 comm_size 32
5 allReduce 4 2946396278
5 compute 66332371
5 compute 346
5 allToAllV 13262850 414465 414465 414465 414465 414465 414465 414465 414465 414465 414465 414465 414465 414465 414465 414465 414465 414465 414465 414465 414465 414465 414465 414465 414465 414465 414465 414465 414465 414465 414450 414450 414450  13097094  414465 414465 414465 414465 414465 414465 414465 414465 414465 414465 414465 414465 414465 414465 414465 414465 414465 414465 414465 414465 414465 414465 414465 414465 414465 386834 386834 386834 386834 386834 386834 386834 
5 compute 917074
5 comm_size 32
5 allReduce 223729 192491521
5 compute 11143
5 comm_size 32
5 allReduce 1 60750933
5 compute 10424
5 compute 346
5 allToAllV 13097094 414465 414465 414465 414465 414465 414465 414465 414465 414465 414465 414465 414465 414465 414465 414465 414465 414465 414465 414465 414465 414465 414465 414465 414465 414465 386834 386834 386834 386834 386834 386834 386834  13262850  414465 414465 414465 414465 414465 414465 414465 414465 414465 414465 414465 414465 414465 414465 414465 414465 414465 414465 414465 414465 414465 414465 414465 414465 414465 414465 414465 414465 414465 414450 414450 414450 
5 compute 290059593875
5 comm_size 32
5 allReduce 2 8499101193
5 compute 66335681
5 compute 346
5 allToAllV 13262850 414465 414465 414465 414465 414465 414465 414465 414465 414465 414465 414465 414465 414465 414465 414465 414465 414465 414465 414465 414465 414465 414465 414465 414465 414465 414465 414465 414465 414465 414450 414450 414450  13097094  414465 414465 414465 414465 414465 414465 414465 414465 414465 414465 414465 414465 414465 414465 414465 414465 414465 414465 414465 414465 414465 414465 414465 414465 414465 386834 386834 386834 386834 386834 386834 386834 
5 compute 429724740
5 comm_size 32
5 allReduce 7 64223374
5 compute 915833908
5 comm_size 32
5 allReduce 223729 194590959
5 compute 10172965
5 compute 346
5 allToAllV 13097094 414465 414465 414465 414465 414465 414465 414465 414465 414465 414465 414465 414465 414465 414465 414465 414465 414465 414465 414465 414465 414465 414465 414465 414465 414465 386834 386834 386834 386834 386834 386834 386834  13262850  414465 414465 414465 414465 414465 414465 414465 414465 414465 414465 414465 414465 414465 414465 414465 414465 414465 414465 414465 414465 414465 414465 414465 414465 414465 414465 414465 414465 414465 414450 414450 414450 
5 compute 31413026417
5 compute 336
5 reduceScatter 176256 176256 176256 176256 176256 176256 176256 176256 176256 176256 176256 176256 176256 176256 176256 176256 176256 176256 176256 176256 176256 176256 176256 176256 176256 176256 176256 176256 176256 176256 0 0 2198045087 
5 compute 25157597
5 comm_size 32
5 allReduce 2 711209532
5 compute 21530148
5 allToAll 13824 13824 
5 compute 72648110
5 allToAll 13824 13824 
5 compute 20697182
5 comm_size 32
5 allReduce 1 2932385
5 compute 1064126
5 compute 344
5 allGatherV 176256 176256 176256 176256 176256 176256 176256 176256 176256 176256 176256 176256 176256 176256 176256 176256 176256 176256 176256 176256 176256 176256 176256 176256 176256 176256 176256 176256 176256 176256 176256 0 0 0 176256 352512 528768 705024 881280 1057536 1233792 1410048 1586304 1762560 1938816 2115072 2291328 2467584 2643840 2820096 2996352 3172608 3348864 3525120 3701376 3877632 4053888 4230144 4406400 4582656 4758912 4935168 5111424 5258304 5258304 
5 compute 91012210787
5 comm_size 32
5 allReduce 4 2962449552
5 compute 66332371
5 compute 346
5 allToAllV 13262850 414465 414465 414465 414465 414465 414465 414465 414465 414465 414465 414465 414465 414465 414465 414465 414465 414465 414465 414465 414465 414465 414465 414465 414465 414465 414465 414465 414465 414465 414450 414450 414450  13097094  414465 414465 414465 414465 414465 414465 414465 414465 414465 414465 414465 414465 414465 414465 414465 414465 414465 414465 414465 414465 414465 414465 414465 414465 414465 386834 386834 386834 386834 386834 386834 386834 
5 compute 917074
5 comm_size 32
5 allReduce 223729 172404043
5 compute 11143
5 comm_size 32
5 allReduce 1 57273152
5 compute 10424
5 compute 346
5 allToAllV 13097094 414465 414465 414465 414465 414465 414465 414465 414465 414465 414465 414465 414465 414465 414465 414465 414465 414465 414465 414465 414465 414465 414465 414465 414465 414465 386834 386834 386834 386834 386834 386834 386834  13262850  414465 414465 414465 414465 414465 414465 414465 414465 414465 414465 414465 414465 414465 414465 414465 414465 414465 414465 414465 414465 414465 414465 414465 414465 414465 414465 414465 414465 414465 414450 414450 414450 
5 compute 290059593875
5 comm_size 32
5 allReduce 2 8137941433
5 compute 66335682
5 compute 346
5 allToAllV 13262850 414465 414465 414465 414465 414465 414465 414465 414465 414465 414465 414465 414465 414465 414465 414465 414465 414465 414465 414465 414465 414465 414465 414465 414465 414465 414465 414465 414465 414465 414450 414450 414450  13097094  414465 414465 414465 414465 414465 414465 414465 414465 414465 414465 414465 414465 414465 414465 414465 414465 414465 414465 414465 414465 414465 414465 414465 414465 414465 386834 386834 386834 386834 386834 386834 386834 
5 compute 508141663
5 comm_size 32
5 allReduce 7 30762525
5 compute 1020352172
5 comm_size 32
5 allReduce 223729 248329073
5 compute 10173087
5 compute 346
5 allToAllV 13097094 414465 414465 414465 414465 414465 414465 414465 414465 414465 414465 414465 414465 414465 414465 414465 414465 414465 414465 414465 414465 414465 414465 414465 414465 414465 386834 386834 386834 386834 386834 386834 386834  13262850  414465 414465 414465 414465 414465 414465 414465 414465 414465 414465 414465 414465 414465 414465 414465 414465 414465 414465 414465 414465 414465 414465 414465 414465 414465 414465 414465 414465 414465 414450 414450 414450 
5 compute 31413026420
5 compute 336
5 reduceScatter 176256 176256 176256 176256 176256 176256 176256 176256 176256 176256 176256 176256 176256 176256 176256 176256 176256 176256 176256 176256 176256 176256 176256 176256 176256 176256 176256 176256 176256 176256 0 0 2342868148 
5 compute 25169153
5 comm_size 32
5 allReduce 2 712964407
5 compute 21530148
5 allToAll 13824 13824 
5 compute 72648110
5 allToAll 13824 13824 
5 compute 20697182
5 comm_size 32
5 allReduce 1 7322261
5 compute 1064126
5 compute 344
5 allGatherV 176256 176256 176256 176256 176256 176256 176256 176256 176256 176256 176256 176256 176256 176256 176256 176256 176256 176256 176256 176256 176256 176256 176256 176256 176256 176256 176256 176256 176256 176256 176256 0 0 0 176256 352512 528768 705024 881280 1057536 1233792 1410048 1586304 1762560 1938816 2115072 2291328 2467584 2643840 2820096 2996352 3172608 3348864 3525120 3701376 3877632 4053888 4230144 4406400 4582656 4758912 4935168 5111424 5258304 5258304 
5 compute 91012210787
5 comm_size 32
5 allReduce 4 2941173322
5 compute 66332372
5 compute 346
5 allToAllV 13262850 414465 414465 414465 414465 414465 414465 414465 414465 414465 414465 414465 414465 414465 414465 414465 414465 414465 414465 414465 414465 414465 414465 414465 414465 414465 414465 414465 414465 414465 414450 414450 414450  13097094  414465 414465 414465 414465 414465 414465 414465 414465 414465 414465 414465 414465 414465 414465 414465 414465 414465 414465 414465 414465 414465 414465 414465 414465 414465 386834 386834 386834 386834 386834 386834 386834 
5 compute 917074
5 comm_size 32
5 allReduce 223729 181604038
5 compute 11143
5 comm_size 32
5 allReduce 1 58255690
5 compute 10424
5 compute 346
5 allToAllV 13097094 414465 414465 414465 414465 414465 414465 414465 414465 414465 414465 414465 414465 414465 414465 414465 414465 414465 414465 414465 414465 414465 414465 414465 414465 414465 386834 386834 386834 386834 386834 386834 386834  13262850  414465 414465 414465 414465 414465 414465 414465 414465 414465 414465 414465 414465 414465 414465 414465 414465 414465 414465 414465 414465 414465 414465 414465 414465 414465 414465 414465 414465 414465 414450 414450 414450 
5 compute 290059593880
5 comm_size 32
5 allReduce 2 8144784662
5 compute 66335681
5 compute 346
5 allToAllV 13262850 414465 414465 414465 414465 414465 414465 414465 414465 414465 414465 414465 414465 414465 414465 414465 414465 414465 414465 414465 414465 414465 414465 414465 414465 414465 414465 414465 414465 414465 414450 414450 414450  13097094  414465 414465 414465 414465 414465 414465 414465 414465 414465 414465 414465 414465 414465 414465 414465 414465 414465 414465 414465 414465 414465 414465 414465 414465 414465 386834 386834 386834 386834 386834 386834 386834 
5 compute 508116735
5 comm_size 32
5 allReduce 7 20689578
5 compute 1020352335
5 comm_size 32
5 allReduce 223729 227798525
5 compute 10173076
5 compute 346
5 allToAllV 13097094 414465 414465 414465 414465 414465 414465 414465 414465 414465 414465 414465 414465 414465 414465 414465 414465 414465 414465 414465 414465 414465 414465 414465 414465 414465 386834 386834 386834 386834 386834 386834 386834  13262850  414465 414465 414465 414465 414465 414465 414465 414465 414465 414465 414465 414465 414465 414465 414465 414465 414465 414465 414465 414465 414465 414465 414465 414465 414465 414465 414465 414465 414465 414450 414450 414450 
5 compute 31413026419
5 compute 336
5 reduceScatter 176256 176256 176256 176256 176256 176256 176256 176256 176256 176256 176256 176256 176256 176256 176256 176256 176256 176256 176256 176256 176256 176256 176256 176256 176256 176256 176256 176256 176256 176256 0 0 2236346892 
5 compute 25166650
5 comm_size 32
5 allReduce 2 700382952
5 compute 21530159
5 allToAll 13824 13824 
5 compute 72648110
5 allToAll 13824 13824 
5 compute 20697183
5 comm_size 32
5 allReduce 1 1023636
5 compute 1064126
5 compute 344
5 allGatherV 176256 176256 176256 176256 176256 176256 176256 176256 176256 176256 176256 176256 176256 176256 176256 176256 176256 176256 176256 176256 176256 176256 176256 176256 176256 176256 176256 176256 176256 176256 176256 0 0 0 176256 352512 528768 705024 881280 1057536 1233792 1410048 1586304 1762560 1938816 2115072 2291328 2467584 2643840 2820096 2996352 3172608 3348864 3525120 3701376 3877632 4053888 4230144 4406400 4582656 4758912 4935168 5111424 5258304 5258304 
5 compute 91012210802
5 comm_size 32
5 allReduce 4 3271259099
5 compute 66332371
5 compute 346
5 allToAllV 13262850 414465 414465 414465 414465 414465 414465 414465 414465 414465 414465 414465 414465 414465 414465 414465 414465 414465 414465 414465 414465 414465 414465 414465 414465 414465 414465 414465 414465 414465 414450 414450 414450  13097094  414465 414465 414465 414465 414465 414465 414465 414465 414465 414465 414465 414465 414465 414465 414465 414465 414465 414465 414465 414465 414465 414465 414465 414465 414465 386834 386834 386834 386834 386834 386834 386834 
5 compute 917074
5 comm_size 32
5 allReduce 223729 164056240
5 compute 11143
5 comm_size 32
5 allReduce 1 40399622
5 compute 10424
5 compute 346
5 allToAllV 13097094 414465 414465 414465 414465 414465 414465 414465 414465 414465 414465 414465 414465 414465 414465 414465 414465 414465 414465 414465 414465 414465 414465 414465 414465 414465 386834 386834 386834 386834 386834 386834 386834  13262850  414465 414465 414465 414465 414465 414465 414465 414465 414465 414465 414465 414465 414465 414465 414465 414465 414465 414465 414465 414465 414465 414465 414465 414465 414465 414465 414465 414465 414465 414450 414450 414450 
5 compute 290059593871
5 comm_size 32
5 allReduce 2 8593028046
5 compute 66335681
5 compute 346
5 allToAllV 13262850 414465 414465 414465 414465 414465 414465 414465 414465 414465 414465 414465 414465 414465 414465 414465 414465 414465 414465 414465 414465 414465 414465 414465 414465 414465 414465 414465 414465 414465 414450 414450 414450  13097094  414465 414465 414465 414465 414465 414465 414465 414465 414465 414465 414465 414465 414465 414465 414465 414465 414465 414465 414465 414465 414465 414465 414465 414465 414465 386834 386834 386834 386834 386834 386834 386834 
5 compute 508116737
5 comm_size 32
5 allReduce 7 80407140
5 compute 1020352194
5 comm_size 32
5 allReduce 223729 193501890
5 compute 10173070
5 compute 346
5 allToAllV 13097094 414465 414465 414465 414465 414465 414465 414465 414465 414465 414465 414465 414465 414465 414465 414465 414465 414465 414465 414465 414465 414465 414465 414465 414465 414465 386834 386834 386834 386834 386834 386834 386834  13262850  414465 414465 414465 414465 414465 414465 414465 414465 414465 414465 414465 414465 414465 414465 414465 414465 414465 414465 414465 414465 414465 414465 414465 414465 414465 414465 414465 414465 414465 414450 414450 414450 
5 compute 31413026413
5 compute 336
5 reduceScatter 176256 176256 176256 176256 176256 176256 176256 176256 176256 176256 176256 176256 176256 176256 176256 176256 176256 176256 176256 176256 176256 176256 176256 176256 176256 176256 176256 176256 176256 176256 0 0 2269964102 
5 compute 25167507
5 comm_size 32
5 allReduce 2 706227952
5 compute 21530158
5 allToAll 13824 13824 
5 compute 72648110
5 allToAll 13824 13824 
5 compute 20697182
5 comm_size 32
5 allReduce 1 4534057
5 compute 1064126
5 compute 344
5 allGatherV 176256 176256 176256 176256 176256 176256 176256 176256 176256 176256 176256 176256 176256 176256 176256 176256 176256 176256 176256 176256 176256 176256 176256 176256 176256 176256 176256 176256 176256 176256 176256 0 0 0 176256 352512 528768 705024 881280 1057536 1233792 1410048 1586304 1762560 1938816 2115072 2291328 2467584 2643840 2820096 2996352 3172608 3348864 3525120 3701376 3877632 4053888 4230144 4406400 4582656 4758912 4935168 5111424 5258304 5258304 
5 compute 91012210797
5 comm_size 32
5 allReduce 4 3054700217
5 compute 66332372
5 compute 346
5 allToAllV 13262850 414465 414465 414465 414465 414465 414465 414465 414465 414465 414465 414465 414465 414465 414465 414465 414465 414465 414465 414465 414465 414465 414465 414465 414465 414465 414465 414465 414465 414465 414450 414450 414450  13097094  414465 414465 414465 414465 414465 414465 414465 414465 414465 414465 414465 414465 414465 414465 414465 414465 414465 414465 414465 414465 414465 414465 414465 414465 414465 386834 386834 386834 386834 386834 386834 386834 
5 compute 917074
5 comm_size 32
5 allReduce 223729 162667962
5 compute 11143
5 comm_size 32
5 allReduce 1 32092049
5 compute 10424
5 compute 346
5 allToAllV 13097094 414465 414465 414465 414465 414465 414465 414465 414465 414465 414465 414465 414465 414465 414465 414465 414465 414465 414465 414465 414465 414465 414465 414465 414465 414465 386834 386834 386834 386834 386834 386834 386834  13262850  414465 414465 414465 414465 414465 414465 414465 414465 414465 414465 414465 414465 414465 414465 414465 414465 414465 414465 414465 414465 414465 414465 414465 414465 414465 414465 414465 414465 414465 414450 414450 414450 
5 compute 290059593886
5 comm_size 32
5 allReduce 2 8045261537
5 compute 66335681
5 compute 346
5 allToAllV 13262850 414465 414465 414465 414465 414465 414465 414465 414465 414465 414465 414465 414465 414465 414465 414465 414465 414465 414465 414465 414465 414465 414465 414465 414465 414465 414465 414465 414465 414465 414450 414450 414450  13097094  414465 414465 414465 414465 414465 414465 414465 414465 414465 414465 414465 414465 414465 414465 414465 414465 414465 414465 414465 414465 414465 414465 414465 414465 414465 386834 386834 386834 386834 386834 386834 386834 
5 compute 508116740
5 comm_size 32
5 allReduce 7 66178207
5 compute 1020352338
5 comm_size 32
5 allReduce 223729 197927575
5 compute 10173020
5 compute 346
5 allToAllV 13097094 414465 414465 414465 414465 414465 414465 414465 414465 414465 414465 414465 414465 414465 414465 414465 414465 414465 414465 414465 414465 414465 414465 414465 414465 414465 386834 386834 386834 386834 386834 386834 386834  13262850  414465 414465 414465 414465 414465 414465 414465 414465 414465 414465 414465 414465 414465 414465 414465 414465 414465 414465 414465 414465 414465 414465 414465 414465 414465 414465 414465 414465 414465 414450 414450 414450 
5 compute 66332083
5 compute 1230
5 gather 133 133 0 
5 compute 31346696386
5 compute 336
5 reduceScatter 176256 176256 176256 176256 176256 176256 176256 176256 176256 176256 176256 176256 176256 176256 176256 176256 176256 176256 176256 176256 176256 176256 176256 176256 176256 176256 176256 176256 176256 176256 0 0 2345535131 
5 compute 25167450
5 comm_size 32
5 allReduce 2 715678391
5 compute 21529835
5 allToAll 13824 13824 
5 compute 72647834
5 allToAll 13824 13824 
5 compute 20696928
5 comm_size 32
5 allReduce 1 581569
5 compute 1064068
5 compute 344
5 allGatherV 176256 176256 176256 176256 176256 176256 176256 176256 176256 176256 176256 176256 176256 176256 176256 176256 176256 176256 176256 176256 176256 176256 176256 176256 176256 176256 176256 176256 176256 176256 176256 0 0 0 176256 352512 528768 705024 881280 1057536 1233792 1410048 1586304 1762560 1938816 2115072 2291328 2467584 2643840 2820096 2996352 3172608 3348864 3525120 3701376 3877632 4053888 4230144 4406400 4582656 4758912 4935168 5111424 5258304 5258304 
5 compute 91012210488
5 comm_size 32
5 allReduce 4 3080434104
5 compute 66332171
5 compute 346
5 allToAllV 13262850 414465 414465 414465 414465 414465 414465 414465 414465 414465 414465 414465 414465 414465 414465 414465 414465 414465 414465 414465 414465 414465 414465 414465 414465 414465 414465 414465 414465 414465 414450 414450 414450  13097094  414465 414465 414465 414465 414465 414465 414465 414465 414465 414465 414465 414465 414465 414465 414465 414465 414465 414465 414465 414465 414465 414465 414465 414465 414465 386834 386834 386834 386834 386834 386834 386834 
5 compute 909874
5 comm_size 32
5 allReduce 223729 196191743
5 compute 1567887673
5 comm_size 32
5 allReduce 1 61479684
5 compute 9386
5 compute 346
5 allToAllV 13097094 414465 414465 414465 414465 414465 414465 414465 414465 414465 414465 414465 414465 414465 414465 414465 414465 414465 414465 414465 414465 414465 414465 414465 414465 414465 386834 386834 386834 386834 386834 386834 386834  13262850  414465 414465 414465 414465 414465 414465 414465 414465 414465 414465 414465 414465 414465 414465 414465 414465 414465 414465 414465 414465 414465 414465 414465 414465 414465 414465 414465 414465 414465 414450 414450 414450 
5 compute 66331962
5 comm_size 32
5 bcast 473 31 0
5 compute 337
5 barrier
5 compute 31293654507
5 compute 336
5 reduceScatter 176256 176256 176256 176256 176256 176256 176256 176256 176256 176256 176256 176256 176256 176256 176256 176256 176256 176256 176256 176256 176256 176256 176256 176256 176256 176256 176256 176256 176256 176256 0 0 2597435864 
5 compute 21790506
5 allToAll 13824 13824 
5 compute 72647898
5 allToAll 13824 13824 
5 compute 20516440
5 comm_size 32
5 allReduce 1 408766
5 compute 987
5 comm_size 32
5 allReduce 6 1338695
5 compute 4169
5 compute 344
5 allGatherV 176256 176256 176256 176256 176256 176256 176256 176256 176256 176256 176256 176256 176256 176256 176256 176256 176256 176256 176256 176256 176256 176256 176256 176256 176256 176256 176256 176256 176256 176256 176256 0 0 0 176256 352512 528768 705024 881280 1057536 1233792 1410048 1586304 1762560 1938816 2115072 2291328 2467584 2643840 2820096 2996352 3172608 3348864 3525120 3701376 3877632 4053888 4230144 4406400 4582656 4758912 4935168 5111424 5258304 5258304 
5 compute 10323320447
5 comm_size 32
5 allReduce 795 700875689
5 compute 993
5 comm_size 32
5 allReduce 1 1170831
5 compute 47042
5 barrier
5 compute 504157
5 compute 1121
5 gather 133 133 0 
5 compute 2517
5 compute 451
5 gather 3 3 0 
5 compute 87160
5 barrier
5 compute 20418
5 barrier
5 compute 346
5 barrier
5 compute 2654
5 finalize