7 init 1
7 compute 127153
7 compute 2652
7 compute 336844
7 compute 13040699
7 comm_size 32
7 bcast 1
7 compute 25958
7 barrier
7 compute 22551
7 comm_size 32
7 bcast 1
7 compute 23889
7 barrier
7 compute 22608
7 comm_size 32
7 bcast 1
7 compute 23752
7 barrier
7 compute 22528
7 comm_size 32
7 bcast 1
7 compute 23830
7 barrier
7 compute 22610
7 comm_size 32
7 bcast 1
7 compute 23866
7 barrier
7 compute 22686
7 comm_size 32
7 bcast 1
7 compute 23840
7 barrier
7 compute 22627
7 comm_size 32
7 bcast 1
7 compute 23546
7 barrier
7 compute 421
7 barrier
7 compute 168153
7 barrier
7 compute 22226625
7 barrier
7 compute 97883
7 comm_size 32
7 bcast 1
7 compute 370604
7 barrier
7 compute 12633
7 comm_size 32
7 bcast 1
7 compute 46425
7 barrier
7 compute 1017889
7 barrier
7 compute 122554
7 gather 795 795 0 
7 compute 237329701
7 allToAll 1746 1746 
7 compute 276028
7 barrier
7 compute 409318380
7 comm_size 32
7 allReduce 32 26584387 1
7 compute 3038128727
7 compute 1525
7 allToAllV 13262850 414465 414465 414465 414465 414465 414465 414465 414465 414465 414465 414465 414465 414465 414465 414465 414465 414465 414465 414465 414465 414465 414465 414465 414465 414465 414465 414465 414465 414465 414450 414450 414450  13097094  414465 414465 414465 414465 414465 414465 414465 414465 414465 414465 414465 414465 414465 414465 414465 414465 414465 414465 414465 414465 414465 414465 414465 414465 414465 386834 386834 386834 386834 386834 386834 386834 
7 compute 1058646357
7 barrier
7 compute 7748
7 compute 332
7 allToAllV 13097094 414465 414465 414465 414465 414465 414465 414465 414465 414465 414465 414465 414465 414465 414465 414465 414465 414465 414465 414465 414465 414465 414465 414465 414465 414465 386834 386834 386834 386834 386834 386834 386834  13262850  414465 414465 414465 414465 414465 414465 414465 414465 414465 414465 414465 414465 414465 414465 414465 414465 414465 414465 414465 414465 414465 414465 414465 414465 414465 414465 414465 414465 414465 414450 414450 414450 
7 compute 915154397
7 barrier
7 compute 1453990364
7 allToAll 13824 13824 
7 compute 72648818
7 allToAll 13824 13824 
7 compute 20518600
7 comm_size 32
7 allReduce 1 8126143
7 compute 1382888665
7 comm_size 32
7 allReduce 795 69286550
7 compute 1512356592
7 comm_size 32
7 allReduce 2 81727397
7 compute 21532031
7 allToAll 13824 13824 
7 compute 72648817
7 allToAll 13824 13824 
7 compute 20518605
7 comm_size 32
7 allReduce 1 6044829
7 compute 67755022
7 comm_size 32
7 allReduce 32 6756150 1
7 compute 60481269682
7 compute 1717
7 reduceScatter 176256 176256 176256 176256 176256 176256 176256 176256 176256 176256 176256 176256 176256 176256 176256 176256 176256 176256 176256 176256 176256 176256 176256 176256 176256 176256 176256 176256 176256 176256 0 0 4439644741 
7 compute 25341067
7 comm_size 32
7 allReduce 2 601004096
7 compute 21530578
7 allToAll 13824 13824 
7 compute 72647738
7 allToAll 13824 13824 
7 compute 20697539
7 comm_size 32
7 allReduce 1 3826849
7 compute 1070119
7 compute 1377
7 allGatherV 176256 176256 176256 176256 176256 176256 176256 176256 176256 176256 176256 176256 176256 176256 176256 176256 176256 176256 176256 176256 176256 176256 176256 176256 176256 176256 176256 176256 176256 176256 176256 0 0 0 176256 352512 528768 705024 881280 1057536 1233792 1410048 1586304 1762560 1938816 2115072 2291328 2467584 2643840 2820096 2996352 3172608 3348864 3525120 3701376 3877632 4053888 4230144 4406400 4582656 4758912 4935168 5111424 5258304 5258304 
7 compute 175829004085
7 comm_size 32
7 allReduce 4 6001136196
7 compute 128288708
7 compute 332
7 allToAllV 25641510 801299 801299 801299 801299 801299 801299 801299 801299 801299 801299 801299 801299 801299 801299 801299 801299 801299 801299 801299 801299 801299 801299 801299 801299 801299 801299 801299 801299 801299 801270 801270 801270  25834985  828930 828930 828930 828930 828930 828930 801299 801299 801299 801299 801299 801299 801299 801299 801299 801299 801299 801299 801299 801299 801299 801299 801299 801299 801299 801299 801299 801299 801299 801299 801299 801299 
7 compute 128241330
7 compute 332
7 allToAllV 25641510 801299 801299 801299 801299 801299 801299 801299 801299 801299 801299 801299 801299 801299 801299 801299 801299 801299 801299 801299 801299 801299 801299 801299 801299 801299 801299 801299 801299 801299 801270 801270 801270  25834985  828930 828930 828930 828930 828930 828930 801299 801299 801299 801299 801299 801299 801299 801299 801299 801299 801299 801299 801299 801299 801299 801299 801299 801299 801299 801299 801299 801299 801299 801299 801299 801299 
7 compute 10047116
7 comm_size 32
7 allReduce 1729832 1106757309
7 compute 10272738758
7 comm_size 32
7 bcast 934 31 0
7 compute 337
7 barrier
7 compute 19179
7 comm_size 32
7 bcast 1729832
7 compute 1564918
7 comm_size 32
7 allReduce 223729 265779544
7 compute 10179878
7 compute 346
7 allToAllV 13097094 414465 414465 414465 414465 414465 414465 414465 414465 414465 414465 414465 414465 414465 414465 414465 414465 414465 414465 414465 414465 414465 414465 414465 414465 414465 386834 386834 386834 386834 386834 386834 386834  13262850  414465 414465 414465 414465 414465 414465 414465 414465 414465 414465 414465 414465 414465 414465 414465 414465 414465 414465 414465 414465 414465 414465 414465 414465 414465 414465 414465 414465 414465 414450 414450 414450 
7 compute 66461155
7 compute 1156
7 gather 133 133 0 
7 compute 31346719599
7 compute 336
7 reduceScatter 176256 176256 176256 176256 176256 176256 176256 176256 176256 176256 176256 176256 176256 176256 176256 176256 176256 176256 176256 176256 176256 176256 176256 176256 176256 176256 176256 176256 176256 176256 0 0 2753342367 
7 compute 25351341
7 comm_size 32
7 allReduce 2 632228793
7 compute 21530867
7 allToAll 13824 13824 
7 compute 72648170
7 allToAll 13824 13824 
7 compute 20697875
7 comm_size 32
7 allReduce 1 1204565
7 compute 1064428
7 compute 344
7 allGatherV 176256 176256 176256 176256 176256 176256 176256 176256 176256 176256 176256 176256 176256 176256 176256 176256 176256 176256 176256 176256 176256 176256 176256 176256 176256 176256 176256 176256 176256 176256 176256 0 0 0 176256 352512 528768 705024 881280 1057536 1233792 1410048 1586304 1762560 1938816 2115072 2291328 2467584 2643840 2820096 2996352 3172608 3348864 3525120 3701376 3877632 4053888 4230144 4406400 4582656 4758912 4935168 5111424 5258304 5258304 
7 compute 91013068711
7 comm_size 32
7 allReduce 4 2828746354
7 compute 66332753
7 compute 346
7 allToAllV 13262850 414465 414465 414465 414465 414465 414465 414465 414465 414465 414465 414465 414465 414465 414465 414465 414465 414465 414465 414465 414465 414465 414465 414465 414465 414465 414465 414465 414465 414465 414450 414450 414450  13097094  414465 414465 414465 414465 414465 414465 414465 414465 414465 414465 414465 414465 414465 414465 414465 414465 414465 414465 414465 414465 414465 414465 414465 414465 414465 386834 386834 386834 386834 386834 386834 386834 
7 compute 917902
7 comm_size 32
7 allReduce 223729 165818423
7 compute 11418
7 comm_size 32
7 allReduce 1 45684313
7 compute 10994
7 compute 346
7 allToAllV 13097094 414465 414465 414465 414465 414465 414465 414465 414465 414465 414465 414465 414465 414465 414465 414465 414465 414465 414465 414465 414465 414465 414465 414465 414465 414465 386834 386834 386834 386834 386834 386834 386834  13262850  414465 414465 414465 414465 414465 414465 414465 414465 414465 414465 414465 414465 414465 414465 414465 414465 414465 414465 414465 414465 414465 414465 414465 414465 414465 414465 414465 414465 414465 414450 414450 414450 
7 compute 289941227830
7 comm_size 32
7 allReduce 2 8904265147
7 compute 66336068
7 compute 346
7 allToAllV 13262850 414465 414465 414465 414465 414465 414465 414465 414465 414465 414465 414465 414465 414465 414465 414465 414465 414465 414465 414465 414465 414465 414465 414465 414465 414465 414465 414465 414465 414465 414450 414450 414450  13097094  414465 414465 414465 414465 414465 414465 414465 414465 414465 414465 414465 414465 414465 414465 414465 414465 414465 414465 414465 414465 414465 414465 414465 414465 414465 386834 386834 386834 386834 386834 386834 386834 
7 compute 116083911
7 comm_size 32
7 allReduce 7 21752029
7 compute 210073088
7 comm_size 32
7 allReduce 223729 168200488
7 compute 10180164
7 compute 346
7 allToAllV 13097094 414465 414465 414465 414465 414465 414465 414465 414465 414465 414465 414465 414465 414465 414465 414465 414465 414465 414465 414465 414465 414465 414465 414465 414465 414465 386834 386834 386834 386834 386834 386834 386834  13262850  414465 414465 414465 414465 414465 414465 414465 414465 414465 414465 414465 414465 414465 414465 414465 414465 414465 414465 414465 414465 414465 414465 414465 414465 414465 414465 414465 414465 414465 414450 414450 414450 
7 compute 31413024510
7 compute 336
7 reduceScatter 176256 176256 176256 176256 176256 176256 176256 176256 176256 176256 176256 176256 176256 176256 176256 176256 176256 176256 176256 176256 176256 176256 176256 176256 176256 176256 176256 176256 176256 176256 0 0 2712104280 
7 compute 25400702
7 comm_size 32
7 allReduce 2 635291339
7 compute 21530751
7 allToAll 13824 13824 
7 compute 72648170
7 allToAll 13824 13824 
7 compute 20697770
7 comm_size 32
7 allReduce 1 8798864
7 compute 1064425
7 compute 344
7 allGatherV 176256 176256 176256 176256 176256 176256 176256 176256 176256 176256 176256 176256 176256 176256 176256 176256 176256 176256 176256 176256 176256 176256 176256 176256 176256 176256 176256 176256 176256 176256 176256 0 0 0 176256 352512 528768 705024 881280 1057536 1233792 1410048 1586304 1762560 1938816 2115072 2291328 2467584 2643840 2820096 2996352 3172608 3348864 3525120 3701376 3877632 4053888 4230144 4406400 4582656 4758912 4935168 5111424 5258304 5258304 
7 compute 91012952111
7 comm_size 32
7 allReduce 4 2806392301
7 compute 66332753
7 compute 346
7 allToAllV 13262850 414465 414465 414465 414465 414465 414465 414465 414465 414465 414465 414465 414465 414465 414465 414465 414465 414465 414465 414465 414465 414465 414465 414465 414465 414465 414465 414465 414465 414465 414450 414450 414450  13097094  414465 414465 414465 414465 414465 414465 414465 414465 414465 414465 414465 414465 414465 414465 414465 414465 414465 414465 414465 414465 414465 414465 414465 414465 414465 386834 386834 386834 386834 386834 386834 386834 
7 compute 917893
7 comm_size 32
7 allReduce 223729 178569107
7 compute 11353
7 comm_size 32
7 allReduce 1 74755130
7 compute 10994
7 compute 346
7 allToAllV 13097094 414465 414465 414465 414465 414465 414465 414465 414465 414465 414465 414465 414465 414465 414465 414465 414465 414465 414465 414465 414465 414465 414465 414465 414465 414465 386834 386834 386834 386834 386834 386834 386834  13262850  414465 414465 414465 414465 414465 414465 414465 414465 414465 414465 414465 414465 414465 414465 414465 414465 414465 414465 414465 414465 414465 414465 414465 414465 414465 414465 414465 414465 414465 414450 414450 414450 
7 compute 289941211341
7 comm_size 32
7 allReduce 2 8849876414
7 compute 66336063
7 compute 346
7 allToAllV 13262850 414465 414465 414465 414465 414465 414465 414465 414465 414465 414465 414465 414465 414465 414465 414465 414465 414465 414465 414465 414465 414465 414465 414465 414465 414465 414465 414465 414465 414465 414450 414450 414450  13097094  414465 414465 414465 414465 414465 414465 414465 414465 414465 414465 414465 414465 414465 414465 414465 414465 414465 414465 414465 414465 414465 414465 414465 414465 414465 386834 386834 386834 386834 386834 386834 386834 
7 compute 194475320
7 comm_size 32
7 allReduce 7 26361717
7 compute 445335025
7 comm_size 32
7 allReduce 223729 605973299
7 compute 10180187
7 compute 346
7 allToAllV 13097094 414465 414465 414465 414465 414465 414465 414465 414465 414465 414465 414465 414465 414465 414465 414465 414465 414465 414465 414465 414465 414465 414465 414465 414465 414465 386834 386834 386834 386834 386834 386834 386834  13262850  414465 414465 414465 414465 414465 414465 414465 414465 414465 414465 414465 414465 414465 414465 414465 414465 414465 414465 414465 414465 414465 414465 414465 414465 414465 414465 414465 414465 414465 414450 414450 414450 
7 compute 31413024516
7 compute 336
7 reduceScatter 176256 176256 176256 176256 176256 176256 176256 176256 176256 176256 176256 176256 176256 176256 176256 176256 176256 176256 176256 176256 176256 176256 176256 176256 176256 176256 176256 176256 176256 176256 0 0 4855153075 
7 compute 25380021
7 comm_size 32
7 allReduce 2 1160603063
7 compute 21530751
7 allToAll 13824 13824 
7 compute 72648170
7 allToAll 13824 13824 
7 compute 20697770
7 comm_size 32
7 allReduce 1 10231885
7 compute 1064425
7 compute 344
7 allGatherV 176256 176256 176256 176256 176256 176256 176256 176256 176256 176256 176256 176256 176256 176256 176256 176256 176256 176256 176256 176256 176256 176256 176256 176256 176256 176256 176256 176256 176256 176256 176256 0 0 0 176256 352512 528768 705024 881280 1057536 1233792 1410048 1586304 1762560 1938816 2115072 2291328 2467584 2643840 2820096 2996352 3172608 3348864 3525120 3701376 3877632 4053888 4230144 4406400 4582656 4758912 4935168 5111424 5258304 5258304 
7 compute 91012952105
7 comm_size 32
7 allReduce 4 2677564311
7 compute 66332753
7 compute 346
7 allToAllV 13262850 414465 414465 414465 414465 414465 414465 414465 414465 414465 414465 414465 414465 414465 414465 414465 414465 414465 414465 414465 414465 414465 414465 414465 414465 414465 414465 414465 414465 414465 414450 414450 414450  13097094  414465 414465 414465 414465 414465 414465 414465 414465 414465 414465 414465 414465 414465 414465 414465 414465 414465 414465 414465 414465 414465 414465 414465 414465 414465 386834 386834 386834 386834 386834 386834 386834 
7 compute 917893
7 comm_size 32
7 allReduce 223729 259157651
7 compute 11345
7 comm_size 32
7 allReduce 1 84361187
7 compute 10994
7 compute 346
7 allToAllV 13097094 414465 414465 414465 414465 414465 414465 414465 414465 414465 414465 414465 414465 414465 414465 414465 414465 414465 414465 414465 414465 414465 414465 414465 414465 414465 386834 386834 386834 386834 386834 386834 386834  13262850  414465 414465 414465 414465 414465 414465 414465 414465 414465 414465 414465 414465 414465 414465 414465 414465 414465 414465 414465 414465 414465 414465 414465 414465 414465 414465 414465 414465 414465 414450 414450 414450 
7 compute 289941211322
7 comm_size 32
7 allReduce 2 8268388421
7 compute 66336063
7 compute 346
7 allToAllV 13262850 414465 414465 414465 414465 414465 414465 414465 414465 414465 414465 414465 414465 414465 414465 414465 414465 414465 414465 414465 414465 414465 414465 414465 414465 414465 414465 414465 414465 414465 414450 414450 414450  13097094  414465 414465 414465 414465 414465 414465 414465 414465 414465 414465 414465 414465 414465 414465 414465 414465 414465 414465 414465 414465 414465 414465 414465 414465 414465 386834 386834 386834 386834 386834 386834 386834 
7 compute 272892246
7 comm_size 32
7 allReduce 7 46627775
7 compute 602163346
7 comm_size 32
7 allReduce 223729 766333507
7 compute 10180103
7 compute 346
7 allToAllV 13097094 414465 414465 414465 414465 414465 414465 414465 414465 414465 414465 414465 414465 414465 414465 414465 414465 414465 414465 414465 414465 414465 414465 414465 414465 414465 386834 386834 386834 386834 386834 386834 386834  13262850  414465 414465 414465 414465 414465 414465 414465 414465 414465 414465 414465 414465 414465 414465 414465 414465 414465 414465 414465 414465 414465 414465 414465 414465 414465 414465 414465 414465 414465 414450 414450 414450 
7 compute 31413024517
7 compute 336
7 reduceScatter 176256 176256 176256 176256 176256 176256 176256 176256 176256 176256 176256 176256 176256 176256 176256 176256 176256 176256 176256 176256 176256 176256 176256 176256 176256 176256 176256 176256 176256 176256 0 0 5643693837 
7 compute 25414370
7 comm_size 32
7 allReduce 2 750087515
7 compute 21530751
7 allToAll 13824 13824 
7 compute 72648170
7 allToAll 13824 13824 
7 compute 20697770
7 comm_size 32
7 allReduce 1 3797957
7 compute 1064425
7 compute 344
7 allGatherV 176256 176256 176256 176256 176256 176256 176256 176256 176256 176256 176256 176256 176256 176256 176256 176256 176256 176256 176256 176256 176256 176256 176256 176256 176256 176256 176256 176256 176256 176256 176256 0 0 0 176256 352512 528768 705024 881280 1057536 1233792 1410048 1586304 1762560 1938816 2115072 2291328 2467584 2643840 2820096 2996352 3172608 3348864 3525120 3701376 3877632 4053888 4230144 4406400 4582656 4758912 4935168 5111424 5258304 5258304 
7 compute 91012952099
7 comm_size 32
7 allReduce 4 2810784411
7 compute 66332753
7 compute 346
7 allToAllV 13262850 414465 414465 414465 414465 414465 414465 414465 414465 414465 414465 414465 414465 414465 414465 414465 414465 414465 414465 414465 414465 414465 414465 414465 414465 414465 414465 414465 414465 414465 414450 414450 414450  13097094  414465 414465 414465 414465 414465 414465 414465 414465 414465 414465 414465 414465 414465 414465 414465 414465 414465 414465 414465 414465 414465 414465 414465 414465 414465 386834 386834 386834 386834 386834 386834 386834 
7 compute 917893
7 comm_size 32
7 allReduce 223729 160206788
7 compute 11345
7 comm_size 32
7 allReduce 1 77727687
7 compute 10994
7 compute 346
7 allToAllV 13097094 414465 414465 414465 414465 414465 414465 414465 414465 414465 414465 414465 414465 414465 414465 414465 414465 414465 414465 414465 414465 414465 414465 414465 414465 414465 386834 386834 386834 386834 386834 386834 386834  13262850  414465 414465 414465 414465 414465 414465 414465 414465 414465 414465 414465 414465 414465 414465 414465 414465 414465 414465 414465 414465 414465 414465 414465 414465 414465 414465 414465 414465 414465 414450 414450 414450 
7 compute 289941211334
7 comm_size 32
7 allReduce 2 8412246557
7 compute 66336063
7 compute 346
7 allToAllV 13262850 414465 414465 414465 414465 414465 414465 414465 414465 414465 414465 414465 414465 414465 414465 414465 414465 414465 414465 414465 414465 414465 414465 414465 414465 414465 414465 414465 414465 414465 414450 414450 414450  13097094  414465 414465 414465 414465 414465 414465 414465 414465 414465 414465 414465 414465 414465 414465 414465 414465 414465 414465 414465 414465 414465 414465 414465 414465 414465 386834 386834 386834 386834 386834 386834 386834 
7 compute 351309164
7 comm_size 32
7 allReduce 7 68492235
7 compute 758998635
7 comm_size 32
7 allReduce 223729 239599946
7 compute 10180080
7 compute 346
7 allToAllV 13097094 414465 414465 414465 414465 414465 414465 414465 414465 414465 414465 414465 414465 414465 414465 414465 414465 414465 414465 414465 414465 414465 414465 414465 414465 414465 386834 386834 386834 386834 386834 386834 386834  13262850  414465 414465 414465 414465 414465 414465 414465 414465 414465 414465 414465 414465 414465 414465 414465 414465 414465 414465 414465 414465 414465 414465 414465 414465 414465 414465 414465 414465 414465 414450 414450 414450 
7 compute 31413024509
7 compute 336
7 reduceScatter 176256 176256 176256 176256 176256 176256 176256 176256 176256 176256 176256 176256 176256 176256 176256 176256 176256 176256 176256 176256 176256 176256 176256 176256 176256 176256 176256 176256 176256 176256 0 0 2369781529 
7 compute 25423646
7 comm_size 32
7 allReduce 2 631623146
7 compute 21530751
7 allToAll 13824 13824 
7 compute 72648170
7 allToAll 13824 13824 
7 compute 20697770
7 comm_size 32
7 allReduce 1 4583410
7 compute 1064425
7 compute 344
7 allGatherV 176256 176256 176256 176256 176256 176256 176256 176256 176256 176256 176256 176256 176256 176256 176256 176256 176256 176256 176256 176256 176256 176256 176256 176256 176256 176256 176256 176256 176256 176256 176256 0 0 0 176256 352512 528768 705024 881280 1057536 1233792 1410048 1586304 1762560 1938816 2115072 2291328 2467584 2643840 2820096 2996352 3172608 3348864 3525120 3701376 3877632 4053888 4230144 4406400 4582656 4758912 4935168 5111424 5258304 5258304 
7 compute 91012952106
7 comm_size 32
7 allReduce 4 2673611695
7 compute 66332753
7 compute 346
7 allToAllV 13262850 414465 414465 414465 414465 414465 414465 414465 414465 414465 414465 414465 414465 414465 414465 414465 414465 414465 414465 414465 414465 414465 414465 414465 414465 414465 414465 414465 414465 414465 414450 414450 414450  13097094  414465 414465 414465 414465 414465 414465 414465 414465 414465 414465 414465 414465 414465 414465 414465 414465 414465 414465 414465 414465 414465 414465 414465 414465 414465 386834 386834 386834 386834 386834 386834 386834 
7 compute 917893
7 comm_size 32
7 allReduce 223729 180829472
7 compute 11345
7 comm_size 32
7 allReduce 1 78499685
7 compute 10994
7 compute 346
7 allToAllV 13097094 414465 414465 414465 414465 414465 414465 414465 414465 414465 414465 414465 414465 414465 414465 414465 414465 414465 414465 414465 414465 414465 414465 414465 414465 414465 386834 386834 386834 386834 386834 386834 386834  13262850  414465 414465 414465 414465 414465 414465 414465 414465 414465 414465 414465 414465 414465 414465 414465 414465 414465 414465 414465 414465 414465 414465 414465 414465 414465 414465 414465 414465 414465 414450 414450 414450 
7 compute 289941211328
7 comm_size 32
7 allReduce 2 8589714447
7 compute 66336063
7 compute 346
7 allToAllV 13262850 414465 414465 414465 414465 414465 414465 414465 414465 414465 414465 414465 414465 414465 414465 414465 414465 414465 414465 414465 414465 414465 414465 414465 414465 414465 414465 414465 414465 414465 414450 414450 414450  13097094  414465 414465 414465 414465 414465 414465 414465 414465 414465 414465 414465 414465 414465 414465 414465 414465 414465 414465 414465 414465 414465 414465 414465 414465 414465 386834 386834 386834 386834 386834 386834 386834 
7 compute 429726092
7 comm_size 32
7 allReduce 7 61693387
7 compute 915834260
7 comm_size 32
7 allReduce 223729 207902370
7 compute 10180071
7 compute 346
7 allToAllV 13097094 414465 414465 414465 414465 414465 414465 414465 414465 414465 414465 414465 414465 414465 414465 414465 414465 414465 414465 414465 414465 414465 414465 414465 414465 414465 386834 386834 386834 386834 386834 386834 386834  13262850  414465 414465 414465 414465 414465 414465 414465 414465 414465 414465 414465 414465 414465 414465 414465 414465 414465 414465 414465 414465 414465 414465 414465 414465 414465 414465 414465 414465 414465 414450 414450 414450 
7 compute 31413024508
7 compute 336
7 reduceScatter 176256 176256 176256 176256 176256 176256 176256 176256 176256 176256 176256 176256 176256 176256 176256 176256 176256 176256 176256 176256 176256 176256 176256 176256 176256 176256 176256 176256 176256 176256 0 0 2242720043 
7 compute 25413039
7 comm_size 32
7 allReduce 2 642700516
7 compute 21530751
7 allToAll 13824 13824 
7 compute 72648170
7 allToAll 13824 13824 
7 compute 20697771
7 comm_size 32
7 allReduce 1 3640277
7 compute 1064425
7 compute 344
7 allGatherV 176256 176256 176256 176256 176256 176256 176256 176256 176256 176256 176256 176256 176256 176256 176256 176256 176256 176256 176256 176256 176256 176256 176256 176256 176256 176256 176256 176256 176256 176256 176256 0 0 0 176256 352512 528768 705024 881280 1057536 1233792 1410048 1586304 1762560 1938816 2115072 2291328 2467584 2643840 2820096 2996352 3172608 3348864 3525120 3701376 3877632 4053888 4230144 4406400 4582656 4758912 4935168 5111424 5258304 5258304 
7 compute 91012952102
7 comm_size 32
7 allReduce 4 2700323443
7 compute 66332753
7 compute 346
7 allToAllV 13262850 414465 414465 414465 414465 414465 414465 414465 414465 414465 414465 414465 414465 414465 414465 414465 414465 414465 414465 414465 414465 414465 414465 414465 414465 414465 414465 414465 414465 414465 414450 414450 414450  13097094  414465 414465 414465 414465 414465 414465 414465 414465 414465 414465 414465 414465 414465 414465 414465 414465 414465 414465 414465 414465 414465 414465 414465 414465 414465 386834 386834 386834 386834 386834 386834 386834 
7 compute 917893
7 comm_size 32
7 allReduce 223729 180390960
7 compute 11345
7 comm_size 32
7 allReduce 1 58709494
7 compute 10994
7 compute 346
7 allToAllV 13097094 414465 414465 414465 414465 414465 414465 414465 414465 414465 414465 414465 414465 414465 414465 414465 414465 414465 414465 414465 414465 414465 414465 414465 414465 414465 386834 386834 386834 386834 386834 386834 386834  13262850  414465 414465 414465 414465 414465 414465 414465 414465 414465 414465 414465 414465 414465 414465 414465 414465 414465 414465 414465 414465 414465 414465 414465 414465 414465 414465 414465 414465 414465 414450 414450 414450 
7 compute 289941211321
7 comm_size 32
7 allReduce 2 8249922009
7 compute 66336064
7 compute 346
7 allToAllV 13262850 414465 414465 414465 414465 414465 414465 414465 414465 414465 414465 414465 414465 414465 414465 414465 414465 414465 414465 414465 414465 414465 414465 414465 414465 414465 414465 414465 414465 414465 414450 414450 414450  13097094  414465 414465 414465 414465 414465 414465 414465 414465 414465 414465 414465 414465 414465 414465 414465 414465 414465 414465 414465 414465 414465 414465 414465 414465 414465 386834 386834 386834 386834 386834 386834 386834 
7 compute 508143015
7 comm_size 32
7 allReduce 7 29017483
7 compute 1020352232
7 comm_size 32
7 allReduce 223729 264737900
7 compute 10180014
7 compute 346
7 allToAllV 13097094 414465 414465 414465 414465 414465 414465 414465 414465 414465 414465 414465 414465 414465 414465 414465 414465 414465 414465 414465 414465 414465 414465 414465 414465 414465 386834 386834 386834 386834 386834 386834 386834  13262850  414465 414465 414465 414465 414465 414465 414465 414465 414465 414465 414465 414465 414465 414465 414465 414465 414465 414465 414465 414465 414465 414465 414465 414465 414465 414465 414465 414465 414465 414450 414450 414450 
7 compute 31413024513
7 compute 336
7 reduceScatter 176256 176256 176256 176256 176256 176256 176256 176256 176256 176256 176256 176256 176256 176256 176256 176256 176256 176256 176256 176256 176256 176256 176256 176256 176256 176256 176256 176256 176256 176256 0 0 2368202580 
7 compute 25421802
7 comm_size 32
7 allReduce 2 647763839
7 compute 21530750
7 allToAll 13824 13824 
7 compute 72648170
7 allToAll 13824 13824 
7 compute 20697770
7 comm_size 32
7 allReduce 1 8168576
7 compute 1064425
7 compute 344
7 allGatherV 176256 176256 176256 176256 176256 176256 176256 176256 176256 176256 176256 176256 176256 176256 176256 176256 176256 176256 176256 176256 176256 176256 176256 176256 176256 176256 176256 176256 176256 176256 176256 0 0 0 176256 352512 528768 705024 881280 1057536 1233792 1410048 1586304 1762560 1938816 2115072 2291328 2467584 2643840 2820096 2996352 3172608 3348864 3525120 3701376 3877632 4053888 4230144 4406400 4582656 4758912 4935168 5111424 5258304 5258304 
7 compute 91012952081
7 comm_size 32
7 allReduce 4 2707523497
7 compute 66332755
7 compute 346
7 allToAllV 13262850 414465 414465 414465 414465 414465 414465 414465 414465 414465 414465 414465 414465 414465 414465 414465 414465 414465 414465 414465 414465 414465 414465 414465 414465 414465 414465 414465 414465 414465 414450 414450 414450  13097094  414465 414465 414465 414465 414465 414465 414465 414465 414465 414465 414465 414465 414465 414465 414465 414465 414465 414465 414465 414465 414465 414465 414465 414465 414465 386834 386834 386834 386834 386834 386834 386834 
7 compute 917893
7 comm_size 32
7 allReduce 223729 197392471
7 compute 11353
7 comm_size 32
7 allReduce 1 97203589
7 compute 10994
7 compute 346
7 allToAllV 13097094 414465 414465 414465 414465 414465 414465 414465 414465 414465 414465 414465 414465 414465 414465 414465 414465 414465 414465 414465 414465 414465 414465 414465 414465 414465 386834 386834 386834 386834 386834 386834 386834  13262850  414465 414465 414465 414465 414465 414465 414465 414465 414465 414465 414465 414465 414465 414465 414465 414465 414465 414465 414465 414465 414465 414465 414465 414465 414465 414465 414465 414465 414465 414450 414450 414450 
7 compute 289941211343
7 comm_size 32
7 allReduce 2 8181340891
7 compute 66336064
7 compute 346
7 allToAllV 13262850 414465 414465 414465 414465 414465 414465 414465 414465 414465 414465 414465 414465 414465 414465 414465 414465 414465 414465 414465 414465 414465 414465 414465 414465 414465 414465 414465 414465 414465 414450 414450 414450  13097094  414465 414465 414465 414465 414465 414465 414465 414465 414465 414465 414465 414465 414465 414465 414465 414465 414465 414465 414465 414465 414465 414465 414465 414465 414465 386834 386834 386834 386834 386834 386834 386834 
7 compute 508118079
7 comm_size 32
7 allReduce 7 52698092
7 compute 1020352385
7 comm_size 32
7 allReduce 223729 238425534
7 compute 10180068
7 compute 346
7 allToAllV 13097094 414465 414465 414465 414465 414465 414465 414465 414465 414465 414465 414465 414465 414465 414465 414465 414465 414465 414465 414465 414465 414465 414465 414465 414465 414465 386834 386834 386834 386834 386834 386834 386834  13262850  414465 414465 414465 414465 414465 414465 414465 414465 414465 414465 414465 414465 414465 414465 414465 414465 414465 414465 414465 414465 414465 414465 414465 414465 414465 414465 414465 414465 414465 414450 414450 414450 
7 compute 31413024508
7 compute 336
7 reduceScatter 176256 176256 176256 176256 176256 176256 176256 176256 176256 176256 176256 176256 176256 176256 176256 176256 176256 176256 176256 176256 176256 176256 176256 176256 176256 176256 176256 176256 176256 176256 0 0 2270338728 
7 compute 25419523
7 comm_size 32
7 allReduce 2 630650083
7 compute 21530751
7 allToAll 13824 13824 
7 compute 72648170
7 allToAll 13824 13824 
7 compute 20697771
7 comm_size 32
7 allReduce 1 11040
7 compute 1064425
7 compute 344
7 allGatherV 176256 176256 176256 176256 176256 176256 176256 176256 176256 176256 176256 176256 176256 176256 176256 176256 176256 176256 176256 176256 176256 176256 176256 176256 176256 176256 176256 176256 176256 176256 176256 0 0 0 176256 352512 528768 705024 881280 1057536 1233792 1410048 1586304 1762560 1938816 2115072 2291328 2467584 2643840 2820096 2996352 3172608 3348864 3525120 3701376 3877632 4053888 4230144 4406400 4582656 4758912 4935168 5111424 5258304 5258304 
7 compute 91012952089
7 comm_size 32
7 allReduce 4 2923263089
7 compute 66332753
7 compute 346
7 allToAllV 13262850 414465 414465 414465 414465 414465 414465 414465 414465 414465 414465 414465 414465 414465 414465 414465 414465 414465 414465 414465 414465 414465 414465 414465 414465 414465 414465 414465 414465 414465 414450 414450 414450  13097094  414465 414465 414465 414465 414465 414465 414465 414465 414465 414465 414465 414465 414465 414465 414465 414465 414465 414465 414465 414465 414465 414465 414465 414465 414465 386834 386834 386834 386834 386834 386834 386834 
7 compute 917893
7 comm_size 32
7 allReduce 223729 181005040
7 compute 11353
7 comm_size 32
7 allReduce 1 80205393
7 compute 10994
7 compute 346
7 allToAllV 13097094 414465 414465 414465 414465 414465 414465 414465 414465 414465 414465 414465 414465 414465 414465 414465 414465 414465 414465 414465 414465 414465 414465 414465 414465 414465 386834 386834 386834 386834 386834 386834 386834  13262850  414465 414465 414465 414465 414465 414465 414465 414465 414465 414465 414465 414465 414465 414465 414465 414465 414465 414465 414465 414465 414465 414465 414465 414465 414465 414465 414465 414465 414465 414450 414450 414450 
7 compute 289941211330
7 comm_size 32
7 allReduce 2 8675215069
7 compute 66336063
7 compute 346
7 allToAllV 13262850 414465 414465 414465 414465 414465 414465 414465 414465 414465 414465 414465 414465 414465 414465 414465 414465 414465 414465 414465 414465 414465 414465 414465 414465 414465 414465 414465 414465 414465 414450 414450 414450  13097094  414465 414465 414465 414465 414465 414465 414465 414465 414465 414465 414465 414465 414465 414465 414465 414465 414465 414465 414465 414465 414465 414465 414465 414465 414465 386834 386834 386834 386834 386834 386834 386834 
7 compute 508118085
7 comm_size 32
7 allReduce 7 85854821
7 compute 1020352254
7 comm_size 32
7 allReduce 223729 201224813
7 compute 10180003
7 compute 346
7 allToAllV 13097094 414465 414465 414465 414465 414465 414465 414465 414465 414465 414465 414465 414465 414465 414465 414465 414465 414465 414465 414465 414465 414465 414465 414465 414465 414465 386834 386834 386834 386834 386834 386834 386834  13262850  414465 414465 414465 414465 414465 414465 414465 414465 414465 414465 414465 414465 414465 414465 414465 414465 414465 414465 414465 414465 414465 414465 414465 414465 414465 414465 414465 414465 414465 414450 414450 414450 
7 compute 31413024508
7 compute 336
7 reduceScatter 176256 176256 176256 176256 176256 176256 176256 176256 176256 176256 176256 176256 176256 176256 176256 176256 176256 176256 176256 176256 176256 176256 176256 176256 176256 176256 176256 176256 176256 176256 0 0 2300235800 
7 compute 25420458
7 comm_size 32
7 allReduce 2 640195033
7 compute 21530750
7 allToAll 13824 13824 
7 compute 72648170
7 allToAll 13824 13824 
7 compute 20697770
7 comm_size 32
7 allReduce 1 3753649
7 compute 1064425
7 compute 344
7 allGatherV 176256 176256 176256 176256 176256 176256 176256 176256 176256 176256 176256 176256 176256 176256 176256 176256 176256 176256 176256 176256 176256 176256 176256 176256 176256 176256 176256 176256 176256 176256 176256 0 0 0 176256 352512 528768 705024 881280 1057536 1233792 1410048 1586304 1762560 1938816 2115072 2291328 2467584 2643840 2820096 2996352 3172608 3348864 3525120 3701376 3877632 4053888 4230144 4406400 4582656 4758912 4935168 5111424 5258304 5258304 
7 compute 91012952080
7 comm_size 32
7 allReduce 4 2793338970
7 compute 66332753
7 compute 346
7 allToAllV 13262850 414465 414465 414465 414465 414465 414465 414465 414465 414465 414465 414465 414465 414465 414465 414465 414465 414465 414465 414465 414465 414465 414465 414465 414465 414465 414465 414465 414465 414465 414450 414450 414450  13097094  414465 414465 414465 414465 414465 414465 414465 414465 414465 414465 414465 414465 414465 414465 414465 414465 414465 414465 414465 414465 414465 414465 414465 414465 414465 386834 386834 386834 386834 386834 386834 386834 
7 compute 917893
7 comm_size 32
7 allReduce 223729 179516099
7 compute 11353
7 comm_size 32
7 allReduce 1 91067062
7 compute 10994
7 compute 346
7 allToAllV 13097094 414465 414465 414465 414465 414465 414465 414465 414465 414465 414465 414465 414465 414465 414465 414465 414465 414465 414465 414465 414465 414465 414465 414465 414465 414465 386834 386834 386834 386834 386834 386834 386834  13262850  414465 414465 414465 414465 414465 414465 414465 414465 414465 414465 414465 414465 414465 414465 414465 414465 414465 414465 414465 414465 414465 414465 414465 414465 414465 414465 414465 414465 414465 414450 414450 414450 
7 compute 289941211328
7 comm_size 32
7 allReduce 2 8202209104
7 compute 66336063
7 compute 346
7 allToAllV 13262850 414465 414465 414465 414465 414465 414465 414465 414465 414465 414465 414465 414465 414465 414465 414465 414465 414465 414465 414465 414465 414465 414465 414465 414465 414465 414465 414465 414465 414465 414450 414450 414450  13097094  414465 414465 414465 414465 414465 414465 414465 414465 414465 414465 414465 414465 414465 414465 414465 414465 414465 414465 414465 414465 414465 414465 414465 414465 414465 386834 386834 386834 386834 386834 386834 386834 
7 compute 508118091
7 comm_size 32
7 allReduce 7 55908471
7 compute 1020352389
7 comm_size 32
7 allReduce 223729 234805939
7 compute 10180094
7 compute 346
7 allToAllV 13097094 414465 414465 414465 414465 414465 414465 414465 414465 414465 414465 414465 414465 414465 414465 414465 414465 414465 414465 414465 414465 414465 414465 414465 414465 414465 386834 386834 386834 386834 386834 386834 386834  13262850  414465 414465 414465 414465 414465 414465 414465 414465 414465 414465 414465 414465 414465 414465 414465 414465 414465 414465 414465 414465 414465 414465 414465 414465 414465 414465 414465 414465 414465 414450 414450 414450 
7 compute 66332632
7 compute 1235
7 gather 133 133 0 
7 compute 31346694209
7 compute 336
7 reduceScatter 176256 176256 176256 176256 176256 176256 176256 176256 176256 176256 176256 176256 176256 176256 176256 176256 176256 176256 176256 176256 176256 176256 176256 176256 176256 176256 176256 176256 176256 176256 0 0 2372445008 
7 compute 25422261
7 comm_size 32
7 allReduce 2 644898549
7 compute 21530635
7 allToAll 13824 13824 
7 compute 72648146
7 allToAll 13824 13824 
7 compute 20697635
7 comm_size 32
7 allReduce 1 1897741
7 compute 1064365
7 compute 344
7 allGatherV 176256 176256 176256 176256 176256 176256 176256 176256 176256 176256 176256 176256 176256 176256 176256 176256 176256 176256 176256 176256 176256 176256 176256 176256 176256 176256 176256 176256 176256 176256 176256 0 0 0 176256 352512 528768 705024 881280 1057536 1233792 1410048 1586304 1762560 1938816 2115072 2291328 2467584 2643840 2820096 2996352 3172608 3348864 3525120 3701376 3877632 4053888 4230144 4406400 4582656 4758912 4935168 5111424 5258304 5258304 
7 compute 91012951815
7 comm_size 32
7 allReduce 4 2829786284
7 compute 66332590
7 compute 346
7 allToAllV 13262850 414465 414465 414465 414465 414465 414465 414465 414465 414465 414465 414465 414465 414465 414465 414465 414465 414465 414465 414465 414465 414465 414465 414465 414465 414465 414465 414465 414465 414465 414450 414450 414450  13097094  414465 414465 414465 414465 414465 414465 414465 414465 414465 414465 414465 414465 414465 414465 414465 414465 414465 414465 414465 414465 414465 414465 414465 414465 414465 386834 386834 386834 386834 386834 386834 386834 
7 compute 910310
7 comm_size 32
7 allReduce 223729 209560846
7 compute 1567862160
7 comm_size 32
7 allReduce 1 18325474
7 compute 9843
7 compute 346
7 allToAllV 13097094 414465 414465 414465 414465 414465 414465 414465 414465 414465 414465 414465 414465 414465 414465 414465 414465 414465 414465 414465 414465 414465 414465 414465 414465 414465 386834 386834 386834 386834 386834 386834 386834  13262850  414465 414465 414465 414465 414465 414465 414465 414465 414465 414465 414465 414465 414465 414465 414465 414465 414465 414465 414465 414465 414465 414465 414465 414465 414465 414465 414465 414465 414465 414450 414450 414450 
7 compute 66332381
7 comm_size 32
7 bcast 473 31 0
7 compute 337
7 barrier
7 compute 31293653642
7 compute 336
7 reduceScatter 176256 176256 176256 176256 176256 176256 176256 176256 176256 176256 176256 176256 176256 176256 176256 176256 176256 176256 176256 176256 176256 176256 176256 176256 176256 176256 176256 176256 176256 176256 0 0 2614365862 
7 compute 21789361
7 allToAll 13824 13824 
7 compute 72648094
7 allToAll 13824 13824 
7 compute 20515897
7 comm_size 32
7 allReduce 1 10783
7 compute 987
7 comm_size 32
7 allReduce 6 1549139
7 compute 4073
7 compute 344
7 allGatherV 176256 176256 176256 176256 176256 176256 176256 176256 176256 176256 176256 176256 176256 176256 176256 176256 176256 176256 176256 176256 176256 176256 176256 176256 176256 176256 176256 176256 176256 176256 176256 0 0 0 176256 352512 528768 705024 881280 1057536 1233792 1410048 1586304 1762560 1938816 2115072 2291328 2467584 2643840 2820096 2996352 3172608 3348864 3525120 3701376 3877632 4053888 4230144 4406400 4582656 4758912 4935168 5111424 5258304 5258304 
7 compute 10324519161
7 comm_size 32
7 allReduce 795 647353937
7 compute 993
7 comm_size 32
7 allReduce 1 1515150
7 compute 46988
7 barrier
7 compute 503986
7 compute 1111
7 gather 133 133 0 
7 compute 2465
7 compute 451
7 gather 3 3 0 
7 compute 86899
7 barrier
7 compute 20407
7 barrier
7 compute 346
7 barrier
7 compute 2654
7 finalize