4 init 1
4 compute 127157
4 compute 2652
4 compute 336406
4 compute 13002636
4 comm_size 32
4 bcast 1
4 compute 25815
4 barrier
4 compute 22487
4 comm_size 32
4 bcast 1
4 compute 24033
4 barrier
4 compute 22602
4 comm_size 32
4 bcast 1
4 compute 23751
4 barrier
4 compute 22524
4 comm_size 32
4 bcast 1
4 compute 23829
4 barrier
4 compute 22604
4 comm_size 32
4 bcast 1
4 compute 23866
4 barrier
4 compute 22682
4 comm_size 32
4 bcast 1
4 compute 23839
4 barrier
4 compute 22621
4 comm_size 32
4 bcast 1
4 compute 23546
4 barrier
4 compute 421
4 barrier
4 compute 167925
4 barrier
4 compute 22991568
4 barrier
4 compute 97189
4 comm_size 32
4 bcast 1
4 compute 378019
4 barrier
4 compute 12633
4 comm_size 32
4 bcast 1
4 compute 46287
4 barrier
4 compute 1019202
4 barrier
4 compute 123084
4 gather 795 795 0 
4 compute 234577369
4 allToAll 1746 1746 
4 compute 276028
4 barrier
4 compute 409270911
4 comm_size 32
4 allReduce 32 18332025 1
4 compute 3038108202
4 compute 1525
4 allToAllV 13262850 414465 414465 414465 414465 414465 414465 414465 414465 414465 414465 414465 414465 414465 414465 414465 414465 414465 414465 414465 414465 414465 414465 414465 414465 414465 414465 414465 414465 414465 414450 414450 414450  13097094  414465 414465 414465 414465 414465 414465 414465 414465 414465 414465 414465 414465 414465 414465 414465 414465 414465 414465 414465 414465 414465 414465 414465 414465 414465 386834 386834 386834 386834 386834 386834 386834 
4 compute 1058646339
4 barrier
4 compute 7748
4 compute 332
4 allToAllV 13097094 414465 414465 414465 414465 414465 414465 414465 414465 414465 414465 414465 414465 414465 414465 414465 414465 414465 414465 414465 414465 414465 414465 414465 414465 414465 386834 386834 386834 386834 386834 386834 386834  13262850  414465 414465 414465 414465 414465 414465 414465 414465 414465 414465 414465 414465 414465 414465 414465 414465 414465 414465 414465 414465 414465 414465 414465 414465 414465 414465 414465 414465 414465 414450 414450 414450 
4 compute 915154399
4 barrier
4 compute 1454298529
4 allToAll 13824 13824 
4 compute 72649038
4 allToAll 13824 13824 
4 compute 20518710
4 comm_size 32
4 allReduce 1 8764901
4 compute 1383149406
4 comm_size 32
4 allReduce 795 58555205
4 compute 1514972225
4 comm_size 32
4 allReduce 2 69773224
4 compute 21530912
4 allToAll 13824 13824 
4 compute 72648716
4 allToAll 13824 13824 
4 compute 20517953
4 comm_size 32
4 allReduce 1 1849838
4 compute 57241690
4 comm_size 32
4 allReduce 32 5143014 1
4 compute 62566104180
4 compute 1717
4 reduceScatter 176256 176256 176256 176256 176256 176256 176256 176256 176256 176256 176256 176256 176256 176256 176256 176256 176256 176256 176256 176256 176256 176256 176256 176256 176256 176256 176256 176256 176256 176256 0 0 3144883340 
4 compute 25579192
4 comm_size 32
4 allReduce 2 506755036
4 compute 21530875
4 allToAll 13824 13824 
4 compute 72648789
4 allToAll 13824 13824 
4 compute 20698172
4 comm_size 32
4 allReduce 1 3396489
4 compute 1070563
4 compute 1377
4 allGatherV 176256 176256 176256 176256 176256 176256 176256 176256 176256 176256 176256 176256 176256 176256 176256 176256 176256 176256 176256 176256 176256 176256 176256 176256 176256 176256 176256 176256 176256 176256 176256 0 0 0 176256 352512 528768 705024 881280 1057536 1233792 1410048 1586304 1762560 1938816 2115072 2291328 2467584 2643840 2820096 2996352 3172608 3348864 3525120 3701376 3877632 4053888 4230144 4406400 4582656 4758912 4935168 5111424 5258304 5258304 
4 compute 181882249046
4 comm_size 32
4 allReduce 4 2766528088
4 compute 132712197
4 compute 332
4 allToAllV 26525700 828930 828930 828930 828930 828930 828930 828930 828930 828930 828930 828930 828930 828930 828930 828930 828930 828930 828930 828930 828930 828930 828930 828930 828930 828930 828930 828930 828930 828930 828900 828900 828900  25834985  828930 828930 828930 828930 828930 828930 801299 801299 801299 801299 801299 801299 801299 801299 801299 801299 801299 801299 801299 801299 801299 801299 801299 801299 801299 801299 801299 801299 801299 801299 801299 801299 
4 compute 132663180
4 compute 332
4 allToAllV 26525700 828930 828930 828930 828930 828930 828930 828930 828930 828930 828930 828930 828930 828930 828930 828930 828930 828930 828930 828930 828930 828930 828930 828930 828930 828930 828930 828930 828930 828930 828900 828900 828900  25834985  828930 828930 828930 828930 828930 828930 801299 801299 801299 801299 801299 801299 801299 801299 801299 801299 801299 801299 801299 801299 801299 801299 801299 801299 801299 801299 801299 801299 801299 801299 801299 801299 
4 compute 10047543
4 comm_size 32
4 allReduce 1729832 1189246880
4 compute 10273128870
4 comm_size 32
4 bcast 934 31 0
4 compute 337
4 barrier
4 compute 19062
4 comm_size 32
4 bcast 1729832
4 compute 1564778
4 comm_size 32
4 allReduce 223729 319323669
4 compute 10180976
4 compute 346
4 allToAllV 13097094 414465 414465 414465 414465 414465 414465 414465 414465 414465 414465 414465 414465 414465 414465 414465 414465 414465 414465 414465 414465 414465 414465 414465 414465 414465 386834 386834 386834 386834 386834 386834 386834  13262850  414465 414465 414465 414465 414465 414465 414465 414465 414465 414465 414465 414465 414465 414465 414465 414465 414465 414465 414465 414465 414465 414465 414465 414465 414465 414465 414465 414465 414465 414450 414450 414450 
4 compute 66461908
4 compute 1092
4 gather 133 133 0 
4 compute 31346740191
4 compute 336
4 reduceScatter 176256 176256 176256 176256 176256 176256 176256 176256 176256 176256 176256 176256 176256 176256 176256 176256 176256 176256 176256 176256 176256 176256 176256 176256 176256 176256 176256 176256 176256 176256 0 0 2643492194 
4 compute 25069118
4 comm_size 32
4 allReduce 2 606229029
4 compute 21531699
4 allToAll 13824 13824 
4 compute 72648110
4 allToAll 13824 13824 
4 compute 20698347
4 comm_size 32
4 allReduce 1 2898776
4 compute 1064496
4 compute 344
4 allGatherV 176256 176256 176256 176256 176256 176256 176256 176256 176256 176256 176256 176256 176256 176256 176256 176256 176256 176256 176256 176256 176256 176256 176256 176256 176256 176256 176256 176256 176256 176256 176256 0 0 0 176256 352512 528768 705024 881280 1057536 1233792 1410048 1586304 1762560 1938816 2115072 2291328 2467584 2643840 2820096 2996352 3172608 3348864 3525120 3701376 3877632 4053888 4230144 4406400 4582656 4758912 4935168 5111424 5258304 5258304 
4 compute 91011693820
4 comm_size 32
4 allReduce 4 2802686055
4 compute 66332712
4 compute 346
4 allToAllV 13262850 414465 414465 414465 414465 414465 414465 414465 414465 414465 414465 414465 414465 414465 414465 414465 414465 414465 414465 414465 414465 414465 414465 414465 414465 414465 414465 414465 414465 414465 414450 414450 414450  13097094  414465 414465 414465 414465 414465 414465 414465 414465 414465 414465 414465 414465 414465 414465 414465 414465 414465 414465 414465 414465 414465 414465 414465 414465 414465 386834 386834 386834 386834 386834 386834 386834 
4 compute 918441
4 comm_size 32
4 allReduce 223729 170332445
4 compute 11611
4 comm_size 32
4 allReduce 1 30911516
4 compute 11246
4 compute 346
4 allToAllV 13097094 414465 414465 414465 414465 414465 414465 414465 414465 414465 414465 414465 414465 414465 414465 414465 414465 414465 414465 414465 414465 414465 414465 414465 414465 414465 386834 386834 386834 386834 386834 386834 386834  13262850  414465 414465 414465 414465 414465 414465 414465 414465 414465 414465 414465 414465 414465 414465 414465 414465 414465 414465 414465 414465 414465 414465 414465 414465 414465 414465 414465 414465 414465 414450 414450 414450 
4 compute 289811666340
4 comm_size 32
4 allReduce 2 8794356379
4 compute 66336083
4 compute 346
4 allToAllV 13262850 414465 414465 414465 414465 414465 414465 414465 414465 414465 414465 414465 414465 414465 414465 414465 414465 414465 414465 414465 414465 414465 414465 414465 414465 414465 414465 414465 414465 414465 414450 414450 414450  13097094  414465 414465 414465 414465 414465 414465 414465 414465 414465 414465 414465 414465 414465 414465 414465 414465 414465 414465 414465 414465 414465 414465 414465 414465 414465 386834 386834 386834 386834 386834 386834 386834 
4 compute 116084065
4 comm_size 32
4 allReduce 7 15272679
4 compute 210074199
4 comm_size 32
4 allReduce 223729 163015111
4 compute 10183397
4 compute 346
4 allToAllV 13097094 414465 414465 414465 414465 414465 414465 414465 414465 414465 414465 414465 414465 414465 414465 414465 414465 414465 414465 414465 414465 414465 414465 414465 414465 414465 386834 386834 386834 386834 386834 386834 386834  13262850  414465 414465 414465 414465 414465 414465 414465 414465 414465 414465 414465 414465 414465 414465 414465 414465 414465 414465 414465 414465 414465 414465 414465 414465 414465 414465 414465 414465 414465 414450 414450 414450 
4 compute 31413045502
4 compute 336
4 reduceScatter 176256 176256 176256 176256 176256 176256 176256 176256 176256 176256 176256 176256 176256 176256 176256 176256 176256 176256 176256 176256 176256 176256 176256 176256 176256 176256 176256 176256 176256 176256 0 0 2741229986 
4 compute 25108963
4 comm_size 32
4 allReduce 2 606892551
4 compute 21531689
4 allToAll 13824 13824 
4 compute 72648110
4 allToAll 13824 13824 
4 compute 20698347
4 comm_size 32
4 allReduce 1 8703411
4 compute 1064496
4 compute 344
4 allGatherV 176256 176256 176256 176256 176256 176256 176256 176256 176256 176256 176256 176256 176256 176256 176256 176256 176256 176256 176256 176256 176256 176256 176256 176256 176256 176256 176256 176256 176256 176256 176256 0 0 0 176256 352512 528768 705024 881280 1057536 1233792 1410048 1586304 1762560 1938816 2115072 2291328 2467584 2643840 2820096 2996352 3172608 3348864 3525120 3701376 3877632 4053888 4230144 4406400 4582656 4758912 4935168 5111424 5258304 5258304 
4 compute 91011693717
4 comm_size 32
4 allReduce 4 2771713948
4 compute 66332712
4 compute 346
4 allToAllV 13262850 414465 414465 414465 414465 414465 414465 414465 414465 414465 414465 414465 414465 414465 414465 414465 414465 414465 414465 414465 414465 414465 414465 414465 414465 414465 414465 414465 414465 414465 414450 414450 414450  13097094  414465 414465 414465 414465 414465 414465 414465 414465 414465 414465 414465 414465 414465 414465 414465 414465 414465 414465 414465 414465 414465 414465 414465 414465 414465 386834 386834 386834 386834 386834 386834 386834 
4 compute 918439
4 comm_size 32
4 allReduce 223729 178080926
4 compute 11611
4 comm_size 32
4 allReduce 1 61851409
4 compute 11246
4 compute 346
4 allToAllV 13097094 414465 414465 414465 414465 414465 414465 414465 414465 414465 414465 414465 414465 414465 414465 414465 414465 414465 414465 414465 414465 414465 414465 414465 414465 414465 386834 386834 386834 386834 386834 386834 386834  13262850  414465 414465 414465 414465 414465 414465 414465 414465 414465 414465 414465 414465 414465 414465 414465 414465 414465 414465 414465 414465 414465 414465 414465 414465 414465 414465 414465 414465 414465 414450 414450 414450 
4 compute 289811649837
4 comm_size 32
4 allReduce 2 8740341722
4 compute 66336079
4 compute 346
4 allToAllV 13262850 414465 414465 414465 414465 414465 414465 414465 414465 414465 414465 414465 414465 414465 414465 414465 414465 414465 414465 414465 414465 414465 414465 414465 414465 414465 414465 414465 414465 414465 414450 414450 414450  13097094  414465 414465 414465 414465 414465 414465 414465 414465 414465 414465 414465 414465 414465 414465 414465 414465 414465 414465 414465 414465 414465 414465 414465 414465 414465 386834 386834 386834 386834 386834 386834 386834 
4 compute 194475479
4 comm_size 32
4 allReduce 7 7835798
4 compute 445336113
4 comm_size 32
4 allReduce 223729 733503833
4 compute 10183513
4 compute 346
4 allToAllV 13097094 414465 414465 414465 414465 414465 414465 414465 414465 414465 414465 414465 414465 414465 414465 414465 414465 414465 414465 414465 414465 414465 414465 414465 414465 414465 386834 386834 386834 386834 386834 386834 386834  13262850  414465 414465 414465 414465 414465 414465 414465 414465 414465 414465 414465 414465 414465 414465 414465 414465 414465 414465 414465 414465 414465 414465 414465 414465 414465 414465 414465 414465 414465 414450 414450 414450 
4 compute 31413045550
4 compute 336
4 reduceScatter 176256 176256 176256 176256 176256 176256 176256 176256 176256 176256 176256 176256 176256 176256 176256 176256 176256 176256 176256 176256 176256 176256 176256 176256 176256 176256 176256 176256 176256 176256 0 0 4275182358 
4 compute 25116115
4 comm_size 32
4 allReduce 2 1128760749
4 compute 21531689
4 allToAll 13824 13824 
4 compute 72648110
4 allToAll 13824 13824 
4 compute 20698347
4 comm_size 32
4 allReduce 1 7794635
4 compute 1064496
4 compute 344
4 allGatherV 176256 176256 176256 176256 176256 176256 176256 176256 176256 176256 176256 176256 176256 176256 176256 176256 176256 176256 176256 176256 176256 176256 176256 176256 176256 176256 176256 176256 176256 176256 176256 0 0 0 176256 352512 528768 705024 881280 1057536 1233792 1410048 1586304 1762560 1938816 2115072 2291328 2467584 2643840 2820096 2996352 3172608 3348864 3525120 3701376 3877632 4053888 4230144 4406400 4582656 4758912 4935168 5111424 5258304 5258304 
4 compute 91011693706
4 comm_size 32
4 allReduce 4 2693344027
4 compute 66332712
4 compute 346
4 allToAllV 13262850 414465 414465 414465 414465 414465 414465 414465 414465 414465 414465 414465 414465 414465 414465 414465 414465 414465 414465 414465 414465 414465 414465 414465 414465 414465 414465 414465 414465 414465 414450 414450 414450  13097094  414465 414465 414465 414465 414465 414465 414465 414465 414465 414465 414465 414465 414465 414465 414465 414465 414465 414465 414465 414465 414465 414465 414465 414465 414465 386834 386834 386834 386834 386834 386834 386834 
4 compute 918439
4 comm_size 32
4 allReduce 223729 275628651
4 compute 11619
4 comm_size 32
4 allReduce 1 58988086
4 compute 11246
4 compute 346
4 allToAllV 13097094 414465 414465 414465 414465 414465 414465 414465 414465 414465 414465 414465 414465 414465 414465 414465 414465 414465 414465 414465 414465 414465 414465 414465 414465 414465 386834 386834 386834 386834 386834 386834 386834  13262850  414465 414465 414465 414465 414465 414465 414465 414465 414465 414465 414465 414465 414465 414465 414465 414465 414465 414465 414465 414465 414465 414465 414465 414465 414465 414465 414465 414465 414465 414450 414450 414450 
4 compute 289811649830
4 comm_size 32
4 allReduce 2 8190023071
4 compute 66336078
4 compute 346
4 allToAllV 13262850 414465 414465 414465 414465 414465 414465 414465 414465 414465 414465 414465 414465 414465 414465 414465 414465 414465 414465 414465 414465 414465 414465 414465 414465 414465 414465 414465 414465 414465 414450 414450 414450  13097094  414465 414465 414465 414465 414465 414465 414465 414465 414465 414465 414465 414465 414465 414465 414465 414465 414465 414465 414465 414465 414465 414465 414465 414465 414465 386834 386834 386834 386834 386834 386834 386834 
4 compute 272892401
4 comm_size 32
4 allReduce 7 29647119
4 compute 602164562
4 comm_size 32
4 allReduce 223729 882969735
4 compute 10183341
4 compute 346
4 allToAllV 13097094 414465 414465 414465 414465 414465 414465 414465 414465 414465 414465 414465 414465 414465 414465 414465 414465 414465 414465 414465 414465 414465 414465 414465 414465 414465 386834 386834 386834 386834 386834 386834 386834  13262850  414465 414465 414465 414465 414465 414465 414465 414465 414465 414465 414465 414465 414465 414465 414465 414465 414465 414465 414465 414465 414465 414465 414465 414465 414465 414465 414465 414465 414465 414450 414450 414450 
4 compute 31413045505
4 compute 336
4 reduceScatter 176256 176256 176256 176256 176256 176256 176256 176256 176256 176256 176256 176256 176256 176256 176256 176256 176256 176256 176256 176256 176256 176256 176256 176256 176256 176256 176256 176256 176256 176256 0 0 5633295811 
4 compute 25131722
4 comm_size 32
4 allReduce 2 724596240
4 compute 21531678
4 allToAll 13824 13824 
4 compute 72648110
4 allToAll 13824 13824 
4 compute 20698347
4 comm_size 32
4 allReduce 1 2421450
4 compute 1064496
4 compute 344
4 allGatherV 176256 176256 176256 176256 176256 176256 176256 176256 176256 176256 176256 176256 176256 176256 176256 176256 176256 176256 176256 176256 176256 176256 176256 176256 176256 176256 176256 176256 176256 176256 176256 0 0 0 176256 352512 528768 705024 881280 1057536 1233792 1410048 1586304 1762560 1938816 2115072 2291328 2467584 2643840 2820096 2996352 3172608 3348864 3525120 3701376 3877632 4053888 4230144 4406400 4582656 4758912 4935168 5111424 5258304 5258304 
4 compute 91011693703
4 comm_size 32
4 allReduce 4 2743874375
4 compute 66332714
4 compute 346
4 allToAllV 13262850 414465 414465 414465 414465 414465 414465 414465 414465 414465 414465 414465 414465 414465 414465 414465 414465 414465 414465 414465 414465 414465 414465 414465 414465 414465 414465 414465 414465 414465 414450 414450 414450  13097094  414465 414465 414465 414465 414465 414465 414465 414465 414465 414465 414465 414465 414465 414465 414465 414465 414465 414465 414465 414465 414465 414465 414465 414465 414465 386834 386834 386834 386834 386834 386834 386834 
4 compute 918439
4 comm_size 32
4 allReduce 223729 193790615
4 compute 11619
4 comm_size 32
4 allReduce 1 48298180
4 compute 11246
4 compute 346
4 allToAllV 13097094 414465 414465 414465 414465 414465 414465 414465 414465 414465 414465 414465 414465 414465 414465 414465 414465 414465 414465 414465 414465 414465 414465 414465 414465 414465 386834 386834 386834 386834 386834 386834 386834  13262850  414465 414465 414465 414465 414465 414465 414465 414465 414465 414465 414465 414465 414465 414465 414465 414465 414465 414465 414465 414465 414465 414465 414465 414465 414465 414465 414465 414465 414465 414450 414450 414450 
4 compute 289811649825
4 comm_size 32
4 allReduce 2 8227724440
4 compute 66336078
4 compute 346
4 allToAllV 13262850 414465 414465 414465 414465 414465 414465 414465 414465 414465 414465 414465 414465 414465 414465 414465 414465 414465 414465 414465 414465 414465 414465 414465 414465 414465 414465 414465 414465 414465 414450 414450 414450  13097094  414465 414465 414465 414465 414465 414465 414465 414465 414465 414465 414465 414465 414465 414465 414465 414465 414465 414465 414465 414465 414465 414465 414465 414465 414465 386834 386834 386834 386834 386834 386834 386834 
4 compute 351309320
4 comm_size 32
4 allReduce 7 40875058
4 compute 758999879
4 comm_size 32
4 allReduce 223729 215121279
4 compute 10183439
4 compute 346
4 allToAllV 13097094 414465 414465 414465 414465 414465 414465 414465 414465 414465 414465 414465 414465 414465 414465 414465 414465 414465 414465 414465 414465 414465 414465 414465 414465 414465 386834 386834 386834 386834 386834 386834 386834  13262850  414465 414465 414465 414465 414465 414465 414465 414465 414465 414465 414465 414465 414465 414465 414465 414465 414465 414465 414465 414465 414465 414465 414465 414465 414465 414465 414465 414465 414465 414450 414450 414450 
4 compute 31413045550
4 compute 336
4 reduceScatter 176256 176256 176256 176256 176256 176256 176256 176256 176256 176256 176256 176256 176256 176256 176256 176256 176256 176256 176256 176256 176256 176256 176256 176256 176256 176256 176256 176256 176256 176256 0 0 2285699726 
4 compute 25144767
4 comm_size 32
4 allReduce 2 603089053
4 compute 21531689
4 allToAll 13824 13824 
4 compute 72648110
4 allToAll 13824 13824 
4 compute 20698347
4 comm_size 32
4 allReduce 1 4610208
4 compute 1064496
4 compute 344
4 allGatherV 176256 176256 176256 176256 176256 176256 176256 176256 176256 176256 176256 176256 176256 176256 176256 176256 176256 176256 176256 176256 176256 176256 176256 176256 176256 176256 176256 176256 176256 176256 176256 0 0 0 176256 352512 528768 705024 881280 1057536 1233792 1410048 1586304 1762560 1938816 2115072 2291328 2467584 2643840 2820096 2996352 3172608 3348864 3525120 3701376 3877632 4053888 4230144 4406400 4582656 4758912 4935168 5111424 5258304 5258304 
4 compute 91011693712
4 comm_size 32
4 allReduce 4 2690564171
4 compute 66332712
4 compute 346
4 allToAllV 13262850 414465 414465 414465 414465 414465 414465 414465 414465 414465 414465 414465 414465 414465 414465 414465 414465 414465 414465 414465 414465 414465 414465 414465 414465 414465 414465 414465 414465 414465 414450 414450 414450  13097094  414465 414465 414465 414465 414465 414465 414465 414465 414465 414465 414465 414465 414465 414465 414465 414465 414465 414465 414465 414465 414465 414465 414465 414465 414465 386834 386834 386834 386834 386834 386834 386834 
4 compute 918439
4 comm_size 32
4 allReduce 223729 186999118
4 compute 11611
4 comm_size 32
4 allReduce 1 49548413
4 compute 11246
4 compute 346
4 allToAllV 13097094 414465 414465 414465 414465 414465 414465 414465 414465 414465 414465 414465 414465 414465 414465 414465 414465 414465 414465 414465 414465 414465 414465 414465 414465 414465 386834 386834 386834 386834 386834 386834 386834  13262850  414465 414465 414465 414465 414465 414465 414465 414465 414465 414465 414465 414465 414465 414465 414465 414465 414465 414465 414465 414465 414465 414465 414465 414465 414465 414465 414465 414465 414465 414450 414450 414450 
4 compute 289811649856
4 comm_size 32
4 allReduce 2 8346422339
4 compute 66336078
4 compute 346
4 allToAllV 13262850 414465 414465 414465 414465 414465 414465 414465 414465 414465 414465 414465 414465 414465 414465 414465 414465 414465 414465 414465 414465 414465 414465 414465 414465 414465 414465 414465 414465 414465 414450 414450 414450  13097094  414465 414465 414465 414465 414465 414465 414465 414465 414465 414465 414465 414465 414465 414465 414465 414465 414465 414465 414465 414465 414465 414465 414465 414465 414465 386834 386834 386834 386834 386834 386834 386834 
4 compute 429726250
4 comm_size 32
4 allReduce 7 20450804
4 compute 915835570
4 comm_size 32
4 allReduce 223729 199932497
4 compute 10183475
4 compute 346
4 allToAllV 13097094 414465 414465 414465 414465 414465 414465 414465 414465 414465 414465 414465 414465 414465 414465 414465 414465 414465 414465 414465 414465 414465 414465 414465 414465 414465 386834 386834 386834 386834 386834 386834 386834  13262850  414465 414465 414465 414465 414465 414465 414465 414465 414465 414465 414465 414465 414465 414465 414465 414465 414465 414465 414465 414465 414465 414465 414465 414465 414465 414465 414465 414465 414465 414450 414450 414450 
4 compute 31413045503
4 compute 336
4 reduceScatter 176256 176256 176256 176256 176256 176256 176256 176256 176256 176256 176256 176256 176256 176256 176256 176256 176256 176256 176256 176256 176256 176256 176256 176256 176256 176256 176256 176256 176256 176256 0 0 2153723623 
4 compute 25133121
4 comm_size 32
4 allReduce 2 615823674
4 compute 21531689
4 allToAll 13824 13824 
4 compute 72648110
4 allToAll 13824 13824 
4 compute 20698347
4 comm_size 32
4 allReduce 1 3543171
4 compute 1064496
4 compute 344
4 allGatherV 176256 176256 176256 176256 176256 176256 176256 176256 176256 176256 176256 176256 176256 176256 176256 176256 176256 176256 176256 176256 176256 176256 176256 176256 176256 176256 176256 176256 176256 176256 176256 0 0 0 176256 352512 528768 705024 881280 1057536 1233792 1410048 1586304 1762560 1938816 2115072 2291328 2467584 2643840 2820096 2996352 3172608 3348864 3525120 3701376 3877632 4053888 4230144 4406400 4582656 4758912 4935168 5111424 5258304 5258304 
4 compute 91011693711
4 comm_size 32
4 allReduce 4 2667997025
4 compute 66332712
4 compute 346
4 allToAllV 13262850 414465 414465 414465 414465 414465 414465 414465 414465 414465 414465 414465 414465 414465 414465 414465 414465 414465 414465 414465 414465 414465 414465 414465 414465 414465 414465 414465 414465 414465 414450 414450 414450  13097094  414465 414465 414465 414465 414465 414465 414465 414465 414465 414465 414465 414465 414465 414465 414465 414465 414465 414465 414465 414465 414465 414465 414465 414465 414465 386834 386834 386834 386834 386834 386834 386834 
4 compute 918439
4 comm_size 32
4 allReduce 223729 168720170
4 compute 11619
4 comm_size 32
4 allReduce 1 65032696
4 compute 11246
4 compute 346
4 allToAllV 13097094 414465 414465 414465 414465 414465 414465 414465 414465 414465 414465 414465 414465 414465 414465 414465 414465 414465 414465 414465 414465 414465 414465 414465 414465 414465 386834 386834 386834 386834 386834 386834 386834  13262850  414465 414465 414465 414465 414465 414465 414465 414465 414465 414465 414465 414465 414465 414465 414465 414465 414465 414465 414465 414465 414465 414465 414465 414465 414465 414465 414465 414465 414465 414450 414450 414450 
4 compute 289811649831
4 comm_size 32
4 allReduce 2 8072229041
4 compute 66336078
4 compute 346
4 allToAllV 13262850 414465 414465 414465 414465 414465 414465 414465 414465 414465 414465 414465 414465 414465 414465 414465 414465 414465 414465 414465 414465 414465 414465 414465 414465 414465 414465 414465 414465 414465 414450 414450 414450  13097094  414465 414465 414465 414465 414465 414465 414465 414465 414465 414465 414465 414465 414465 414465 414465 414465 414465 414465 414465 414465 414465 414465 414465 414465 414465 386834 386834 386834 386834 386834 386834 386834 
4 compute 508143168
4 comm_size 32
4 allReduce 7 30227214
4 compute 1020353317
4 comm_size 32
4 allReduce 223729 286397646
4 compute 10183345
4 compute 346
4 allToAllV 13097094 414465 414465 414465 414465 414465 414465 414465 414465 414465 414465 414465 414465 414465 414465 414465 414465 414465 414465 414465 414465 414465 414465 414465 414465 414465 386834 386834 386834 386834 386834 386834 386834  13262850  414465 414465 414465 414465 414465 414465 414465 414465 414465 414465 414465 414465 414465 414465 414465 414465 414465 414465 414465 414465 414465 414465 414465 414465 414465 414465 414465 414465 414465 414450 414450 414450 
4 compute 31413045505
4 compute 336
4 reduceScatter 176256 176256 176256 176256 176256 176256 176256 176256 176256 176256 176256 176256 176256 176256 176256 176256 176256 176256 176256 176256 176256 176256 176256 176256 176256 176256 176256 176256 176256 176256 0 0 2236026673 
4 compute 25138511
4 comm_size 32
4 allReduce 2 622385391
4 compute 21531677
4 allToAll 13824 13824 
4 compute 72648110
4 allToAll 13824 13824 
4 compute 20698347
4 comm_size 32
4 allReduce 1 4743705
4 compute 1064496
4 compute 344
4 allGatherV 176256 176256 176256 176256 176256 176256 176256 176256 176256 176256 176256 176256 176256 176256 176256 176256 176256 176256 176256 176256 176256 176256 176256 176256 176256 176256 176256 176256 176256 176256 176256 0 0 0 176256 352512 528768 705024 881280 1057536 1233792 1410048 1586304 1762560 1938816 2115072 2291328 2467584 2643840 2820096 2996352 3172608 3348864 3525120 3701376 3877632 4053888 4230144 4406400 4582656 4758912 4935168 5111424 5258304 5258304 
4 compute 91011693708
4 comm_size 32
4 allReduce 4 2721072692
4 compute 66332713
4 compute 346
4 allToAllV 13262850 414465 414465 414465 414465 414465 414465 414465 414465 414465 414465 414465 414465 414465 414465 414465 414465 414465 414465 414465 414465 414465 414465 414465 414465 414465 414465 414465 414465 414465 414450 414450 414450  13097094  414465 414465 414465 414465 414465 414465 414465 414465 414465 414465 414465 414465 414465 414465 414465 414465 414465 414465 414465 414465 414465 414465 414465 414465 414465 386834 386834 386834 386834 386834 386834 386834 
4 compute 918439
4 comm_size 32
4 allReduce 223729 182250083
4 compute 11619
4 comm_size 32
4 allReduce 1 89660128
4 compute 11246
4 compute 346
4 allToAllV 13097094 414465 414465 414465 414465 414465 414465 414465 414465 414465 414465 414465 414465 414465 414465 414465 414465 414465 414465 414465 414465 414465 414465 414465 414465 414465 386834 386834 386834 386834 386834 386834 386834  13262850  414465 414465 414465 414465 414465 414465 414465 414465 414465 414465 414465 414465 414465 414465 414465 414465 414465 414465 414465 414465 414465 414465 414465 414465 414465 414465 414465 414465 414465 414450 414450 414450 
4 compute 289811649845
4 comm_size 32
4 allReduce 2 8013228387
4 compute 66336078
4 compute 346
4 allToAllV 13262850 414465 414465 414465 414465 414465 414465 414465 414465 414465 414465 414465 414465 414465 414465 414465 414465 414465 414465 414465 414465 414465 414465 414465 414465 414465 414465 414465 414465 414465 414450 414450 414450  13097094  414465 414465 414465 414465 414465 414465 414465 414465 414465 414465 414465 414465 414465 414465 414465 414465 414465 414465 414465 414465 414465 414465 414465 414465 414465 386834 386834 386834 386834 386834 386834 386834 
4 compute 508118232
4 comm_size 32
4 allReduce 7 59924661
4 compute 1020353484
4 comm_size 32
4 allReduce 223729 221709395
4 compute 10183403
4 compute 346
4 allToAllV 13097094 414465 414465 414465 414465 414465 414465 414465 414465 414465 414465 414465 414465 414465 414465 414465 414465 414465 414465 414465 414465 414465 414465 414465 414465 414465 386834 386834 386834 386834 386834 386834 386834  13262850  414465 414465 414465 414465 414465 414465 414465 414465 414465 414465 414465 414465 414465 414465 414465 414465 414465 414465 414465 414465 414465 414465 414465 414465 414465 414465 414465 414465 414465 414450 414450 414450 
4 compute 31413045498
4 compute 336
4 reduceScatter 176256 176256 176256 176256 176256 176256 176256 176256 176256 176256 176256 176256 176256 176256 176256 176256 176256 176256 176256 176256 176256 176256 176256 176256 176256 176256 176256 176256 176256 176256 0 0 2174307425 
4 compute 25134662
4 comm_size 32
4 allReduce 2 610220274
4 compute 21531678
4 allToAll 13824 13824 
4 compute 72648109
4 allToAll 13824 13824 
4 compute 20698347
4 comm_size 32
4 allReduce 1 1465759
4 compute 1064497
4 compute 344
4 allGatherV 176256 176256 176256 176256 176256 176256 176256 176256 176256 176256 176256 176256 176256 176256 176256 176256 176256 176256 176256 176256 176256 176256 176256 176256 176256 176256 176256 176256 176256 176256 176256 0 0 0 176256 352512 528768 705024 881280 1057536 1233792 1410048 1586304 1762560 1938816 2115072 2291328 2467584 2643840 2820096 2996352 3172608 3348864 3525120 3701376 3877632 4053888 4230144 4406400 4582656 4758912 4935168 5111424 5258304 5258304 
4 compute 91011693717
4 comm_size 32
4 allReduce 4 2923844877
4 compute 66332712
4 compute 346
4 allToAllV 13262850 414465 414465 414465 414465 414465 414465 414465 414465 414465 414465 414465 414465 414465 414465 414465 414465 414465 414465 414465 414465 414465 414465 414465 414465 414465 414465 414465 414465 414465 414450 414450 414450  13097094  414465 414465 414465 414465 414465 414465 414465 414465 414465 414465 414465 414465 414465 414465 414465 414465 414465 414465 414465 414465 414465 414465 414465 414465 414465 386834 386834 386834 386834 386834 386834 386834 
4 compute 918439
4 comm_size 32
4 allReduce 223729 189044913
4 compute 11619
4 comm_size 32
4 allReduce 1 67891965
4 compute 11246
4 compute 346
4 allToAllV 13097094 414465 414465 414465 414465 414465 414465 414465 414465 414465 414465 414465 414465 414465 414465 414465 414465 414465 414465 414465 414465 414465 414465 414465 414465 414465 386834 386834 386834 386834 386834 386834 386834  13262850  414465 414465 414465 414465 414465 414465 414465 414465 414465 414465 414465 414465 414465 414465 414465 414465 414465 414465 414465 414465 414465 414465 414465 414465 414465 414465 414465 414465 414465 414450 414450 414450 
4 compute 289811649842
4 comm_size 32
4 allReduce 2 8596803332
4 compute 66336078
4 compute 346
4 allToAllV 13262850 414465 414465 414465 414465 414465 414465 414465 414465 414465 414465 414465 414465 414465 414465 414465 414465 414465 414465 414465 414465 414465 414465 414465 414465 414465 414465 414465 414465 414465 414450 414450 414450  13097094  414465 414465 414465 414465 414465 414465 414465 414465 414465 414465 414465 414465 414465 414465 414465 414465 414465 414465 414465 414465 414465 414465 414465 414465 414465 386834 386834 386834 386834 386834 386834 386834 
4 compute 508118240
4 comm_size 32
4 allReduce 7 77310033
4 compute 1020353339
4 comm_size 32
4 allReduce 223729 200427277
4 compute 10183287
4 compute 346
4 allToAllV 13097094 414465 414465 414465 414465 414465 414465 414465 414465 414465 414465 414465 414465 414465 414465 414465 414465 414465 414465 414465 414465 414465 414465 414465 414465 414465 386834 386834 386834 386834 386834 386834 386834  13262850  414465 414465 414465 414465 414465 414465 414465 414465 414465 414465 414465 414465 414465 414465 414465 414465 414465 414465 414465 414465 414465 414465 414465 414465 414465 414465 414465 414465 414465 414450 414450 414450 
4 compute 31413045553
4 compute 336
4 reduceScatter 176256 176256 176256 176256 176256 176256 176256 176256 176256 176256 176256 176256 176256 176256 176256 176256 176256 176256 176256 176256 176256 176256 176256 176256 176256 176256 176256 176256 176256 176256 0 0 2203268296 
4 compute 25134825
4 comm_size 32
4 allReduce 2 620489365
4 compute 21531678
4 allToAll 13824 13824 
4 compute 72648110
4 allToAll 13824 13824 
4 compute 20698347
4 comm_size 32
4 allReduce 1 4094398
4 compute 1064496
4 compute 344
4 allGatherV 176256 176256 176256 176256 176256 176256 176256 176256 176256 176256 176256 176256 176256 176256 176256 176256 176256 176256 176256 176256 176256 176256 176256 176256 176256 176256 176256 176256 176256 176256 176256 0 0 0 176256 352512 528768 705024 881280 1057536 1233792 1410048 1586304 1762560 1938816 2115072 2291328 2467584 2643840 2820096 2996352 3172608 3348864 3525120 3701376 3877632 4053888 4230144 4406400 4582656 4758912 4935168 5111424 5258304 5258304 
4 compute 91011693711
4 comm_size 32
4 allReduce 4 2778836121
4 compute 66332712
4 compute 346
4 allToAllV 13262850 414465 414465 414465 414465 414465 414465 414465 414465 414465 414465 414465 414465 414465 414465 414465 414465 414465 414465 414465 414465 414465 414465 414465 414465 414465 414465 414465 414465 414465 414450 414450 414450  13097094  414465 414465 414465 414465 414465 414465 414465 414465 414465 414465 414465 414465 414465 414465 414465 414465 414465 414465 414465 414465 414465 414465 414465 414465 414465 386834 386834 386834 386834 386834 386834 386834 
4 compute 918440
4 comm_size 32
4 allReduce 223729 204837583
4 compute 11619
4 comm_size 32
4 allReduce 1 57276900
4 compute 11246
4 compute 346
4 allToAllV 13097094 414465 414465 414465 414465 414465 414465 414465 414465 414465 414465 414465 414465 414465 414465 414465 414465 414465 414465 414465 414465 414465 414465 414465 414465 414465 386834 386834 386834 386834 386834 386834 386834  13262850  414465 414465 414465 414465 414465 414465 414465 414465 414465 414465 414465 414465 414465 414465 414465 414465 414465 414465 414465 414465 414465 414465 414465 414465 414465 414465 414465 414465 414465 414450 414450 414450 
4 compute 289811649838
4 comm_size 32
4 allReduce 2 8024330313
4 compute 66336078
4 compute 346
4 allToAllV 13262850 414465 414465 414465 414465 414465 414465 414465 414465 414465 414465 414465 414465 414465 414465 414465 414465 414465 414465 414465 414465 414465 414465 414465 414465 414465 414465 414465 414465 414465 414450 414450 414450  13097094  414465 414465 414465 414465 414465 414465 414465 414465 414465 414465 414465 414465 414465 414465 414465 414465 414465 414465 414465 414465 414465 414465 414465 414465 414465 386834 386834 386834 386834 386834 386834 386834 
4 compute 508118245
4 comm_size 32
4 allReduce 7 53165591
4 compute 1020353483
4 comm_size 32
4 allReduce 223729 239149289
4 compute 10183313
4 compute 346
4 allToAllV 13097094 414465 414465 414465 414465 414465 414465 414465 414465 414465 414465 414465 414465 414465 414465 414465 414465 414465 414465 414465 414465 414465 414465 414465 414465 414465 386834 386834 386834 386834 386834 386834 386834  13262850  414465 414465 414465 414465 414465 414465 414465 414465 414465 414465 414465 414465 414465 414465 414465 414465 414465 414465 414465 414465 414465 414465 414465 414465 414465 414465 414465 414465 414465 414450 414450 414450 
4 compute 66332652
4 compute 1093
4 gather 133 133 0 
4 compute 31346715216
4 compute 336
4 reduceScatter 176256 176256 176256 176256 176256 176256 176256 176256 176256 176256 176256 176256 176256 176256 176256 176256 176256 176256 176256 176256 176256 176256 176256 176256 176256 176256 176256 176256 176256 176256 0 0 2254277110 
4 compute 25135965
4 comm_size 32
4 allReduce 2 614711710
4 compute 21531449
4 allToAll 13824 13824 
4 compute 72647990
4 allToAll 13824 13824 
4 compute 20698167
4 comm_size 32
4 allReduce 1 1126216
4 compute 1064436
4 compute 344
4 allGatherV 176256 176256 176256 176256 176256 176256 176256 176256 176256 176256 176256 176256 176256 176256 176256 176256 176256 176256 176256 176256 176256 176256 176256 176256 176256 176256 176256 176256 176256 176256 176256 0 0 0 176256 352512 528768 705024 881280 1057536 1233792 1410048 1586304 1762560 1938816 2115072 2291328 2467584 2643840 2820096 2996352 3172608 3348864 3525120 3701376 3877632 4053888 4230144 4406400 4582656 4758912 4935168 5111424 5258304 5258304 
4 compute 91011693352
4 comm_size 32
4 allReduce 4 2808547272
4 compute 66332550
4 compute 346
4 allToAllV 13262850 414465 414465 414465 414465 414465 414465 414465 414465 414465 414465 414465 414465 414465 414465 414465 414465 414465 414465 414465 414465 414465 414465 414465 414465 414465 414465 414465 414465 414465 414450 414450 414450  13097094  414465 414465 414465 414465 414465 414465 414465 414465 414465 414465 414465 414465 414465 414465 414465 414465 414465 414465 414465 414465 414465 414465 414465 414465 414465 386834 386834 386834 386834 386834 386834 386834 
4 compute 910692
4 comm_size 32
4 allReduce 223729 202035362
4 compute 1568079310
4 comm_size 32
4 allReduce 1 41822240
4 compute 10139
4 compute 346
4 allToAllV 13097094 414465 414465 414465 414465 414465 414465 414465 414465 414465 414465 414465 414465 414465 414465 414465 414465 414465 414465 414465 414465 414465 414465 414465 414465 414465 386834 386834 386834 386834 386834 386834 386834  13262850  414465 414465 414465 414465 414465 414465 414465 414465 414465 414465 414465 414465 414465 414465 414465 414465 414465 414465 414465 414465 414465 414465 414465 414465 414465 414465 414465 414465 414465 414450 414450 414450 
4 compute 66332396
4 comm_size 32
4 bcast 473 31 0
4 compute 337
4 barrier
4 compute 31293675290
4 compute 336
4 reduceScatter 176256 176256 176256 176256 176256 176256 176256 176256 176256 176256 176256 176256 176256 176256 176256 176256 176256 176256 176256 176256 176256 176256 176256 176256 176256 176256 176256 176256 176256 176256 0 0 2459450222 
4 compute 21792011
4 allToAll 13824 13824 
4 compute 72648314
4 allToAll 13824 13824 
4 compute 20517358
4 comm_size 32
4 allReduce 1 801718
4 compute 987
4 comm_size 32
4 allReduce 6 872722
4 compute 4246
4 compute 344
4 allGatherV 176256 176256 176256 176256 176256 176256 176256 176256 176256 176256 176256 176256 176256 176256 176256 176256 176256 176256 176256 176256 176256 176256 176256 176256 176256 176256 176256 176256 176256 176256 176256 0 0 0 176256 352512 528768 705024 881280 1057536 1233792 1410048 1586304 1762560 1938816 2115072 2291328 2467584 2643840 2820096 2996352 3172608 3348864 3525120 3701376 3877632 4053888 4230144 4406400 4582656 4758912 4935168 5111424 5258304 5258304 
4 compute 10325646994
4 comm_size 32
4 allReduce 795 669253786
4 compute 993
4 comm_size 32
4 allReduce 1 1221400
4 compute 47119
4 barrier
4 compute 503959
4 compute 1105
4 gather 133 133 0 
4 compute 2464
4 compute 451
4 gather 3 3 0 
4 compute 87254
4 barrier
4 compute 20828
4 barrier
4 compute 346
4 barrier
4 compute 2654
4 finalize