15 init 1
15 compute 127149
15 compute 2652
15 compute 336941
15 compute 13053018
15 comm_size 32
15 bcast 1
15 compute 25817
15 barrier
15 compute 22433
15 comm_size 32
15 bcast 1
15 compute 24028
15 barrier
15 compute 22602
15 comm_size 32
15 bcast 1
15 compute 23752
15 barrier
15 compute 22524
15 comm_size 32
15 bcast 1
15 compute 23829
15 barrier
15 compute 22604
15 comm_size 32
15 bcast 1
15 compute 23866
15 barrier
15 compute 22682
15 comm_size 32
15 bcast 1
15 compute 23839
15 barrier
15 compute 22621
15 comm_size 32
15 bcast 1
15 compute 23546
15 barrier
15 compute 421
15 barrier
15 compute 167881
15 barrier
15 compute 21064825
15 barrier
15 compute 97167
15 comm_size 32
15 bcast 1
15 compute 378168
15 barrier
15 compute 12633
15 comm_size 32
15 bcast 1
15 compute 46276
15 barrier
15 compute 1019082
15 barrier
15 compute 123090
15 gather 795 795 0 
15 compute 248083384
15 allToAll 1746 1746 
15 compute 276028
15 barrier
15 compute 409270090
15 comm_size 32
15 allReduce 32 19421153 1
15 compute 3038107647
15 compute 1525
15 allToAllV 13262850 414465 414465 414465 414465 414465 414465 414465 414465 414465 414465 414465 414465 414465 414465 414465 414465 414465 414465 414465 414465 414465 414465 414465 414465 414465 414465 414465 414465 414465 414450 414450 414450  13097094  414465 414465 414465 414465 414465 414465 414465 414465 414465 414465 414465 414465 414465 414465 414465 414465 414465 414465 414465 414465 414465 414465 414465 414465 414465 386834 386834 386834 386834 386834 386834 386834 
15 compute 1058646397
15 barrier
15 compute 7748
15 compute 332
15 allToAllV 13097094 414465 414465 414465 414465 414465 414465 414465 414465 414465 414465 414465 414465 414465 414465 414465 414465 414465 414465 414465 414465 414465 414465 414465 414465 414465 386834 386834 386834 386834 386834 386834 386834  13262850  414465 414465 414465 414465 414465 414465 414465 414465 414465 414465 414465 414465 414465 414465 414465 414465 414465 414465 414465 414465 414465 414465 414465 414465 414465 414465 414465 414465 414465 414450 414450 414450 
15 compute 915154396
15 barrier
15 compute 1449498615
15 allToAll 13824 13824 
15 compute 72648698
15 allToAll 13824 13824 
15 compute 20518595
15 comm_size 32
15 allReduce 1 5301084
15 compute 1378420591
15 comm_size 32
15 allReduce 795 59634324
15 compute 1500197233
15 comm_size 32
15 allReduce 2 64461369
15 compute 21530676
15 allToAll 13824 13824 
15 compute 72648532
15 allToAll 13824 13824 
15 compute 20517894
15 comm_size 32
15 allReduce 1 2260549
15 compute 73034913
15 comm_size 32
15 allReduce 32 2746349 1
15 compute 60481266209
15 compute 1717
15 reduceScatter 176256 176256 176256 176256 176256 176256 176256 176256 176256 176256 176256 176256 176256 176256 176256 176256 176256 176256 176256 176256 176256 176256 176256 176256 176256 176256 176256 176256 176256 176256 0 0 4238297521 
15 compute 25329041
15 comm_size 32
15 allReduce 2 323571988
15 compute 21530456
15 allToAll 13824 13824 
15 compute 72647122
15 allToAll 13824 13824 
15 compute 20697047
15 comm_size 32
15 allReduce 1 3933446
15 compute 1070100
15 compute 1377
15 allGatherV 176256 176256 176256 176256 176256 176256 176256 176256 176256 176256 176256 176256 176256 176256 176256 176256 176256 176256 176256 176256 176256 176256 176256 176256 176256 176256 176256 176256 176256 176256 176256 0 0 0 176256 352512 528768 705024 881280 1057536 1233792 1410048 1586304 1762560 1938816 2115072 2291328 2467584 2643840 2820096 2996352 3172608 3348864 3525120 3701376 3877632 4053888 4230144 4406400 4582656 4758912 4935168 5111424 5258304 5258304 
15 compute 175827410860
15 comm_size 32
15 allReduce 4 4974616785
15 compute 128288707
15 compute 332
15 allToAllV 25641510 801299 801299 801299 801299 801299 801299 801299 801299 801299 801299 801299 801299 801299 801299 801299 801299 801299 801299 801299 801299 801299 801299 801299 801299 801299 801299 801299 801299 801299 801270 801270 801270  25834985  828930 828930 828930 828930 828930 828930 801299 801299 801299 801299 801299 801299 801299 801299 801299 801299 801299 801299 801299 801299 801299 801299 801299 801299 801299 801299 801299 801299 801299 801299 801299 801299 
15 compute 128241331
15 compute 332
15 allToAllV 25641510 801299 801299 801299 801299 801299 801299 801299 801299 801299 801299 801299 801299 801299 801299 801299 801299 801299 801299 801299 801299 801299 801299 801299 801299 801299 801299 801299 801299 801299 801270 801270 801270  25834985  828930 828930 828930 828930 828930 828930 801299 801299 801299 801299 801299 801299 801299 801299 801299 801299 801299 801299 801299 801299 801299 801299 801299 801299 801299 801299 801299 801299 801299 801299 801299 801299 
15 compute 10047536
15 comm_size 32
15 allReduce 1729832 1260904268
15 compute 10273367709
15 comm_size 32
15 bcast 934 31 0
15 compute 337
15 barrier
15 compute 19020
15 comm_size 32
15 bcast 1729832
15 compute 1564415
15 comm_size 32
15 allReduce 223729 350245814
15 compute 10196086
15 compute 346
15 allToAllV 13097094 414465 414465 414465 414465 414465 414465 414465 414465 414465 414465 414465 414465 414465 414465 414465 414465 414465 414465 414465 414465 414465 414465 414465 414465 414465 386834 386834 386834 386834 386834 386834 386834  13262850  414465 414465 414465 414465 414465 414465 414465 414465 414465 414465 414465 414465 414465 414465 414465 414465 414465 414465 414465 414465 414465 414465 414465 414465 414465 414465 414465 414465 414465 414450 414450 414450 
15 compute 66461371
15 compute 1272
15 gather 133 133 0 
15 compute 31346720374
15 compute 336
15 reduceScatter 176256 176256 176256 176256 176256 176256 176256 176256 176256 176256 176256 176256 176256 176256 176256 176256 176256 176256 176256 176256 176256 176256 176256 176256 176256 176256 176256 176256 176256 176256 0 0 3095336488 
15 compute 25315272
15 comm_size 32
15 allReduce 2 390790197
15 compute 21530335
15 allToAll 13824 13824 
15 compute 72648150
15 allToAll 13824 13824 
15 compute 20697266
15 comm_size 32
15 allReduce 1 3266743
15 compute 1064157
15 compute 344
15 allGatherV 176256 176256 176256 176256 176256 176256 176256 176256 176256 176256 176256 176256 176256 176256 176256 176256 176256 176256 176256 176256 176256 176256 176256 176256 176256 176256 176256 176256 176256 176256 176256 0 0 0 176256 352512 528768 705024 881280 1057536 1233792 1410048 1586304 1762560 1938816 2115072 2291328 2467584 2643840 2820096 2996352 3172608 3348864 3525120 3701376 3877632 4053888 4230144 4406400 4582656 4758912 4935168 5111424 5258304 5258304 
15 compute 91011247657
15 comm_size 32
15 allReduce 4 2818582264
15 compute 66332361
15 compute 346
15 allToAllV 13262850 414465 414465 414465 414465 414465 414465 414465 414465 414465 414465 414465 414465 414465 414465 414465 414465 414465 414465 414465 414465 414465 414465 414465 414465 414465 414465 414465 414465 414465 414450 414450 414450  13097094  414465 414465 414465 414465 414465 414465 414465 414465 414465 414465 414465 414465 414465 414465 414465 414465 414465 414465 414465 414465 414465 414465 414465 414465 414465 386834 386834 386834 386834 386834 386834 386834 
15 compute 917215
15 comm_size 32
15 allReduce 223729 206053579
15 compute 11180
15 comm_size 32
15 allReduce 1 84996347
15 compute 10442
15 compute 346
15 allToAllV 13097094 414465 414465 414465 414465 414465 414465 414465 414465 414465 414465 414465 414465 414465 414465 414465 414465 414465 414465 414465 414465 414465 414465 414465 414465 414465 386834 386834 386834 386834 386834 386834 386834  13262850  414465 414465 414465 414465 414465 414465 414465 414465 414465 414465 414465 414465 414465 414465 414465 414465 414465 414465 414465 414465 414465 414465 414465 414465 414465 414465 414465 414465 414465 414450 414450 414450 
15 compute 289811644564
15 comm_size 32
15 allReduce 2 8162234323
15 compute 66335676
15 compute 346
15 allToAllV 13262850 414465 414465 414465 414465 414465 414465 414465 414465 414465 414465 414465 414465 414465 414465 414465 414465 414465 414465 414465 414465 414465 414465 414465 414465 414465 414465 414465 414465 414465 414450 414450 414450  13097094  414465 414465 414465 414465 414465 414465 414465 414465 414465 414465 414465 414465 414465 414465 414465 414465 414465 414465 414465 414465 414465 414465 414465 414465 414465 386834 386834 386834 386834 386834 386834 386834 
15 compute 116082677
15 comm_size 32
15 allReduce 7 9361360
15 compute 210072432
15 comm_size 32
15 allReduce 223729 172391349
15 compute 10183947
15 compute 346
15 allToAllV 13097094 414465 414465 414465 414465 414465 414465 414465 414465 414465 414465 414465 414465 414465 414465 414465 414465 414465 414465 414465 414465 414465 414465 414465 414465 414465 386834 386834 386834 386834 386834 386834 386834  13262850  414465 414465 414465 414465 414465 414465 414465 414465 414465 414465 414465 414465 414465 414465 414465 414465 414465 414465 414465 414465 414465 414465 414465 414465 414465 414465 414465 414465 414465 414450 414450 414450 
15 compute 31413024948
15 compute 336
15 reduceScatter 176256 176256 176256 176256 176256 176256 176256 176256 176256 176256 176256 176256 176256 176256 176256 176256 176256 176256 176256 176256 176256 176256 176256 176256 176256 176256 176256 176256 176256 176256 0 0 3161989791 
15 compute 25545261
15 comm_size 32
15 allReduce 2 401066690
15 compute 21530347
15 allToAll 13824 13824 
15 compute 72648150
15 allToAll 13824 13824 
15 compute 20697266
15 comm_size 32
15 allReduce 1 8597547
15 compute 1064157
15 compute 344
15 allGatherV 176256 176256 176256 176256 176256 176256 176256 176256 176256 176256 176256 176256 176256 176256 176256 176256 176256 176256 176256 176256 176256 176256 176256 176256 176256 176256 176256 176256 176256 176256 176256 0 0 0 176256 352512 528768 705024 881280 1057536 1233792 1410048 1586304 1762560 1938816 2115072 2291328 2467584 2643840 2820096 2996352 3172608 3348864 3525120 3701376 3877632 4053888 4230144 4406400 4582656 4758912 4935168 5111424 5258304 5258304 
15 compute 91011247544
15 comm_size 32
15 allReduce 4 2736485078
15 compute 66332361
15 compute 346
15 allToAllV 13262850 414465 414465 414465 414465 414465 414465 414465 414465 414465 414465 414465 414465 414465 414465 414465 414465 414465 414465 414465 414465 414465 414465 414465 414465 414465 414465 414465 414465 414465 414450 414450 414450  13097094  414465 414465 414465 414465 414465 414465 414465 414465 414465 414465 414465 414465 414465 414465 414465 414465 414465 414465 414465 414465 414465 414465 414465 414465 414465 386834 386834 386834 386834 386834 386834 386834 
15 compute 917212
15 comm_size 32
15 allReduce 223729 217277493
15 compute 11189
15 comm_size 32
15 allReduce 1 86435516
15 compute 10442
15 compute 346
15 allToAllV 13097094 414465 414465 414465 414465 414465 414465 414465 414465 414465 414465 414465 414465 414465 414465 414465 414465 414465 414465 414465 414465 414465 414465 414465 414465 414465 386834 386834 386834 386834 386834 386834 386834  13262850  414465 414465 414465 414465 414465 414465 414465 414465 414465 414465 414465 414465 414465 414465 414465 414465 414465 414465 414465 414465 414465 414465 414465 414465 414465 414465 414465 414465 414465 414450 414450 414450 
15 compute 289811628078
15 comm_size 32
15 allReduce 2 8169161258
15 compute 66335671
15 compute 346
15 allToAllV 13262850 414465 414465 414465 414465 414465 414465 414465 414465 414465 414465 414465 414465 414465 414465 414465 414465 414465 414465 414465 414465 414465 414465 414465 414465 414465 414465 414465 414465 414465 414450 414450 414450  13097094  414465 414465 414465 414465 414465 414465 414465 414465 414465 414465 414465 414465 414465 414465 414465 414465 414465 414465 414465 414465 414465 414465 414465 414465 414465 386834 386834 386834 386834 386834 386834 386834 
15 compute 194474086
15 comm_size 32
15 allReduce 7 34041362
15 compute 445334436
15 comm_size 32
15 allReduce 223729 794580019
15 compute 10183829
15 compute 346
15 allToAllV 13097094 414465 414465 414465 414465 414465 414465 414465 414465 414465 414465 414465 414465 414465 414465 414465 414465 414465 414465 414465 414465 414465 414465 414465 414465 414465 386834 386834 386834 386834 386834 386834 386834  13262850  414465 414465 414465 414465 414465 414465 414465 414465 414465 414465 414465 414465 414465 414465 414465 414465 414465 414465 414465 414465 414465 414465 414465 414465 414465 414465 414465 414465 414465 414450 414450 414450 
15 compute 31413024815
15 compute 336
15 reduceScatter 176256 176256 176256 176256 176256 176256 176256 176256 176256 176256 176256 176256 176256 176256 176256 176256 176256 176256 176256 176256 176256 176256 176256 176256 176256 176256 176256 176256 176256 176256 0 0 5575630119 
15 compute 25380897
15 comm_size 32
15 allReduce 2 840823752
15 compute 21530347
15 allToAll 13824 13824 
15 compute 72648150
15 allToAll 13824 13824 
15 compute 20697266
15 comm_size 32
15 allReduce 1 6618095
15 compute 1064156
15 compute 344
15 allGatherV 176256 176256 176256 176256 176256 176256 176256 176256 176256 176256 176256 176256 176256 176256 176256 176256 176256 176256 176256 176256 176256 176256 176256 176256 176256 176256 176256 176256 176256 176256 176256 0 0 0 176256 352512 528768 705024 881280 1057536 1233792 1410048 1586304 1762560 1938816 2115072 2291328 2467584 2643840 2820096 2996352 3172608 3348864 3525120 3701376 3877632 4053888 4230144 4406400 4582656 4758912 4935168 5111424 5258304 5258304 
15 compute 91011247547
15 comm_size 32
15 allReduce 4 2556532794
15 compute 66332362
15 compute 346
15 allToAllV 13262850 414465 414465 414465 414465 414465 414465 414465 414465 414465 414465 414465 414465 414465 414465 414465 414465 414465 414465 414465 414465 414465 414465 414465 414465 414465 414465 414465 414465 414465 414450 414450 414450  13097094  414465 414465 414465 414465 414465 414465 414465 414465 414465 414465 414465 414465 414465 414465 414465 414465 414465 414465 414465 414465 414465 414465 414465 414465 414465 386834 386834 386834 386834 386834 386834 386834 
15 compute 917212
15 comm_size 32
15 allReduce 223729 306200133
15 compute 11180
15 comm_size 32
15 allReduce 1 80407702
15 compute 10442
15 compute 346
15 allToAllV 13097094 414465 414465 414465 414465 414465 414465 414465 414465 414465 414465 414465 414465 414465 414465 414465 414465 414465 414465 414465 414465 414465 414465 414465 414465 414465 386834 386834 386834 386834 386834 386834 386834  13262850  414465 414465 414465 414465 414465 414465 414465 414465 414465 414465 414465 414465 414465 414465 414465 414465 414465 414465 414465 414465 414465 414465 414465 414465 414465 414465 414465 414465 414465 414450 414450 414450 
15 compute 289811628081
15 comm_size 32
15 allReduce 2 7471381964
15 compute 66335671
15 compute 346
15 allToAllV 13262850 414465 414465 414465 414465 414465 414465 414465 414465 414465 414465 414465 414465 414465 414465 414465 414465 414465 414465 414465 414465 414465 414465 414465 414465 414465 414465 414465 414465 414465 414450 414450 414450  13097094  414465 414465 414465 414465 414465 414465 414465 414465 414465 414465 414465 414465 414465 414465 414465 414465 414465 414465 414465 414465 414465 414465 414465 414465 414465 386834 386834 386834 386834 386834 386834 386834 
15 compute 272891014
15 comm_size 32
15 allReduce 7 34895861
15 compute 602162884
15 comm_size 32
15 allReduce 223729 869627155
15 compute 10183903
15 compute 346
15 allToAllV 13097094 414465 414465 414465 414465 414465 414465 414465 414465 414465 414465 414465 414465 414465 414465 414465 414465 414465 414465 414465 414465 414465 414465 414465 414465 414465 386834 386834 386834 386834 386834 386834 386834  13262850  414465 414465 414465 414465 414465 414465 414465 414465 414465 414465 414465 414465 414465 414465 414465 414465 414465 414465 414465 414465 414465 414465 414465 414465 414465 414465 414465 414465 414465 414450 414450 414450 
15 compute 31413024823
15 compute 336
15 reduceScatter 176256 176256 176256 176256 176256 176256 176256 176256 176256 176256 176256 176256 176256 176256 176256 176256 176256 176256 176256 176256 176256 176256 176256 176256 176256 176256 176256 176256 176256 176256 0 0 6451183350 
15 compute 25417049
15 comm_size 32
15 allReduce 2 436140343
15 compute 21530239
15 allToAll 13824 13824 
15 compute 72648153
15 allToAll 13824 13824 
15 compute 20697246
15 comm_size 32
15 allReduce 1 2329304
15 compute 1064153
15 compute 344
15 allGatherV 176256 176256 176256 176256 176256 176256 176256 176256 176256 176256 176256 176256 176256 176256 176256 176256 176256 176256 176256 176256 176256 176256 176256 176256 176256 176256 176256 176256 176256 176256 176256 0 0 0 176256 352512 528768 705024 881280 1057536 1233792 1410048 1586304 1762560 1938816 2115072 2291328 2467584 2643840 2820096 2996352 3172608 3348864 3525120 3701376 3877632 4053888 4230144 4406400 4582656 4758912 4935168 5111424 5258304 5258304 
15 compute 91011246838
15 comm_size 32
15 allReduce 4 2864401093
15 compute 66332363
15 compute 346
15 allToAllV 13262850 414465 414465 414465 414465 414465 414465 414465 414465 414465 414465 414465 414465 414465 414465 414465 414465 414465 414465 414465 414465 414465 414465 414465 414465 414465 414465 414465 414465 414465 414450 414450 414450  13097094  414465 414465 414465 414465 414465 414465 414465 414465 414465 414465 414465 414465 414465 414465 414465 414465 414465 414465 414465 414465 414465 414465 414465 414465 414465 386834 386834 386834 386834 386834 386834 386834 
15 compute 917205
15 comm_size 32
15 allReduce 223729 168432090
15 compute 11177
15 comm_size 32
15 allReduce 1 96421904
15 compute 10442
15 compute 346
15 allToAllV 13097094 414465 414465 414465 414465 414465 414465 414465 414465 414465 414465 414465 414465 414465 414465 414465 414465 414465 414465 414465 414465 414465 414465 414465 414465 414465 386834 386834 386834 386834 386834 386834 386834  13262850  414465 414465 414465 414465 414465 414465 414465 414465 414465 414465 414465 414465 414465 414465 414465 414465 414465 414465 414465 414465 414465 414465 414465 414465 414465 414465 414465 414465 414465 414450 414450 414450 
15 compute 289811628798
15 comm_size 32
15 allReduce 2 7724982389
15 compute 66335671
15 compute 346
15 allToAllV 13262850 414465 414465 414465 414465 414465 414465 414465 414465 414465 414465 414465 414465 414465 414465 414465 414465 414465 414465 414465 414465 414465 414465 414465 414465 414465 414465 414465 414465 414465 414450 414450 414450  13097094  414465 414465 414465 414465 414465 414465 414465 414465 414465 414465 414465 414465 414465 414465 414465 414465 414465 414465 414465 414465 414465 414465 414465 414465 414465 386834 386834 386834 386834 386834 386834 386834 
15 compute 351307924
15 comm_size 32
15 allReduce 7 65433940
15 compute 758998212
15 comm_size 32
15 allReduce 223729 242996627
15 compute 10183969
15 compute 346
15 allToAllV 13097094 414465 414465 414465 414465 414465 414465 414465 414465 414465 414465 414465 414465 414465 414465 414465 414465 414465 414465 414465 414465 414465 414465 414465 414465 414465 386834 386834 386834 386834 386834 386834 386834  13262850  414465 414465 414465 414465 414465 414465 414465 414465 414465 414465 414465 414465 414465 414465 414465 414465 414465 414465 414465 414465 414465 414465 414465 414465 414465 414465 414465 414465 414465 414450 414450 414450 
15 compute 31413024961
15 compute 336
15 reduceScatter 176256 176256 176256 176256 176256 176256 176256 176256 176256 176256 176256 176256 176256 176256 176256 176256 176256 176256 176256 176256 176256 176256 176256 176256 176256 176256 176256 176256 176256 176256 0 0 2669760220 
15 compute 25443947
15 comm_size 32
15 allReduce 2 399920197
15 compute 21530250
15 allToAll 13824 13824 
15 compute 72648150
15 allToAll 13824 13824 
15 compute 20697243
15 comm_size 32
15 allReduce 1 5957782
15 compute 1064153
15 compute 344
15 allGatherV 176256 176256 176256 176256 176256 176256 176256 176256 176256 176256 176256 176256 176256 176256 176256 176256 176256 176256 176256 176256 176256 176256 176256 176256 176256 176256 176256 176256 176256 176256 176256 0 0 0 176256 352512 528768 705024 881280 1057536 1233792 1410048 1586304 1762560 1938816 2115072 2291328 2467584 2643840 2820096 2996352 3172608 3348864 3525120 3701376 3877632 4053888 4230144 4406400 4582656 4758912 4935168 5111424 5258304 5258304 
15 compute 91011246838
15 comm_size 32
15 allReduce 4 2612971692
15 compute 66332363
15 compute 346
15 allToAllV 13262850 414465 414465 414465 414465 414465 414465 414465 414465 414465 414465 414465 414465 414465 414465 414465 414465 414465 414465 414465 414465 414465 414465 414465 414465 414465 414465 414465 414465 414465 414450 414450 414450  13097094  414465 414465 414465 414465 414465 414465 414465 414465 414465 414465 414465 414465 414465 414465 414465 414465 414465 414465 414465 414465 414465 414465 414465 414465 414465 386834 386834 386834 386834 386834 386834 386834 
15 compute 917205
15 comm_size 32
15 allReduce 223729 202120536
15 compute 11176
15 comm_size 32
15 allReduce 1 76283000
15 compute 10442
15 compute 346
15 allToAllV 13097094 414465 414465 414465 414465 414465 414465 414465 414465 414465 414465 414465 414465 414465 414465 414465 414465 414465 414465 414465 414465 414465 414465 414465 414465 414465 386834 386834 386834 386834 386834 386834 386834  13262850  414465 414465 414465 414465 414465 414465 414465 414465 414465 414465 414465 414465 414465 414465 414465 414465 414465 414465 414465 414465 414465 414465 414465 414465 414465 414465 414465 414465 414465 414450 414450 414450 
15 compute 289811628804
15 comm_size 32
15 allReduce 2 7861973183
15 compute 66335671
15 compute 346
15 allToAllV 13262850 414465 414465 414465 414465 414465 414465 414465 414465 414465 414465 414465 414465 414465 414465 414465 414465 414465 414465 414465 414465 414465 414465 414465 414465 414465 414465 414465 414465 414465 414450 414450 414450  13097094  414465 414465 414465 414465 414465 414465 414465 414465 414465 414465 414465 414465 414465 414465 414465 414465 414465 414465 414465 414465 414465 414465 414465 414465 414465 386834 386834 386834 386834 386834 386834 386834 
15 compute 429724859
15 comm_size 32
15 allReduce 7 72133288
15 compute 915833844
15 comm_size 32
15 allReduce 223729 240057157
15 compute 10183914
15 compute 346
15 allToAllV 13097094 414465 414465 414465 414465 414465 414465 414465 414465 414465 414465 414465 414465 414465 414465 414465 414465 414465 414465 414465 414465 414465 414465 414465 414465 414465 386834 386834 386834 386834 386834 386834 386834  13262850  414465 414465 414465 414465 414465 414465 414465 414465 414465 414465 414465 414465 414465 414465 414465 414465 414465 414465 414465 414465 414465 414465 414465 414465 414465 414465 414465 414465 414465 414450 414450 414450 
15 compute 31413024963
15 compute 336
15 reduceScatter 176256 176256 176256 176256 176256 176256 176256 176256 176256 176256 176256 176256 176256 176256 176256 176256 176256 176256 176256 176256 176256 176256 176256 176256 176256 176256 176256 176256 176256 176256 0 0 2568670958 
15 compute 25431079
15 comm_size 32
15 allReduce 2 400414045
15 compute 21530250
15 allToAll 13824 13824 
15 compute 72648150
15 allToAll 13824 13824 
15 compute 20697243
15 comm_size 32
15 allReduce 1 2184940
15 compute 1064153
15 compute 344
15 allGatherV 176256 176256 176256 176256 176256 176256 176256 176256 176256 176256 176256 176256 176256 176256 176256 176256 176256 176256 176256 176256 176256 176256 176256 176256 176256 176256 176256 176256 176256 176256 176256 0 0 0 176256 352512 528768 705024 881280 1057536 1233792 1410048 1586304 1762560 1938816 2115072 2291328 2467584 2643840 2820096 2996352 3172608 3348864 3525120 3701376 3877632 4053888 4230144 4406400 4582656 4758912 4935168 5111424 5258304 5258304 
15 compute 91011246835
15 comm_size 32
15 allReduce 4 2663197470
15 compute 66332361
15 compute 346
15 allToAllV 13262850 414465 414465 414465 414465 414465 414465 414465 414465 414465 414465 414465 414465 414465 414465 414465 414465 414465 414465 414465 414465 414465 414465 414465 414465 414465 414465 414465 414465 414465 414450 414450 414450  13097094  414465 414465 414465 414465 414465 414465 414465 414465 414465 414465 414465 414465 414465 414465 414465 414465 414465 414465 414465 414465 414465 414465 414465 414465 414465 386834 386834 386834 386834 386834 386834 386834 
15 compute 917205
15 comm_size 32
15 allReduce 223729 205110096
15 compute 11184
15 comm_size 32
15 allReduce 1 83321521
15 compute 10442
15 compute 346
15 allToAllV 13097094 414465 414465 414465 414465 414465 414465 414465 414465 414465 414465 414465 414465 414465 414465 414465 414465 414465 414465 414465 414465 414465 414465 414465 414465 414465 386834 386834 386834 386834 386834 386834 386834  13262850  414465 414465 414465 414465 414465 414465 414465 414465 414465 414465 414465 414465 414465 414465 414465 414465 414465 414465 414465 414465 414465 414465 414465 414465 414465 414465 414465 414465 414465 414450 414450 414450 
15 compute 289811628840
15 comm_size 32
15 allReduce 2 7513316924
15 compute 66335671
15 compute 346
15 allToAllV 13262850 414465 414465 414465 414465 414465 414465 414465 414465 414465 414465 414465 414465 414465 414465 414465 414465 414465 414465 414465 414465 414465 414465 414465 414465 414465 414465 414465 414465 414465 414450 414450 414450  13097094  414465 414465 414465 414465 414465 414465 414465 414465 414465 414465 414465 414465 414465 414465 414465 414465 414465 414465 414465 414465 414465 414465 414465 414465 414465 386834 386834 386834 386834 386834 386834 386834 
15 compute 508141777
15 comm_size 32
15 allReduce 7 64505105
15 compute 1020352052
15 comm_size 32
15 allReduce 223729 286954287
15 compute 10183973
15 compute 346
15 allToAllV 13097094 414465 414465 414465 414465 414465 414465 414465 414465 414465 414465 414465 414465 414465 414465 414465 414465 414465 414465 414465 414465 414465 414465 414465 414465 414465 386834 386834 386834 386834 386834 386834 386834  13262850  414465 414465 414465 414465 414465 414465 414465 414465 414465 414465 414465 414465 414465 414465 414465 414465 414465 414465 414465 414465 414465 414465 414465 414465 414465 414465 414465 414465 414465 414450 414450 414450 
15 compute 31413024955
15 compute 336
15 reduceScatter 176256 176256 176256 176256 176256 176256 176256 176256 176256 176256 176256 176256 176256 176256 176256 176256 176256 176256 176256 176256 176256 176256 176256 176256 176256 176256 176256 176256 176256 176256 0 0 2671479957 
15 compute 25445723
15 comm_size 32
15 allReduce 2 405210002
15 compute 21530249
15 allToAll 13824 13824 
15 compute 72648150
15 allToAll 13824 13824 
15 compute 20697243
15 comm_size 32
15 allReduce 1 8577205
15 compute 1064153
15 compute 344
15 allGatherV 176256 176256 176256 176256 176256 176256 176256 176256 176256 176256 176256 176256 176256 176256 176256 176256 176256 176256 176256 176256 176256 176256 176256 176256 176256 176256 176256 176256 176256 176256 176256 0 0 0 176256 352512 528768 705024 881280 1057536 1233792 1410048 1586304 1762560 1938816 2115072 2291328 2467584 2643840 2820096 2996352 3172608 3348864 3525120 3701376 3877632 4053888 4230144 4406400 4582656 4758912 4935168 5111424 5258304 5258304 
15 compute 91011246845
15 comm_size 32
15 allReduce 4 2711238384
15 compute 66332361
15 compute 346
15 allToAllV 13262850 414465 414465 414465 414465 414465 414465 414465 414465 414465 414465 414465 414465 414465 414465 414465 414465 414465 414465 414465 414465 414465 414465 414465 414465 414465 414465 414465 414465 414465 414450 414450 414450  13097094  414465 414465 414465 414465 414465 414465 414465 414465 414465 414465 414465 414465 414465 414465 414465 414465 414465 414465 414465 414465 414465 414465 414465 414465 414465 386834 386834 386834 386834 386834 386834 386834 
15 compute 917206
15 comm_size 32
15 allReduce 223729 197341582
15 compute 11184
15 comm_size 32
15 allReduce 1 96598104
15 compute 10442
15 compute 346
15 allToAllV 13097094 414465 414465 414465 414465 414465 414465 414465 414465 414465 414465 414465 414465 414465 414465 414465 414465 414465 414465 414465 414465 414465 414465 414465 414465 414465 386834 386834 386834 386834 386834 386834 386834  13262850  414465 414465 414465 414465 414465 414465 414465 414465 414465 414465 414465 414465 414465 414465 414465 414465 414465 414465 414465 414465 414465 414465 414465 414465 414465 414465 414465 414465 414465 414450 414450 414450 
15 compute 289811628793
15 comm_size 32
15 allReduce 2 7518578516
15 compute 66335672
15 compute 346
15 allToAllV 13262850 414465 414465 414465 414465 414465 414465 414465 414465 414465 414465 414465 414465 414465 414465 414465 414465 414465 414465 414465 414465 414465 414465 414465 414465 414465 414465 414465 414465 414465 414450 414450 414450  13097094  414465 414465 414465 414465 414465 414465 414465 414465 414465 414465 414465 414465 414465 414465 414465 414465 414465 414465 414465 414465 414465 414465 414465 414465 414465 386834 386834 386834 386834 386834 386834 386834 
15 compute 508116843
15 comm_size 32
15 allReduce 7 73302389
15 compute 1020352219
15 comm_size 32
15 allReduce 223729 250311990
15 compute 10183846
15 compute 346
15 allToAllV 13097094 414465 414465 414465 414465 414465 414465 414465 414465 414465 414465 414465 414465 414465 414465 414465 414465 414465 414465 414465 414465 414465 414465 414465 414465 414465 386834 386834 386834 386834 386834 386834 386834  13262850  414465 414465 414465 414465 414465 414465 414465 414465 414465 414465 414465 414465 414465 414465 414465 414465 414465 414465 414465 414465 414465 414465 414465 414465 414465 414465 414465 414465 414465 414450 414450 414450 
15 compute 31413024818
15 compute 336
15 reduceScatter 176256 176256 176256 176256 176256 176256 176256 176256 176256 176256 176256 176256 176256 176256 176256 176256 176256 176256 176256 176256 176256 176256 176256 176256 176256 176256 176256 176256 176256 176256 0 0 2598433462 
15 compute 25444663
15 comm_size 32
15 allReduce 2 390865954
15 compute 21530239
15 allToAll 13824 13824 
15 compute 72648150
15 allToAll 13824 13824 
15 compute 20697243
15 comm_size 32
15 allReduce 1 1714069
15 compute 1064155
15 compute 344
15 allGatherV 176256 176256 176256 176256 176256 176256 176256 176256 176256 176256 176256 176256 176256 176256 176256 176256 176256 176256 176256 176256 176256 176256 176256 176256 176256 176256 176256 176256 176256 176256 176256 0 0 0 176256 352512 528768 705024 881280 1057536 1233792 1410048 1586304 1762560 1938816 2115072 2291328 2467584 2643840 2820096 2996352 3172608 3348864 3525120 3701376 3877632 4053888 4230144 4406400 4582656 4758912 4935168 5111424 5258304 5258304 
15 compute 91011246841
15 comm_size 32
15 allReduce 4 2900616855
15 compute 66332361
15 compute 346
15 allToAllV 13262850 414465 414465 414465 414465 414465 414465 414465 414465 414465 414465 414465 414465 414465 414465 414465 414465 414465 414465 414465 414465 414465 414465 414465 414465 414465 414465 414465 414465 414465 414450 414450 414450  13097094  414465 414465 414465 414465 414465 414465 414465 414465 414465 414465 414465 414465 414465 414465 414465 414465 414465 414465 414465 414465 414465 414465 414465 414465 414465 386834 386834 386834 386834 386834 386834 386834 
15 compute 917205
15 comm_size 32
15 allReduce 223729 176327170
15 compute 11177
15 comm_size 32
15 allReduce 1 62683102
15 compute 10442
15 compute 346
15 allToAllV 13097094 414465 414465 414465 414465 414465 414465 414465 414465 414465 414465 414465 414465 414465 414465 414465 414465 414465 414465 414465 414465 414465 414465 414465 414465 414465 386834 386834 386834 386834 386834 386834 386834  13262850  414465 414465 414465 414465 414465 414465 414465 414465 414465 414465 414465 414465 414465 414465 414465 414465 414465 414465 414465 414465 414465 414465 414465 414465 414465 414465 414465 414465 414465 414450 414450 414450 
15 compute 289811628797
15 comm_size 32
15 allReduce 2 7917159532
15 compute 66335671
15 compute 346
15 allToAllV 13262850 414465 414465 414465 414465 414465 414465 414465 414465 414465 414465 414465 414465 414465 414465 414465 414465 414465 414465 414465 414465 414465 414465 414465 414465 414465 414465 414465 414465 414465 414450 414450 414450  13097094  414465 414465 414465 414465 414465 414465 414465 414465 414465 414465 414465 414465 414465 414465 414465 414465 414465 414465 414465 414465 414465 414465 414465 414465 414465 386834 386834 386834 386834 386834 386834 386834 
15 compute 508116853
15 comm_size 32
15 allReduce 7 86968387
15 compute 1020352074
15 comm_size 32
15 allReduce 223729 230447615
15 compute 10183964
15 compute 346
15 allToAllV 13097094 414465 414465 414465 414465 414465 414465 414465 414465 414465 414465 414465 414465 414465 414465 414465 414465 414465 414465 414465 414465 414465 414465 414465 414465 414465 386834 386834 386834 386834 386834 386834 386834  13262850  414465 414465 414465 414465 414465 414465 414465 414465 414465 414465 414465 414465 414465 414465 414465 414465 414465 414465 414465 414465 414465 414465 414465 414465 414465 414465 414465 414465 414465 414450 414450 414450 
15 compute 31413025019
15 compute 336
15 reduceScatter 176256 176256 176256 176256 176256 176256 176256 176256 176256 176256 176256 176256 176256 176256 176256 176256 176256 176256 176256 176256 176256 176256 176256 176256 176256 176256 176256 176256 176256 176256 0 0 2506780066 
15 compute 25716655
15 comm_size 32
15 allReduce 2 404049467
15 compute 21530248
15 allToAll 13824 13824 
15 compute 72648152
15 allToAll 13824 13824 
15 compute 20697244
15 comm_size 32
15 allReduce 1 3325096
15 compute 1064154
15 compute 344
15 allGatherV 176256 176256 176256 176256 176256 176256 176256 176256 176256 176256 176256 176256 176256 176256 176256 176256 176256 176256 176256 176256 176256 176256 176256 176256 176256 176256 176256 176256 176256 176256 176256 0 0 0 176256 352512 528768 705024 881280 1057536 1233792 1410048 1586304 1762560 1938816 2115072 2291328 2467584 2643840 2820096 2996352 3172608 3348864 3525120 3701376 3877632 4053888 4230144 4406400 4582656 4758912 4935168 5111424 5258304 5258304 
15 compute 91011246907
15 comm_size 32
15 allReduce 4 2747736452
15 compute 66332361
15 compute 346
15 allToAllV 13262850 414465 414465 414465 414465 414465 414465 414465 414465 414465 414465 414465 414465 414465 414465 414465 414465 414465 414465 414465 414465 414465 414465 414465 414465 414465 414465 414465 414465 414465 414450 414450 414450  13097094  414465 414465 414465 414465 414465 414465 414465 414465 414465 414465 414465 414465 414465 414465 414465 414465 414465 414465 414465 414465 414465 414465 414465 414465 414465 386834 386834 386834 386834 386834 386834 386834 
15 compute 917205
15 comm_size 32
15 allReduce 223729 208350670
15 compute 11184
15 comm_size 32
15 allReduce 1 72697751
15 compute 10442
15 compute 346
15 allToAllV 13097094 414465 414465 414465 414465 414465 414465 414465 414465 414465 414465 414465 414465 414465 414465 414465 414465 414465 414465 414465 414465 414465 414465 414465 414465 414465 386834 386834 386834 386834 386834 386834 386834  13262850  414465 414465 414465 414465 414465 414465 414465 414465 414465 414465 414465 414465 414465 414465 414465 414465 414465 414465 414465 414465 414465 414465 414465 414465 414465 414465 414465 414465 414465 414450 414450 414450 
15 compute 289811629031
15 comm_size 32
15 allReduce 2 7503719848
15 compute 66335672
15 compute 346
15 allToAllV 13262850 414465 414465 414465 414465 414465 414465 414465 414465 414465 414465 414465 414465 414465 414465 414465 414465 414465 414465 414465 414465 414465 414465 414465 414465 414465 414465 414465 414465 414465 414450 414450 414450  13097094  414465 414465 414465 414465 414465 414465 414465 414465 414465 414465 414465 414465 414465 414465 414465 414465 414465 414465 414465 414465 414465 414465 414465 414465 414465 386834 386834 386834 386834 386834 386834 386834 
15 compute 508116855
15 comm_size 32
15 allReduce 7 78803986
15 compute 1020352218
15 comm_size 32
15 allReduce 223729 259839787
15 compute 10183825
15 compute 346
15 allToAllV 13097094 414465 414465 414465 414465 414465 414465 414465 414465 414465 414465 414465 414465 414465 414465 414465 414465 414465 414465 414465 414465 414465 414465 414465 414465 414465 386834 386834 386834 386834 386834 386834 386834  13262850  414465 414465 414465 414465 414465 414465 414465 414465 414465 414465 414465 414465 414465 414465 414465 414465 414465 414465 414465 414465 414465 414465 414465 414465 414465 414465 414465 414465 414465 414450 414450 414450 
15 compute 66332130
15 compute 1282
15 gather 133 133 0 
15 compute 31346695061
15 compute 336
15 reduceScatter 176256 176256 176256 176256 176256 176256 176256 176256 176256 176256 176256 176256 176256 176256 176256 176256 176256 176256 176256 176256 176256 176256 176256 176256 176256 176256 176256 176256 176256 176256 0 0 2594081097 
15 compute 25721067
15 comm_size 32
15 allReduce 2 395812733
15 compute 21530195
15 allToAll 13824 13824 
15 compute 72648031
15 allToAll 13824 13824 
15 compute 20697224
15 comm_size 32
15 allReduce 1 2539612
15 compute 1064173
15 compute 344
15 allGatherV 176256 176256 176256 176256 176256 176256 176256 176256 176256 176256 176256 176256 176256 176256 176256 176256 176256 176256 176256 176256 176256 176256 176256 176256 176256 176256 176256 176256 176256 176256 176256 0 0 0 176256 352512 528768 705024 881280 1057536 1233792 1410048 1586304 1762560 1938816 2115072 2291328 2467584 2643840 2820096 2996352 3172608 3348864 3525120 3701376 3877632 4053888 4230144 4406400 4582656 4758912 4935168 5111424 5258304 5258304 
15 compute 91011247071
15 comm_size 32
15 allReduce 4 2793222804
15 compute 66332318
15 compute 346
15 allToAllV 13262850 414465 414465 414465 414465 414465 414465 414465 414465 414465 414465 414465 414465 414465 414465 414465 414465 414465 414465 414465 414465 414465 414465 414465 414465 414465 414465 414465 414465 414465 414450 414450 414450  13097094  414465 414465 414465 414465 414465 414465 414465 414465 414465 414465 414465 414465 414465 414465 414465 414465 414465 414465 414465 414465 414465 414465 414465 414465 414465 386834 386834 386834 386834 386834 386834 386834 
15 compute 910076
15 comm_size 32
15 allReduce 223729 245556797
15 compute 1567887326
15 comm_size 32
15 allReduce 1 71460364
15 compute 9548
15 compute 346
15 allToAllV 13097094 414465 414465 414465 414465 414465 414465 414465 414465 414465 414465 414465 414465 414465 414465 414465 414465 414465 414465 414465 414465 414465 414465 414465 414465 414465 386834 386834 386834 386834 386834 386834 386834  13262850  414465 414465 414465 414465 414465 414465 414465 414465 414465 414465 414465 414465 414465 414465 414465 414465 414465 414465 414465 414465 414465 414465 414465 414465 414465 414465 414465 414465 414465 414450 414450 414450 
15 compute 66332112
15 comm_size 32
15 bcast 473 31 0
15 compute 337
15 barrier
15 compute 31293655134
15 compute 336
15 reduceScatter 176256 176256 176256 176256 176256 176256 176256 176256 176256 176256 176256 176256 176256 176256 176256 176256 176256 176256 176256 176256 176256 176256 176256 176256 176256 176256 176256 176256 176256 176256 0 0 2819473151 
15 compute 21791062
15 allToAll 13824 13824 
15 compute 72648167
15 allToAll 13824 13824 
15 compute 20516781
15 comm_size 32
15 allReduce 1 5248718
15 compute 987
15 comm_size 32
15 allReduce 6 1087705
15 compute 4215
15 compute 344
15 allGatherV 176256 176256 176256 176256 176256 176256 176256 176256 176256 176256 176256 176256 176256 176256 176256 176256 176256 176256 176256 176256 176256 176256 176256 176256 176256 176256 176256 176256 176256 176256 176256 0 0 0 176256 352512 528768 705024 881280 1057536 1233792 1410048 1586304 1762560 1938816 2115072 2291328 2467584 2643840 2820096 2996352 3172608 3348864 3525120 3701376 3877632 4053888 4230144 4406400 4582656 4758912 4935168 5111424 5258304 5258304 
15 compute 10305886063
15 comm_size 32
15 allReduce 795 613553352
15 compute 993
15 comm_size 32
15 allReduce 1 1292768
15 compute 47036
15 barrier
15 compute 504029
15 compute 1063
15 gather 133 133 0 
15 compute 2464
15 compute 451
15 gather 3 3 0 
15 compute 87104
15 barrier
15 compute 20396
15 barrier
15 compute 346
15 barrier
15 compute 2654
15 finalize