22 init 1
22 compute 127189
22 compute 2652
22 compute 336849
22 compute 13041192
22 comm_size 32
22 bcast 1
22 compute 25794
22 barrier
22 compute 22470
22 comm_size 32
22 bcast 1
22 compute 23734
22 barrier
22 compute 22688
22 comm_size 32
22 bcast 1
22 compute 23578
22 barrier
22 compute 22608
22 comm_size 32
22 bcast 1
22 compute 23662
22 barrier
22 compute 22692
22 comm_size 32
22 bcast 1
22 compute 23695
22 barrier
22 compute 22764
22 comm_size 32
22 bcast 1
22 compute 23664
22 barrier
22 compute 22552
22 comm_size 32
22 bcast 1
22 compute 23436
22 barrier
22 compute 426
22 barrier
22 compute 165468
22 barrier
22 compute 20189444
22 barrier
22 compute 97259
22 comm_size 32
22 bcast 1
22 compute 378344
22 barrier
22 compute 12857
22 comm_size 32
22 bcast 1
22 compute 46337
22 barrier
22 compute 1017010
22 barrier
22 compute 124196
22 gather 795 795 0 
22 compute 244528768
22 allToAll 1746 1746 
22 compute 276028
22 barrier
22 compute 409313850
22 comm_size 32
22 allReduce 32 21210529 1
22 compute 3038129064
22 compute 1525
22 allToAllV 13262850 414465 414465 414465 414465 414465 414465 414465 414465 414465 414465 414465 414465 414465 414465 414465 414465 414465 414465 414465 414465 414465 414465 414465 414465 414465 414465 414465 414465 414465 414450 414450 414450  13097094  414465 414465 414465 414465 414465 414465 414465 414465 414465 414465 414465 414465 414465 414465 414465 414465 414465 414465 414465 414465 414465 414465 414465 414465 414465 386834 386834 386834 386834 386834 386834 386834 
22 compute 1058646432
22 barrier
22 compute 7748
22 compute 332
22 allToAllV 13097094 414465 414465 414465 414465 414465 414465 414465 414465 414465 414465 414465 414465 414465 414465 414465 414465 414465 414465 414465 414465 414465 414465 414465 414465 414465 386834 386834 386834 386834 386834 386834 386834  13262850  414465 414465 414465 414465 414465 414465 414465 414465 414465 414465 414465 414465 414465 414465 414465 414465 414465 414465 414465 414465 414465 414465 414465 414465 414465 414465 414465 414465 414465 414450 414450 414450 
22 compute 915154399
22 barrier
22 compute 1444306844
22 allToAll 13824 13824 
22 compute 72648999
22 allToAll 13824 13824 
22 compute 20518738
22 comm_size 32
22 allReduce 1 8631733
22 compute 1373203364
22 comm_size 32
22 allReduce 795 60367712
22 compute 1488212129
22 comm_size 32
22 allReduce 2 63829458
22 compute 21530897
22 allToAll 13824 13824 
22 compute 72648612
22 allToAll 13824 13824 
22 compute 20517980
22 comm_size 32
22 allReduce 1 1900324
22 compute 67460267
22 comm_size 32
22 allReduce 32 4780370 1
22 compute 60481266360
22 compute 1717
22 reduceScatter 176256 176256 176256 176256 176256 176256 176256 176256 176256 176256 176256 176256 176256 176256 176256 176256 176256 176256 176256 176256 176256 176256 176256 176256 176256 176256 176256 176256 176256 176256 0 0 4258298861 
22 compute 25406714
22 comm_size 32
22 allReduce 2 139703449
22 compute 21530667
22 allToAll 13824 13824 
22 compute 72647120
22 allToAll 13824 13824 
22 compute 20697250
22 comm_size 32
22 allReduce 1 1717619
22 compute 1070155
22 compute 1377
22 allGatherV 176256 176256 176256 176256 176256 176256 176256 176256 176256 176256 176256 176256 176256 176256 176256 176256 176256 176256 176256 176256 176256 176256 176256 176256 176256 176256 176256 176256 176256 176256 176256 0 0 0 176256 352512 528768 705024 881280 1057536 1233792 1410048 1586304 1762560 1938816 2115072 2291328 2467584 2643840 2820096 2996352 3172608 3348864 3525120 3701376 3877632 4053888 4230144 4406400 4582656 4758912 4935168 5111424 5258304 5258304 
22 compute 175827369405
22 comm_size 32
22 allReduce 4 4843321222
22 compute 128288809
22 compute 332
22 allToAllV 25641510 801299 801299 801299 801299 801299 801299 801299 801299 801299 801299 801299 801299 801299 801299 801299 801299 801299 801299 801299 801299 801299 801299 801299 801299 801299 801299 801299 801299 801299 801270 801270 801270  25834985  828930 828930 828930 828930 828930 828930 801299 801299 801299 801299 801299 801299 801299 801299 801299 801299 801299 801299 801299 801299 801299 801299 801299 801299 801299 801299 801299 801299 801299 801299 801299 801299 
22 compute 128241642
22 compute 332
22 allToAllV 25641510 801299 801299 801299 801299 801299 801299 801299 801299 801299 801299 801299 801299 801299 801299 801299 801299 801299 801299 801299 801299 801299 801299 801299 801299 801299 801299 801299 801299 801299 801270 801270 801270  25834985  828930 828930 828930 828930 828930 828930 801299 801299 801299 801299 801299 801299 801299 801299 801299 801299 801299 801299 801299 801299 801299 801299 801299 801299 801299 801299 801299 801299 801299 801299 801299 801299 
22 compute 10047292
22 comm_size 32
22 allReduce 1729832 1110143448
22 compute 10273154319
22 comm_size 32
22 bcast 934 31 0
22 compute 337
22 barrier
22 compute 19327
22 comm_size 32
22 bcast 1729832
22 compute 1564481
22 comm_size 32
22 allReduce 223729 213950391
22 compute 10186731
22 compute 346
22 allToAllV 13097094 414465 414465 414465 414465 414465 414465 414465 414465 414465 414465 414465 414465 414465 414465 414465 414465 414465 414465 414465 414465 414465 414465 414465 414465 414465 386834 386834 386834 386834 386834 386834 386834  13262850  414465 414465 414465 414465 414465 414465 414465 414465 414465 414465 414465 414465 414465 414465 414465 414465 414465 414465 414465 414465 414465 414465 414465 414465 414465 414465 414465 414465 414465 414450 414450 414450 
22 compute 66461804
22 compute 1222
22 gather 133 133 0 
22 compute 31346724210
22 compute 336
22 reduceScatter 176256 176256 176256 176256 176256 176256 176256 176256 176256 176256 176256 176256 176256 176256 176256 176256 176256 176256 176256 176256 176256 176256 176256 176256 176256 176256 176256 176256 176256 176256 0 0 3333947113 
22 compute 25414667
22 comm_size 32
22 allReduce 2 158296923
22 compute 21530137
22 allToAll 13824 13824 
22 compute 72648152
22 allToAll 13824 13824 
22 compute 20697256
22 comm_size 32
22 allReduce 1 3127237
22 compute 1064156
22 compute 344
22 allGatherV 176256 176256 176256 176256 176256 176256 176256 176256 176256 176256 176256 176256 176256 176256 176256 176256 176256 176256 176256 176256 176256 176256 176256 176256 176256 176256 176256 176256 176256 176256 176256 0 0 0 176256 352512 528768 705024 881280 1057536 1233792 1410048 1586304 1762560 1938816 2115072 2291328 2467584 2643840 2820096 2996352 3172608 3348864 3525120 3701376 3877632 4053888 4230144 4406400 4582656 4758912 4935168 5111424 5258304 5258304 
22 compute 91011489730
22 comm_size 32
22 allReduce 4 2788753065
22 compute 66332372
22 compute 346
22 allToAllV 13262850 414465 414465 414465 414465 414465 414465 414465 414465 414465 414465 414465 414465 414465 414465 414465 414465 414465 414465 414465 414465 414465 414465 414465 414465 414465 414465 414465 414465 414465 414450 414450 414450  13097094  414465 414465 414465 414465 414465 414465 414465 414465 414465 414465 414465 414465 414465 414465 414465 414465 414465 414465 414465 414465 414465 414465 414465 414465 414465 386834 386834 386834 386834 386834 386834 386834 
22 compute 917098
22 comm_size 32
22 allReduce 223729 115969726
22 compute 11212
22 comm_size 32
22 allReduce 1 58296950
22 compute 10471
22 compute 346
22 allToAllV 13097094 414465 414465 414465 414465 414465 414465 414465 414465 414465 414465 414465 414465 414465 414465 414465 414465 414465 414465 414465 414465 414465 414465 414465 414465 414465 386834 386834 386834 386834 386834 386834 386834  13262850  414465 414465 414465 414465 414465 414465 414465 414465 414465 414465 414465 414465 414465 414465 414465 414465 414465 414465 414465 414465 414465 414465 414465 414465 414465 414465 414465 414465 414465 414450 414450 414450 
22 compute 289861818554
22 comm_size 32
22 allReduce 2 8737317106
22 compute 66335687
22 compute 346
22 allToAllV 13262850 414465 414465 414465 414465 414465 414465 414465 414465 414465 414465 414465 414465 414465 414465 414465 414465 414465 414465 414465 414465 414465 414465 414465 414465 414465 414465 414465 414465 414465 414450 414450 414450  13097094  414465 414465 414465 414465 414465 414465 414465 414465 414465 414465 414465 414465 414465 414465 414465 414465 414465 414465 414465 414465 414465 414465 414465 414465 414465 386834 386834 386834 386834 386834 386834 386834 
22 compute 116082746
22 comm_size 32
22 allReduce 7 39672055
22 compute 210072567
22 comm_size 32
22 allReduce 223729 166790938
22 compute 10178781
22 compute 346
22 allToAllV 13097094 414465 414465 414465 414465 414465 414465 414465 414465 414465 414465 414465 414465 414465 414465 414465 414465 414465 414465 414465 414465 414465 414465 414465 414465 414465 386834 386834 386834 386834 386834 386834 386834  13262850  414465 414465 414465 414465 414465 414465 414465 414465 414465 414465 414465 414465 414465 414465 414465 414465 414465 414465 414465 414465 414465 414465 414465 414465 414465 414465 414465 414465 414465 414450 414450 414450 
22 compute 31413029478
22 compute 336
22 reduceScatter 176256 176256 176256 176256 176256 176256 176256 176256 176256 176256 176256 176256 176256 176256 176256 176256 176256 176256 176256 176256 176256 176256 176256 176256 176256 176256 176256 176256 176256 176256 0 0 3412994239 
22 compute 25427301
22 comm_size 32
22 allReduce 2 153309259
22 compute 21530114
22 allToAll 13824 13824 
22 compute 72648154
22 allToAll 13824 13824 
22 compute 20697255
22 comm_size 32
22 allReduce 1 6454533
22 compute 1064156
22 compute 344
22 allGatherV 176256 176256 176256 176256 176256 176256 176256 176256 176256 176256 176256 176256 176256 176256 176256 176256 176256 176256 176256 176256 176256 176256 176256 176256 176256 176256 176256 176256 176256 176256 176256 0 0 0 176256 352512 528768 705024 881280 1057536 1233792 1410048 1586304 1762560 1938816 2115072 2291328 2467584 2643840 2820096 2996352 3172608 3348864 3525120 3701376 3877632 4053888 4230144 4406400 4582656 4758912 4935168 5111424 5258304 5258304 
22 compute 91011489628
22 comm_size 32
22 allReduce 4 2682065061
22 compute 66332372
22 compute 346
22 allToAllV 13262850 414465 414465 414465 414465 414465 414465 414465 414465 414465 414465 414465 414465 414465 414465 414465 414465 414465 414465 414465 414465 414465 414465 414465 414465 414465 414465 414465 414465 414465 414450 414450 414450  13097094  414465 414465 414465 414465 414465 414465 414465 414465 414465 414465 414465 414465 414465 414465 414465 414465 414465 414465 414465 414465 414465 414465 414465 414465 414465 386834 386834 386834 386834 386834 386834 386834 
22 compute 917096
22 comm_size 32
22 allReduce 223729 178367147
22 compute 11220
22 comm_size 32
22 allReduce 1 42154475
22 compute 10471
22 compute 346
22 allToAllV 13097094 414465 414465 414465 414465 414465 414465 414465 414465 414465 414465 414465 414465 414465 414465 414465 414465 414465 414465 414465 414465 414465 414465 414465 414465 414465 386834 386834 386834 386834 386834 386834 386834  13262850  414465 414465 414465 414465 414465 414465 414465 414465 414465 414465 414465 414465 414465 414465 414465 414465 414465 414465 414465 414465 414465 414465 414465 414465 414465 414465 414465 414465 414465 414450 414450 414450 
22 compute 289861802060
22 comm_size 32
22 allReduce 2 8684401736
22 compute 66335683
22 compute 346
22 allToAllV 13262850 414465 414465 414465 414465 414465 414465 414465 414465 414465 414465 414465 414465 414465 414465 414465 414465 414465 414465 414465 414465 414465 414465 414465 414465 414465 414465 414465 414465 414465 414450 414450 414450  13097094  414465 414465 414465 414465 414465 414465 414465 414465 414465 414465 414465 414465 414465 414465 414465 414465 414465 414465 414465 414465 414465 414465 414465 414465 414465 386834 386834 386834 386834 386834 386834 386834 
22 compute 194474152
22 comm_size 32
22 allReduce 7 20863715
22 compute 445334490
22 comm_size 32
22 allReduce 223729 775297991
22 compute 10178896
22 compute 346
22 allToAllV 13097094 414465 414465 414465 414465 414465 414465 414465 414465 414465 414465 414465 414465 414465 414465 414465 414465 414465 414465 414465 414465 414465 414465 414465 414465 414465 386834 386834 386834 386834 386834 386834 386834  13262850  414465 414465 414465 414465 414465 414465 414465 414465 414465 414465 414465 414465 414465 414465 414465 414465 414465 414465 414465 414465 414465 414465 414465 414465 414465 414465 414465 414465 414465 414450 414450 414450 
22 compute 31413029474
22 compute 336
22 reduceScatter 176256 176256 176256 176256 176256 176256 176256 176256 176256 176256 176256 176256 176256 176256 176256 176256 176256 176256 176256 176256 176256 176256 176256 176256 176256 176256 176256 176256 176256 176256 0 0 6117158678 
22 compute 25414765
22 comm_size 32
22 allReduce 2 430955965
22 compute 21530114
22 allToAll 13824 13824 
22 compute 72648150
22 allToAll 13824 13824 
22 compute 20697255
22 comm_size 32
22 allReduce 1 4801533
22 compute 1064157
22 compute 344
22 allGatherV 176256 176256 176256 176256 176256 176256 176256 176256 176256 176256 176256 176256 176256 176256 176256 176256 176256 176256 176256 176256 176256 176256 176256 176256 176256 176256 176256 176256 176256 176256 176256 0 0 0 176256 352512 528768 705024 881280 1057536 1233792 1410048 1586304 1762560 1938816 2115072 2291328 2467584 2643840 2820096 2996352 3172608 3348864 3525120 3701376 3877632 4053888 4230144 4406400 4582656 4758912 4935168 5111424 5258304 5258304 
22 compute 91011489624
22 comm_size 32
22 allReduce 4 2659594116
22 compute 66332372
22 compute 346
22 allToAllV 13262850 414465 414465 414465 414465 414465 414465 414465 414465 414465 414465 414465 414465 414465 414465 414465 414465 414465 414465 414465 414465 414465 414465 414465 414465 414465 414465 414465 414465 414465 414450 414450 414450  13097094  414465 414465 414465 414465 414465 414465 414465 414465 414465 414465 414465 414465 414465 414465 414465 414465 414465 414465 414465 414465 414465 414465 414465 414465 414465 386834 386834 386834 386834 386834 386834 386834 
22 compute 917096
22 comm_size 32
22 allReduce 223729 274344453
22 compute 11221
22 comm_size 32
22 allReduce 1 73332740
22 compute 10471
22 compute 346
22 allToAllV 13097094 414465 414465 414465 414465 414465 414465 414465 414465 414465 414465 414465 414465 414465 414465 414465 414465 414465 414465 414465 414465 414465 414465 414465 414465 414465 386834 386834 386834 386834 386834 386834 386834  13262850  414465 414465 414465 414465 414465 414465 414465 414465 414465 414465 414465 414465 414465 414465 414465 414465 414465 414465 414465 414465 414465 414465 414465 414465 414465 414465 414465 414465 414465 414450 414450 414450 
22 compute 289861802054
22 comm_size 32
22 allReduce 2 8227320518
22 compute 66335683
22 compute 346
22 allToAllV 13262850 414465 414465 414465 414465 414465 414465 414465 414465 414465 414465 414465 414465 414465 414465 414465 414465 414465 414465 414465 414465 414465 414465 414465 414465 414465 414465 414465 414465 414465 414450 414450 414450  13097094  414465 414465 414465 414465 414465 414465 414465 414465 414465 414465 414465 414465 414465 414465 414465 414465 414465 414465 414465 414465 414465 414465 414465 414465 414465 386834 386834 386834 386834 386834 386834 386834 
22 compute 272891087
22 comm_size 32
22 allReduce 7 40833350
22 compute 602162990
22 comm_size 32
22 allReduce 223729 827218159
22 compute 10178810
22 compute 346
22 allToAllV 13097094 414465 414465 414465 414465 414465 414465 414465 414465 414465 414465 414465 414465 414465 414465 414465 414465 414465 414465 414465 414465 414465 414465 414465 414465 414465 386834 386834 386834 386834 386834 386834 386834  13262850  414465 414465 414465 414465 414465 414465 414465 414465 414465 414465 414465 414465 414465 414465 414465 414465 414465 414465 414465 414465 414465 414465 414465 414465 414465 414465 414465 414465 414465 414450 414450 414450 
22 compute 31413029494
22 compute 336
22 reduceScatter 176256 176256 176256 176256 176256 176256 176256 176256 176256 176256 176256 176256 176256 176256 176256 176256 176256 176256 176256 176256 176256 176256 176256 176256 176256 176256 176256 176256 176256 176256 0 0 6597927091 
22 compute 25432831
22 comm_size 32
22 allReduce 2 196154123
22 compute 21530147
22 allToAll 13824 13824 
22 compute 72648156
22 allToAll 13824 13824 
22 compute 20697257
22 comm_size 32
22 allReduce 1 4828813
22 compute 1064157
22 compute 344
22 allGatherV 176256 176256 176256 176256 176256 176256 176256 176256 176256 176256 176256 176256 176256 176256 176256 176256 176256 176256 176256 176256 176256 176256 176256 176256 176256 176256 176256 176256 176256 176256 176256 0 0 0 176256 352512 528768 705024 881280 1057536 1233792 1410048 1586304 1762560 1938816 2115072 2291328 2467584 2643840 2820096 2996352 3172608 3348864 3525120 3701376 3877632 4053888 4230144 4406400 4582656 4758912 4935168 5111424 5258304 5258304 
22 compute 91011489638
22 comm_size 32
22 allReduce 4 2718751594
22 compute 66332374
22 compute 346
22 allToAllV 13262850 414465 414465 414465 414465 414465 414465 414465 414465 414465 414465 414465 414465 414465 414465 414465 414465 414465 414465 414465 414465 414465 414465 414465 414465 414465 414465 414465 414465 414465 414450 414450 414450  13097094  414465 414465 414465 414465 414465 414465 414465 414465 414465 414465 414465 414465 414465 414465 414465 414465 414465 414465 414465 414465 414465 414465 414465 414465 414465 386834 386834 386834 386834 386834 386834 386834 
22 compute 917096
22 comm_size 32
22 allReduce 223729 207875925
22 compute 11221
22 comm_size 32
22 allReduce 1 48883597
22 compute 10471
22 compute 346
22 allToAllV 13097094 414465 414465 414465 414465 414465 414465 414465 414465 414465 414465 414465 414465 414465 414465 414465 414465 414465 414465 414465 414465 414465 414465 414465 414465 414465 386834 386834 386834 386834 386834 386834 386834  13262850  414465 414465 414465 414465 414465 414465 414465 414465 414465 414465 414465 414465 414465 414465 414465 414465 414465 414465 414465 414465 414465 414465 414465 414465 414465 414465 414465 414465 414465 414450 414450 414450 
22 compute 289861802052
22 comm_size 32
22 allReduce 2 8238642640
22 compute 66335682
22 compute 346
22 allToAllV 13262850 414465 414465 414465 414465 414465 414465 414465 414465 414465 414465 414465 414465 414465 414465 414465 414465 414465 414465 414465 414465 414465 414465 414465 414465 414465 414465 414465 414465 414465 414450 414450 414450  13097094  414465 414465 414465 414465 414465 414465 414465 414465 414465 414465 414465 414465 414465 414465 414465 414465 414465 414465 414465 414465 414465 414465 414465 414465 414465 386834 386834 386834 386834 386834 386834 386834 
22 compute 351307999
22 comm_size 32
22 allReduce 7 69197718
22 compute 758998268
22 comm_size 32
22 allReduce 223729 216623884
22 compute 10178806
22 compute 346
22 allToAllV 13097094 414465 414465 414465 414465 414465 414465 414465 414465 414465 414465 414465 414465 414465 414465 414465 414465 414465 414465 414465 414465 414465 414465 414465 414465 414465 386834 386834 386834 386834 386834 386834 386834  13262850  414465 414465 414465 414465 414465 414465 414465 414465 414465 414465 414465 414465 414465 414465 414465 414465 414465 414465 414465 414465 414465 414465 414465 414465 414465 414465 414465 414465 414465 414450 414450 414450 
22 compute 31413029493
22 compute 336
22 reduceScatter 176256 176256 176256 176256 176256 176256 176256 176256 176256 176256 176256 176256 176256 176256 176256 176256 176256 176256 176256 176256 176256 176256 176256 176256 176256 176256 176256 176256 176256 176256 0 0 2913627156 
22 compute 25447617
22 comm_size 32
22 allReduce 2 155951377
22 compute 21530147
22 allToAll 13824 13824 
22 compute 72648158
22 allToAll 13824 13824 
22 compute 20697262
22 comm_size 32
22 allReduce 1 2319584
22 compute 1064157
22 compute 344
22 allGatherV 176256 176256 176256 176256 176256 176256 176256 176256 176256 176256 176256 176256 176256 176256 176256 176256 176256 176256 176256 176256 176256 176256 176256 176256 176256 176256 176256 176256 176256 176256 176256 0 0 0 176256 352512 528768 705024 881280 1057536 1233792 1410048 1586304 1762560 1938816 2115072 2291328 2467584 2643840 2820096 2996352 3172608 3348864 3525120 3701376 3877632 4053888 4230144 4406400 4582656 4758912 4935168 5111424 5258304 5258304 
22 compute 91011489626
22 comm_size 32
22 allReduce 4 2583622792
22 compute 66332372
22 compute 346
22 allToAllV 13262850 414465 414465 414465 414465 414465 414465 414465 414465 414465 414465 414465 414465 414465 414465 414465 414465 414465 414465 414465 414465 414465 414465 414465 414465 414465 414465 414465 414465 414465 414450 414450 414450  13097094  414465 414465 414465 414465 414465 414465 414465 414465 414465 414465 414465 414465 414465 414465 414465 414465 414465 414465 414465 414465 414465 414465 414465 414465 414465 386834 386834 386834 386834 386834 386834 386834 
22 compute 917096
22 comm_size 32
22 allReduce 223729 190212720
22 compute 11221
22 comm_size 32
22 allReduce 1 51244505
22 compute 10471
22 compute 346
22 allToAllV 13097094 414465 414465 414465 414465 414465 414465 414465 414465 414465 414465 414465 414465 414465 414465 414465 414465 414465 414465 414465 414465 414465 414465 414465 414465 414465 386834 386834 386834 386834 386834 386834 386834  13262850  414465 414465 414465 414465 414465 414465 414465 414465 414465 414465 414465 414465 414465 414465 414465 414465 414465 414465 414465 414465 414465 414465 414465 414465 414465 414465 414465 414465 414465 414450 414450 414450 
22 compute 289861802052
22 comm_size 32
22 allReduce 2 8445855549
22 compute 66335682
22 compute 346
22 allToAllV 13262850 414465 414465 414465 414465 414465 414465 414465 414465 414465 414465 414465 414465 414465 414465 414465 414465 414465 414465 414465 414465 414465 414465 414465 414465 414465 414465 414465 414465 414465 414450 414450 414450  13097094  414465 414465 414465 414465 414465 414465 414465 414465 414465 414465 414465 414465 414465 414465 414465 414465 414465 414465 414465 414465 414465 414465 414465 414465 414465 386834 386834 386834 386834 386834 386834 386834 
22 compute 429724930
22 comm_size 32
22 allReduce 7 66300894
22 compute 915833965
22 comm_size 32
22 allReduce 223729 228789921
22 compute 10178923
22 compute 346
22 allToAllV 13097094 414465 414465 414465 414465 414465 414465 414465 414465 414465 414465 414465 414465 414465 414465 414465 414465 414465 414465 414465 414465 414465 414465 414465 414465 414465 386834 386834 386834 386834 386834 386834 386834  13262850  414465 414465 414465 414465 414465 414465 414465 414465 414465 414465 414465 414465 414465 414465 414465 414465 414465 414465 414465 414465 414465 414465 414465 414465 414465 414465 414465 414465 414465 414450 414450 414450 
22 compute 31413029476
22 compute 336
22 reduceScatter 176256 176256 176256 176256 176256 176256 176256 176256 176256 176256 176256 176256 176256 176256 176256 176256 176256 176256 176256 176256 176256 176256 176256 176256 176256 176256 176256 176256 176256 176256 0 0 2790084134 
22 compute 25434240
22 comm_size 32
22 allReduce 2 156551456
22 compute 21530125
22 allToAll 13824 13824 
22 compute 72648157
22 allToAll 13824 13824 
22 compute 20697258
22 comm_size 32
22 allReduce 1 2283036
22 compute 1064157
22 compute 344
22 allGatherV 176256 176256 176256 176256 176256 176256 176256 176256 176256 176256 176256 176256 176256 176256 176256 176256 176256 176256 176256 176256 176256 176256 176256 176256 176256 176256 176256 176256 176256 176256 176256 0 0 0 176256 352512 528768 705024 881280 1057536 1233792 1410048 1586304 1762560 1938816 2115072 2291328 2467584 2643840 2820096 2996352 3172608 3348864 3525120 3701376 3877632 4053888 4230144 4406400 4582656 4758912 4935168 5111424 5258304 5258304 
22 compute 91011489623
22 comm_size 32
22 allReduce 4 2639882648
22 compute 66332374
22 compute 346
22 allToAllV 13262850 414465 414465 414465 414465 414465 414465 414465 414465 414465 414465 414465 414465 414465 414465 414465 414465 414465 414465 414465 414465 414465 414465 414465 414465 414465 414465 414465 414465 414465 414450 414450 414450  13097094  414465 414465 414465 414465 414465 414465 414465 414465 414465 414465 414465 414465 414465 414465 414465 414465 414465 414465 414465 414465 414465 414465 414465 414465 414465 386834 386834 386834 386834 386834 386834 386834 
22 compute 917098
22 comm_size 32
22 allReduce 223729 176429738
22 compute 11220
22 comm_size 32
22 allReduce 1 49228055
22 compute 10471
22 compute 346
22 allToAllV 13097094 414465 414465 414465 414465 414465 414465 414465 414465 414465 414465 414465 414465 414465 414465 414465 414465 414465 414465 414465 414465 414465 414465 414465 414465 414465 386834 386834 386834 386834 386834 386834 386834  13262850  414465 414465 414465 414465 414465 414465 414465 414465 414465 414465 414465 414465 414465 414465 414465 414465 414465 414465 414465 414465 414465 414465 414465 414465 414465 414465 414465 414465 414465 414450 414450 414450 
22 compute 289861802089
22 comm_size 32
22 allReduce 2 8063728239
22 compute 66335682
22 compute 346
22 allToAllV 13262850 414465 414465 414465 414465 414465 414465 414465 414465 414465 414465 414465 414465 414465 414465 414465 414465 414465 414465 414465 414465 414465 414465 414465 414465 414465 414465 414465 414465 414465 414450 414450 414450  13097094  414465 414465 414465 414465 414465 414465 414465 414465 414465 414465 414465 414465 414465 414465 414465 414465 414465 414465 414465 414465 414465 414465 414465 414465 414465 386834 386834 386834 386834 386834 386834 386834 
22 compute 508141847
22 comm_size 32
22 allReduce 7 69164306
22 compute 1020352256
22 comm_size 32
22 allReduce 223729 224145671
22 compute 10178826
22 compute 346
22 allToAllV 13097094 414465 414465 414465 414465 414465 414465 414465 414465 414465 414465 414465 414465 414465 414465 414465 414465 414465 414465 414465 414465 414465 414465 414465 414465 414465 386834 386834 386834 386834 386834 386834 386834  13262850  414465 414465 414465 414465 414465 414465 414465 414465 414465 414465 414465 414465 414465 414465 414465 414465 414465 414465 414465 414465 414465 414465 414465 414465 414465 414465 414465 414465 414465 414450 414450 414450 
22 compute 31413029468
22 compute 336
22 reduceScatter 176256 176256 176256 176256 176256 176256 176256 176256 176256 176256 176256 176256 176256 176256 176256 176256 176256 176256 176256 176256 176256 176256 176256 176256 176256 176256 176256 176256 176256 176256 0 0 2923052021 
22 compute 25442733
22 comm_size 32
22 allReduce 2 158484147
22 compute 21530114
22 allToAll 13824 13824 
22 compute 72648157
22 allToAll 13824 13824 
22 compute 20697256
22 comm_size 32
22 allReduce 1 6815222
22 compute 1064157
22 compute 344
22 allGatherV 176256 176256 176256 176256 176256 176256 176256 176256 176256 176256 176256 176256 176256 176256 176256 176256 176256 176256 176256 176256 176256 176256 176256 176256 176256 176256 176256 176256 176256 176256 176256 0 0 0 176256 352512 528768 705024 881280 1057536 1233792 1410048 1586304 1762560 1938816 2115072 2291328 2467584 2643840 2820096 2996352 3172608 3348864 3525120 3701376 3877632 4053888 4230144 4406400 4582656 4758912 4935168 5111424 5258304 5258304 
22 compute 91011489626
22 comm_size 32
22 allReduce 4 2645270958
22 compute 66332372
22 compute 346
22 allToAllV 13262850 414465 414465 414465 414465 414465 414465 414465 414465 414465 414465 414465 414465 414465 414465 414465 414465 414465 414465 414465 414465 414465 414465 414465 414465 414465 414465 414465 414465 414465 414450 414450 414450  13097094  414465 414465 414465 414465 414465 414465 414465 414465 414465 414465 414465 414465 414465 414465 414465 414465 414465 414465 414465 414465 414465 414465 414465 414465 414465 386834 386834 386834 386834 386834 386834 386834 
22 compute 917096
22 comm_size 32
22 allReduce 223729 188156485
22 compute 11212
22 comm_size 32
22 allReduce 1 88413415
22 compute 10471
22 compute 346
22 allToAllV 13097094 414465 414465 414465 414465 414465 414465 414465 414465 414465 414465 414465 414465 414465 414465 414465 414465 414465 414465 414465 414465 414465 414465 414465 414465 414465 386834 386834 386834 386834 386834 386834 386834  13262850  414465 414465 414465 414465 414465 414465 414465 414465 414465 414465 414465 414465 414465 414465 414465 414465 414465 414465 414465 414465 414465 414465 414465 414465 414465 414465 414465 414465 414465 414450 414450 414450 
22 compute 289861802059
22 comm_size 32
22 allReduce 2 8069148121
22 compute 66335683
22 compute 346
22 allToAllV 13262850 414465 414465 414465 414465 414465 414465 414465 414465 414465 414465 414465 414465 414465 414465 414465 414465 414465 414465 414465 414465 414465 414465 414465 414465 414465 414465 414465 414465 414465 414450 414450 414450  13097094  414465 414465 414465 414465 414465 414465 414465 414465 414465 414465 414465 414465 414465 414465 414465 414465 414465 414465 414465 414465 414465 414465 414465 414465 414465 386834 386834 386834 386834 386834 386834 386834 
22 compute 508116912
22 comm_size 32
22 allReduce 7 71560248
22 compute 1020352358
22 comm_size 32
22 allReduce 223729 217979877
22 compute 10178829
22 compute 346
22 allToAllV 13097094 414465 414465 414465 414465 414465 414465 414465 414465 414465 414465 414465 414465 414465 414465 414465 414465 414465 414465 414465 414465 414465 414465 414465 414465 414465 386834 386834 386834 386834 386834 386834 386834  13262850  414465 414465 414465 414465 414465 414465 414465 414465 414465 414465 414465 414465 414465 414465 414465 414465 414465 414465 414465 414465 414465 414465 414465 414465 414465 414465 414465 414465 414465 414450 414450 414450 
22 compute 31413029495
22 compute 336
22 reduceScatter 176256 176256 176256 176256 176256 176256 176256 176256 176256 176256 176256 176256 176256 176256 176256 176256 176256 176256 176256 176256 176256 176256 176256 176256 176256 176256 176256 176256 176256 176256 0 0 2782378442 
22 compute 25442245
22 comm_size 32
22 allReduce 2 159253585
22 compute 21530147
22 allToAll 13824 13824 
22 compute 72648155
22 allToAll 13824 13824 
22 compute 20697259
22 comm_size 32
22 allReduce 1 2626401
22 compute 1064156
22 compute 344
22 allGatherV 176256 176256 176256 176256 176256 176256 176256 176256 176256 176256 176256 176256 176256 176256 176256 176256 176256 176256 176256 176256 176256 176256 176256 176256 176256 176256 176256 176256 176256 176256 176256 0 0 0 176256 352512 528768 705024 881280 1057536 1233792 1410048 1586304 1762560 1938816 2115072 2291328 2467584 2643840 2820096 2996352 3172608 3348864 3525120 3701376 3877632 4053888 4230144 4406400 4582656 4758912 4935168 5111424 5258304 5258304 
22 compute 91011489624
22 comm_size 32
22 allReduce 4 2864660570
22 compute 66332372
22 compute 346
22 allToAllV 13262850 414465 414465 414465 414465 414465 414465 414465 414465 414465 414465 414465 414465 414465 414465 414465 414465 414465 414465 414465 414465 414465 414465 414465 414465 414465 414465 414465 414465 414465 414450 414450 414450  13097094  414465 414465 414465 414465 414465 414465 414465 414465 414465 414465 414465 414465 414465 414465 414465 414465 414465 414465 414465 414465 414465 414465 414465 414465 414465 386834 386834 386834 386834 386834 386834 386834 
22 compute 917098
22 comm_size 32
22 allReduce 223729 170644925
22 compute 11213
22 comm_size 32
22 allReduce 1 28860892
22 compute 10471
22 compute 346
22 allToAllV 13097094 414465 414465 414465 414465 414465 414465 414465 414465 414465 414465 414465 414465 414465 414465 414465 414465 414465 414465 414465 414465 414465 414465 414465 414465 414465 386834 386834 386834 386834 386834 386834 386834  13262850  414465 414465 414465 414465 414465 414465 414465 414465 414465 414465 414465 414465 414465 414465 414465 414465 414465 414465 414465 414465 414465 414465 414465 414465 414465 414465 414465 414465 414465 414450 414450 414450 
22 compute 289861802064
22 comm_size 32
22 allReduce 2 8489071149
22 compute 66335682
22 compute 346
22 allToAllV 13262850 414465 414465 414465 414465 414465 414465 414465 414465 414465 414465 414465 414465 414465 414465 414465 414465 414465 414465 414465 414465 414465 414465 414465 414465 414465 414465 414465 414465 414465 414450 414450 414450  13097094  414465 414465 414465 414465 414465 414465 414465 414465 414465 414465 414465 414465 414465 414465 414465 414465 414465 414465 414465 414465 414465 414465 414465 414465 414465 386834 386834 386834 386834 386834 386834 386834 
22 compute 508116921
22 comm_size 32
22 allReduce 7 89982490
22 compute 1020352214
22 comm_size 32
22 allReduce 223729 204974935
22 compute 10178773
22 compute 346
22 allToAllV 13097094 414465 414465 414465 414465 414465 414465 414465 414465 414465 414465 414465 414465 414465 414465 414465 414465 414465 414465 414465 414465 414465 414465 414465 414465 414465 386834 386834 386834 386834 386834 386834 386834  13262850  414465 414465 414465 414465 414465 414465 414465 414465 414465 414465 414465 414465 414465 414465 414465 414465 414465 414465 414465 414465 414465 414465 414465 414465 414465 414465 414465 414465 414465 414450 414450 414450 
22 compute 31413029477
22 compute 336
22 reduceScatter 176256 176256 176256 176256 176256 176256 176256 176256 176256 176256 176256 176256 176256 176256 176256 176256 176256 176256 176256 176256 176256 176256 176256 176256 176256 176256 176256 176256 176256 176256 0 0 2835156763 
22 compute 25441529
22 comm_size 32
22 allReduce 2 160882651
22 compute 21530114
22 allToAll 13824 13824 
22 compute 72648157
22 allToAll 13824 13824 
22 compute 20697260
22 comm_size 32
22 allReduce 1 5490896
22 compute 1064157
22 compute 344
22 allGatherV 176256 176256 176256 176256 176256 176256 176256 176256 176256 176256 176256 176256 176256 176256 176256 176256 176256 176256 176256 176256 176256 176256 176256 176256 176256 176256 176256 176256 176256 176256 176256 0 0 0 176256 352512 528768 705024 881280 1057536 1233792 1410048 1586304 1762560 1938816 2115072 2291328 2467584 2643840 2820096 2996352 3172608 3348864 3525120 3701376 3877632 4053888 4230144 4406400 4582656 4758912 4935168 5111424 5258304 5258304 
22 compute 91011489622
22 comm_size 32
22 allReduce 4 2740531340
22 compute 66332372
22 compute 346
22 allToAllV 13262850 414465 414465 414465 414465 414465 414465 414465 414465 414465 414465 414465 414465 414465 414465 414465 414465 414465 414465 414465 414465 414465 414465 414465 414465 414465 414465 414465 414465 414465 414450 414450 414450  13097094  414465 414465 414465 414465 414465 414465 414465 414465 414465 414465 414465 414465 414465 414465 414465 414465 414465 414465 414465 414465 414465 414465 414465 414465 414465 386834 386834 386834 386834 386834 386834 386834 
22 compute 917096
22 comm_size 32
22 allReduce 223729 181990099
22 compute 11220
22 comm_size 32
22 allReduce 1 63450782
22 compute 10471
22 compute 346
22 allToAllV 13097094 414465 414465 414465 414465 414465 414465 414465 414465 414465 414465 414465 414465 414465 414465 414465 414465 414465 414465 414465 414465 414465 414465 414465 414465 414465 386834 386834 386834 386834 386834 386834 386834  13262850  414465 414465 414465 414465 414465 414465 414465 414465 414465 414465 414465 414465 414465 414465 414465 414465 414465 414465 414465 414465 414465 414465 414465 414465 414465 414465 414465 414465 414465 414450 414450 414450 
22 compute 289861802060
22 comm_size 32
22 allReduce 2 8004641963
22 compute 66335682
22 compute 346
22 allToAllV 13262850 414465 414465 414465 414465 414465 414465 414465 414465 414465 414465 414465 414465 414465 414465 414465 414465 414465 414465 414465 414465 414465 414465 414465 414465 414465 414465 414465 414465 414465 414450 414450 414450  13097094  414465 414465 414465 414465 414465 414465 414465 414465 414465 414465 414465 414465 414465 414465 414465 414465 414465 414465 414465 414465 414465 414465 414465 414465 414465 386834 386834 386834 386834 386834 386834 386834 
22 compute 508116923
22 comm_size 32
22 allReduce 7 72030805
22 compute 1020352421
22 comm_size 32
22 allReduce 223729 230362831
22 compute 10178786
22 compute 346
22 allToAllV 13097094 414465 414465 414465 414465 414465 414465 414465 414465 414465 414465 414465 414465 414465 414465 414465 414465 414465 414465 414465 414465 414465 414465 414465 414465 414465 386834 386834 386834 386834 386834 386834 386834  13262850  414465 414465 414465 414465 414465 414465 414465 414465 414465 414465 414465 414465 414465 414465 414465 414465 414465 414465 414465 414465 414465 414465 414465 414465 414465 414465 414465 414465 414465 414450 414450 414450 
22 compute 66332087
22 compute 1245
22 gather 133 133 0 
22 compute 31346699676
22 compute 336
22 reduceScatter 176256 176256 176256 176256 176256 176256 176256 176256 176256 176256 176256 176256 176256 176256 176256 176256 176256 176256 176256 176256 176256 176256 176256 176256 176256 176256 176256 176256 176256 176256 0 0 2903583802 
22 compute 25442378
22 comm_size 32
22 allReduce 2 159802430
22 compute 21530165
22 allToAll 13824 13824 
22 compute 72648031
22 allToAll 13824 13824 
22 compute 20697239
22 comm_size 32
22 allReduce 1 5416300
22 compute 1064196
22 compute 344
22 allGatherV 176256 176256 176256 176256 176256 176256 176256 176256 176256 176256 176256 176256 176256 176256 176256 176256 176256 176256 176256 176256 176256 176256 176256 176256 176256 176256 176256 176256 176256 176256 176256 0 0 0 176256 352512 528768 705024 881280 1057536 1233792 1410048 1586304 1762560 1938816 2115072 2291328 2467584 2643840 2820096 2996352 3172608 3348864 3525120 3701376 3877632 4053888 4230144 4406400 4582656 4758912 4935168 5111424 5258304 5258304 
22 compute 91011489768
22 comm_size 32
22 allReduce 4 2745141399
22 compute 66332319
22 compute 346
22 allToAllV 13262850 414465 414465 414465 414465 414465 414465 414465 414465 414465 414465 414465 414465 414465 414465 414465 414465 414465 414465 414465 414465 414465 414465 414465 414465 414465 414465 414465 414465 414465 414450 414450 414450  13097094  414465 414465 414465 414465 414465 414465 414465 414465 414465 414465 414465 414465 414465 414465 414465 414465 414465 414465 414465 414465 414465 414465 414465 414465 414465 386834 386834 386834 386834 386834 386834 386834 
22 compute 910069
22 comm_size 32
22 allReduce 223729 196704428
22 compute 1567867611
22 comm_size 32
22 allReduce 1 43624278
22 compute 9564
22 compute 346
22 allToAllV 13097094 414465 414465 414465 414465 414465 414465 414465 414465 414465 414465 414465 414465 414465 414465 414465 414465 414465 414465 414465 414465 414465 414465 414465 414465 414465 386834 386834 386834 386834 386834 386834 386834  13262850  414465 414465 414465 414465 414465 414465 414465 414465 414465 414465 414465 414465 414465 414465 414465 414465 414465 414465 414465 414465 414465 414465 414465 414465 414465 414465 414465 414465 414465 414450 414450 414450 
22 compute 66332111
22 comm_size 32
22 bcast 473 31 0
22 compute 337
22 barrier
22 compute 31293659337
22 compute 336
22 reduceScatter 176256 176256 176256 176256 176256 176256 176256 176256 176256 176256 176256 176256 176256 176256 176256 176256 176256 176256 176256 176256 176256 176256 176256 176256 176256 176256 176256 176256 176256 176256 0 0 3053727570 
22 compute 21791643
22 allToAll 13824 13824 
22 compute 72648316
22 allToAll 13824 13824 
22 compute 20516916
22 comm_size 32
22 allReduce 1 3808512
22 compute 987
22 comm_size 32
22 allReduce 6 974676
22 compute 4239
22 compute 344
22 allGatherV 176256 176256 176256 176256 176256 176256 176256 176256 176256 176256 176256 176256 176256 176256 176256 176256 176256 176256 176256 176256 176256 176256 176256 176256 176256 176256 176256 176256 176256 176256 176256 0 0 0 176256 352512 528768 705024 881280 1057536 1233792 1410048 1586304 1762560 1938816 2115072 2291328 2467584 2643840 2820096 2996352 3172608 3348864 3525120 3701376 3877632 4053888 4230144 4406400 4582656 4758912 4935168 5111424 5258304 5258304 
22 compute 10293708718
22 comm_size 32
22 allReduce 795 667040881
22 compute 993
22 comm_size 32
22 allReduce 1 2040827
22 compute 47116
22 barrier
22 compute 503887
22 compute 1117
22 gather 133 133 0 
22 compute 2425
22 compute 451
22 gather 3 3 0 
22 compute 87241
22 barrier
22 compute 20449
22 barrier
22 compute 346
22 barrier
22 compute 2654
22 finalize