25 init 1
25 compute 127190
25 compute 2652
25 compute 336845
25 compute 13041190
25 comm_size 32
25 bcast 1
25 compute 25793
25 barrier
25 compute 22470
25 comm_size 32
25 bcast 1
25 compute 23734
25 barrier
25 compute 22688
25 comm_size 32
25 bcast 1
25 compute 23578
25 barrier
25 compute 22608
25 comm_size 32
25 bcast 1
25 compute 23662
25 barrier
25 compute 22692
25 comm_size 32
25 bcast 1
25 compute 23695
25 barrier
25 compute 22764
25 comm_size 32
25 bcast 1
25 compute 23664
25 barrier
25 compute 22552
25 comm_size 32
25 bcast 1
25 compute 23436
25 barrier
25 compute 426
25 barrier
25 compute 165461
25 barrier
25 compute 39506199
25 barrier
25 compute 97259
25 comm_size 32
25 bcast 1
25 compute 378342
25 barrier
25 compute 12856
25 comm_size 32
25 bcast 1
25 compute 46339
25 barrier
25 compute 1017043
25 barrier
25 compute 124196
25 gather 795 795 0 
25 compute 246170355
25 allToAll 1746 1746 
25 compute 276028
25 barrier
25 compute 409313755
25 comm_size 32
25 allReduce 32 5669119 1
25 compute 2984230246
25 compute 1525
25 allToAllV 12378660 386834 386834 386834 386834 386834 386834 386834 386834 386834 386834 386834 386834 386834 386834 386834 386834 386834 386834 386834 386834 386834 386834 386834 386834 386834 386834 386834 386834 386834 386820 386820 386820  13097094  414465 414465 414465 414465 414465 414465 414465 414465 414465 414465 414465 414465 414465 414465 414465 414465 414465 414465 414465 414465 414465 414465 414465 414465 414465 386834 386834 386834 386834 386834 386834 386834 
25 compute 1058646447
25 barrier
25 compute 7748
25 compute 332
25 allToAllV 13097094 414465 414465 414465 414465 414465 414465 414465 414465 414465 414465 414465 414465 414465 414465 414465 414465 414465 414465 414465 414465 414465 414465 414465 414465 414465 386834 386834 386834 386834 386834 386834 386834  12378660  386834 386834 386834 386834 386834 386834 386834 386834 386834 386834 386834 386834 386834 386834 386834 386834 386834 386834 386834 386834 386834 386834 386834 386834 386834 386834 386834 386834 386834 386820 386820 386820 
25 compute 854144618
25 barrier
25 compute 1441635387
25 allToAll 13824 13824 
25 compute 72649040
25 allToAll 13824 13824 
25 compute 20518716
25 comm_size 32
25 allReduce 1 12261945
25 compute 1370492323
25 comm_size 32
25 allReduce 795 21773495
25 compute 1483078560
25 comm_size 32
25 allReduce 2 154705
25 compute 21532187
25 allToAll 13824 13824 
25 compute 72649043
25 allToAll 13824 13824 
25 compute 20518717
25 comm_size 32
25 allReduce 1 3265650
25 compute 58721452
25 comm_size 32
25 allReduce 32 10423698 1
25 compute 60481270126
25 compute 1717
25 reduceScatter 176256 176256 176256 176256 176256 176256 176256 176256 176256 176256 176256 176256 176256 176256 176256 176256 176256 176256 176256 176256 176256 176256 176256 176256 176256 176256 176256 176256 176256 176256 0 0 2689363429 
25 compute 25090942
25 comm_size 32
25 allReduce 2 89646551
25 compute 21530789
25 allToAll 13824 13824 
25 compute 72647736
25 allToAll 13824 13824 
25 compute 20697660
25 comm_size 32
25 allReduce 1 1847204
25 compute 1070145
25 compute 1377
25 allGatherV 176256 176256 176256 176256 176256 176256 176256 176256 176256 176256 176256 176256 176256 176256 176256 176256 176256 176256 176256 176256 176256 176256 176256 176256 176256 176256 176256 176256 176256 176256 176256 0 0 0 176256 352512 528768 705024 881280 1057536 1233792 1410048 1586304 1762560 1938816 2115072 2291328 2467584 2643840 2820096 2996352 3172608 3348864 3525120 3701376 3877632 4053888 4230144 4406400 4582656 4758912 4935168 5111424 5258304 5258304 
25 compute 175828903690
25 comm_size 32
25 allReduce 4 80110446
25 compute 128288761
25 compute 332
25 allToAllV 25641510 801299 801299 801299 801299 801299 801299 801299 801299 801299 801299 801299 801299 801299 801299 801299 801299 801299 801299 801299 801299 801299 801299 801299 801299 801299 801299 801299 801299 801299 801270 801270 801270  25834985  828930 828930 828930 828930 828930 828930 801299 801299 801299 801299 801299 801299 801299 801299 801299 801299 801299 801299 801299 801299 801299 801299 801299 801299 801299 801299 801299 801299 801299 801299 801299 801299 
25 compute 128241586
25 compute 332
25 allToAllV 25641510 801299 801299 801299 801299 801299 801299 801299 801299 801299 801299 801299 801299 801299 801299 801299 801299 801299 801299 801299 801299 801299 801299 801299 801299 801299 801299 801299 801299 801299 801270 801270 801270  25834985  828930 828930 828930 828930 828930 828930 801299 801299 801299 801299 801299 801299 801299 801299 801299 801299 801299 801299 801299 801299 801299 801299 801299 801299 801299 801299 801299 801299 801299 801299 801299 801299 
25 compute 10047245
25 comm_size 32
25 allReduce 1729832 651804140
25 compute 10272967372
25 comm_size 32
25 bcast 934 31 0
25 compute 337
25 barrier
25 compute 19316
25 comm_size 32
25 bcast 1729832
25 compute 1565380
25 comm_size 32
25 allReduce 223729 97197475
25 compute 10188781
25 compute 346
25 allToAllV 13097094 414465 414465 414465 414465 414465 414465 414465 414465 414465 414465 414465 414465 414465 414465 414465 414465 414465 414465 414465 414465 414465 414465 414465 414465 414465 386834 386834 386834 386834 386834 386834 386834  12378660  386834 386834 386834 386834 386834 386834 386834 386834 386834 386834 386834 386834 386834 386834 386834 386834 386834 386834 386834 386834 386834 386834 386834 386834 386834 386834 386834 386834 386834 386820 386820 386820 
25 compute 62038231
25 compute 1098
25 gather 133 133 0 
25 compute 29258364207
25 compute 336
25 reduceScatter 176256 176256 176256 176256 176256 176256 176256 176256 176256 176256 176256 176256 176256 176256 176256 176256 176256 176256 176256 176256 176256 176256 176256 176256 176256 176256 176256 176256 176256 176256 0 0 3182959426 
25 compute 25119018
25 comm_size 32
25 allReduce 2 99092653
25 compute 21530900
25 allToAll 13824 13824 
25 compute 72648031
25 allToAll 13824 13824 
25 compute 20697759
25 comm_size 32
25 allReduce 1 1302824
25 compute 1064377
25 compute 344
25 allGatherV 176256 176256 176256 176256 176256 176256 176256 176256 176256 176256 176256 176256 176256 176256 176256 176256 176256 176256 176256 176256 176256 176256 176256 176256 176256 176256 176256 176256 176256 176256 176256 0 0 0 176256 352512 528768 705024 881280 1057536 1233792 1410048 1586304 1762560 1938816 2115072 2291328 2467584 2643840 2820096 2996352 3172608 3348864 3525120 3701376 3877632 4053888 4230144 4406400 4582656 4758912 4935168 5111424 5258304 5258304 
25 compute 84960989347
25 comm_size 32
25 allReduce 4 2129813649
25 compute 61910986
25 compute 346
25 allToAllV 12378660 386834 386834 386834 386834 386834 386834 386834 386834 386834 386834 386834 386834 386834 386834 386834 386834 386834 386834 386834 386834 386834 386834 386834 386834 386834 386834 386834 386834 386834 386820 386820 386820  13097094  414465 414465 414465 414465 414465 414465 414465 414465 414465 414465 414465 414465 414465 414465 414465 414465 414465 414465 414465 414465 414465 414465 414465 414465 414465 386834 386834 386834 386834 386834 386834 386834 
25 compute 917910
25 comm_size 32
25 allReduce 223729 109546620
25 compute 11433
25 comm_size 32
25 allReduce 1 14295967
25 compute 10821
25 compute 346
25 allToAllV 13097094 414465 414465 414465 414465 414465 414465 414465 414465 414465 414465 414465 414465 414465 414465 414465 414465 414465 414465 414465 414465 414465 414465 414465 414465 414465 386834 386834 386834 386834 386834 386834 386834  12378660  386834 386834 386834 386834 386834 386834 386834 386834 386834 386834 386834 386834 386834 386834 386834 386834 386834 386834 386834 386834 386834 386834 386834 386834 386834 386834 386834 386834 386834 386820 386820 386820 
25 compute 270506916408
25 comm_size 32
25 allReduce 2 7936975286
25 compute 61914299
25 compute 346
25 allToAllV 12378660 386834 386834 386834 386834 386834 386834 386834 386834 386834 386834 386834 386834 386834 386834 386834 386834 386834 386834 386834 386834 386834 386834 386834 386834 386834 386834 386834 386834 386834 386820 386820 386820  13097094  414465 414465 414465 414465 414465 414465 414465 414465 414465 414465 414465 414465 414465 414465 414465 414465 414465 414465 414465 414465 414465 414465 414465 414465 414465 386834 386834 386834 386834 386834 386834 386834 
25 compute 116083455
25 comm_size 32
25 allReduce 7 35975941
25 compute 210073377
25 comm_size 32
25 allReduce 223729 99575091
25 compute 10182287
25 compute 346
25 allToAllV 13097094 414465 414465 414465 414465 414465 414465 414465 414465 414465 414465 414465 414465 414465 414465 414465 414465 414465 414465 414465 414465 414465 414465 414465 414465 414465 386834 386834 386834 386834 386834 386834 386834  12378660  386834 386834 386834 386834 386834 386834 386834 386834 386834 386834 386834 386834 386834 386834 386834 386834 386834 386834 386834 386834 386834 386834 386834 386834 386834 386834 386834 386834 386834 386820 386820 386820 
25 compute 29320247761
25 compute 336
25 reduceScatter 176256 176256 176256 176256 176256 176256 176256 176256 176256 176256 176256 176256 176256 176256 176256 176256 176256 176256 176256 176256 176256 176256 176256 176256 176256 176256 176256 176256 176256 176256 0 0 3406088933 
25 compute 25104171
25 comm_size 32
25 allReduce 2 97035284
25 compute 21530805
25 allToAll 13824 13824 
25 compute 72648030
25 allToAll 13824 13824 
25 compute 20697654
25 comm_size 32
25 allReduce 1 7560408
25 compute 1064374
25 compute 344
25 allGatherV 176256 176256 176256 176256 176256 176256 176256 176256 176256 176256 176256 176256 176256 176256 176256 176256 176256 176256 176256 176256 176256 176256 176256 176256 176256 176256 176256 176256 176256 176256 176256 0 0 0 176256 352512 528768 705024 881280 1057536 1233792 1410048 1586304 1762560 1938816 2115072 2291328 2467584 2643840 2820096 2996352 3172608 3348864 3525120 3701376 3877632 4053888 4230144 4406400 4582656 4758912 4935168 5111424 5258304 5258304 
25 compute 84960988418
25 comm_size 32
25 allReduce 4 2234978471
25 compute 61910984
25 compute 346
25 allToAllV 12378660 386834 386834 386834 386834 386834 386834 386834 386834 386834 386834 386834 386834 386834 386834 386834 386834 386834 386834 386834 386834 386834 386834 386834 386834 386834 386834 386834 386834 386834 386820 386820 386820  13097094  414465 414465 414465 414465 414465 414465 414465 414465 414465 414465 414465 414465 414465 414465 414465 414465 414465 414465 414465 414465 414465 414465 414465 414465 414465 386834 386834 386834 386834 386834 386834 386834 
25 compute 917901
25 comm_size 32
25 allReduce 223729 108771764
25 compute 11490
25 comm_size 32
25 allReduce 1 7043294
25 compute 10821
25 compute 346
25 allToAllV 13097094 414465 414465 414465 414465 414465 414465 414465 414465 414465 414465 414465 414465 414465 414465 414465 414465 414465 414465 414465 414465 414465 414465 414465 414465 414465 386834 386834 386834 386834 386834 386834 386834  12378660  386834 386834 386834 386834 386834 386834 386834 386834 386834 386834 386834 386834 386834 386834 386834 386834 386834 386834 386834 386834 386834 386834 386834 386834 386834 386834 386834 386834 386834 386820 386820 386820 
25 compute 270506896914
25 comm_size 32
25 allReduce 2 7744826497
25 compute 61914293
25 compute 346
25 allToAllV 12378660 386834 386834 386834 386834 386834 386834 386834 386834 386834 386834 386834 386834 386834 386834 386834 386834 386834 386834 386834 386834 386834 386834 386834 386834 386834 386834 386834 386834 386834 386820 386820 386820  13097094  414465 414465 414465 414465 414465 414465 414465 414465 414465 414465 414465 414465 414465 414465 414465 414465 414465 414465 414465 414465 414465 414465 414465 414465 414465 386834 386834 386834 386834 386834 386834 386834 
25 compute 194474872
25 comm_size 32
25 allReduce 7 14422747
25 compute 445335313
25 comm_size 32
25 allReduce 223729 631995534
25 compute 10182242
25 compute 346
25 allToAllV 13097094 414465 414465 414465 414465 414465 414465 414465 414465 414465 414465 414465 414465 414465 414465 414465 414465 414465 414465 414465 414465 414465 414465 414465 414465 414465 386834 386834 386834 386834 386834 386834 386834  12378660  386834 386834 386834 386834 386834 386834 386834 386834 386834 386834 386834 386834 386834 386834 386834 386834 386834 386834 386834 386834 386834 386834 386834 386834 386834 386834 386834 386834 386834 386820 386820 386820 
25 compute 29320247763
25 compute 336
25 reduceScatter 176256 176256 176256 176256 176256 176256 176256 176256 176256 176256 176256 176256 176256 176256 176256 176256 176256 176256 176256 176256 176256 176256 176256 176256 176256 176256 176256 176256 176256 176256 0 0 5988181706 
25 compute 25103076
25 comm_size 32
25 allReduce 2 282512592
25 compute 21530816
25 allToAll 13824 13824 
25 compute 72648031
25 allToAll 13824 13824 
25 compute 20697654
25 comm_size 32
25 allReduce 1 10800
25 compute 1064374
25 compute 344
25 allGatherV 176256 176256 176256 176256 176256 176256 176256 176256 176256 176256 176256 176256 176256 176256 176256 176256 176256 176256 176256 176256 176256 176256 176256 176256 176256 176256 176256 176256 176256 176256 176256 0 0 0 176256 352512 528768 705024 881280 1057536 1233792 1410048 1586304 1762560 1938816 2115072 2291328 2467584 2643840 2820096 2996352 3172608 3348864 3525120 3701376 3877632 4053888 4230144 4406400 4582656 4758912 4935168 5111424 5258304 5258304 
25 compute 84960988429
25 comm_size 32
25 allReduce 4 2015085726
25 compute 61910984
25 compute 346
25 allToAllV 12378660 386834 386834 386834 386834 386834 386834 386834 386834 386834 386834 386834 386834 386834 386834 386834 386834 386834 386834 386834 386834 386834 386834 386834 386834 386834 386834 386834 386834 386834 386820 386820 386820  13097094  414465 414465 414465 414465 414465 414465 414465 414465 414465 414465 414465 414465 414465 414465 414465 414465 414465 414465 414465 414465 414465 414465 414465 414465 414465 386834 386834 386834 386834 386834 386834 386834 
25 compute 917901
25 comm_size 32
25 allReduce 223729 214262474
25 compute 11498
25 comm_size 32
25 allReduce 1 2516191
25 compute 10821
25 compute 346
25 allToAllV 13097094 414465 414465 414465 414465 414465 414465 414465 414465 414465 414465 414465 414465 414465 414465 414465 414465 414465 414465 414465 414465 414465 414465 414465 414465 414465 386834 386834 386834 386834 386834 386834 386834  12378660  386834 386834 386834 386834 386834 386834 386834 386834 386834 386834 386834 386834 386834 386834 386834 386834 386834 386834 386834 386834 386834 386834 386834 386834 386834 386834 386834 386834 386834 386820 386820 386820 
25 compute 270506896875
25 comm_size 32
25 allReduce 2 6905507576
25 compute 61914293
25 compute 346
25 allToAllV 12378660 386834 386834 386834 386834 386834 386834 386834 386834 386834 386834 386834 386834 386834 386834 386834 386834 386834 386834 386834 386834 386834 386834 386834 386834 386834 386834 386834 386834 386834 386820 386820 386820  13097094  414465 414465 414465 414465 414465 414465 414465 414465 414465 414465 414465 414465 414465 414465 414465 414465 414465 414465 414465 414465 414465 414465 414465 414465 414465 386834 386834 386834 386834 386834 386834 386834 
25 compute 272891796
25 comm_size 32
25 allReduce 7 4357583
25 compute 602163729
25 comm_size 32
25 allReduce 223729 684061262
25 compute 10182432
25 compute 346
25 allToAllV 13097094 414465 414465 414465 414465 414465 414465 414465 414465 414465 414465 414465 414465 414465 414465 414465 414465 414465 414465 414465 414465 414465 414465 414465 414465 414465 386834 386834 386834 386834 386834 386834 386834  12378660  386834 386834 386834 386834 386834 386834 386834 386834 386834 386834 386834 386834 386834 386834 386834 386834 386834 386834 386834 386834 386834 386834 386834 386834 386834 386834 386834 386834 386834 386820 386820 386820 
25 compute 29320248248
25 compute 336
25 reduceScatter 176256 176256 176256 176256 176256 176256 176256 176256 176256 176256 176256 176256 176256 176256 176256 176256 176256 176256 176256 176256 176256 176256 176256 176256 176256 176256 176256 176256 176256 176256 0 0 6224359339 
25 compute 25127450
25 comm_size 32
25 allReduce 2 116689523
25 compute 21531008
25 allToAll 13824 13824 
25 compute 72648030
25 allToAll 13824 13824 
25 compute 20697753
25 comm_size 32
25 allReduce 1 4847882
25 compute 1064377
25 compute 344
25 allGatherV 176256 176256 176256 176256 176256 176256 176256 176256 176256 176256 176256 176256 176256 176256 176256 176256 176256 176256 176256 176256 176256 176256 176256 176256 176256 176256 176256 176256 176256 176256 176256 0 0 0 176256 352512 528768 705024 881280 1057536 1233792 1410048 1586304 1762560 1938816 2115072 2291328 2467584 2643840 2820096 2996352 3172608 3348864 3525120 3701376 3877632 4053888 4230144 4406400 4582656 4758912 4935168 5111424 5258304 5258304 
25 compute 84960989264
25 comm_size 32
25 allReduce 4 2069676418
25 compute 61910984
25 compute 346
25 allToAllV 12378660 386834 386834 386834 386834 386834 386834 386834 386834 386834 386834 386834 386834 386834 386834 386834 386834 386834 386834 386834 386834 386834 386834 386834 386834 386834 386834 386834 386834 386834 386820 386820 386820  13097094  414465 414465 414465 414465 414465 414465 414465 414465 414465 414465 414465 414465 414465 414465 414465 414465 414465 414465 414465 414465 414465 414465 414465 414465 414465 386834 386834 386834 386834 386834 386834 386834 
25 compute 917902
25 comm_size 32
25 allReduce 223729 91710349
25 compute 11490
25 comm_size 32
25 allReduce 1 1307887
25 compute 10893
25 compute 346
25 allToAllV 13097094 414465 414465 414465 414465 414465 414465 414465 414465 414465 414465 414465 414465 414465 414465 414465 414465 414465 414465 414465 414465 414465 414465 414465 414465 414465 386834 386834 386834 386834 386834 386834 386834  12378660  386834 386834 386834 386834 386834 386834 386834 386834 386834 386834 386834 386834 386834 386834 386834 386834 386834 386834 386834 386834 386834 386834 386834 386834 386834 386834 386834 386834 386834 386820 386820 386820 
25 compute 270506898270
25 comm_size 32
25 allReduce 2 6953258869
25 compute 61914294
25 compute 346
25 allToAllV 12378660 386834 386834 386834 386834 386834 386834 386834 386834 386834 386834 386834 386834 386834 386834 386834 386834 386834 386834 386834 386834 386834 386834 386834 386834 386834 386834 386834 386834 386834 386820 386820 386820  13097094  414465 414465 414465 414465 414465 414465 414465 414465 414465 414465 414465 414465 414465 414465 414465 414465 414465 414465 414465 414465 414465 414465 414465 414465 414465 386834 386834 386834 386834 386834 386834 386834 
25 compute 351308712
25 comm_size 32
25 allReduce 7 24662624
25 compute 758999074
25 comm_size 32
25 allReduce 223729 117179903
25 compute 10182461
25 compute 346
25 allToAllV 13097094 414465 414465 414465 414465 414465 414465 414465 414465 414465 414465 414465 414465 414465 414465 414465 414465 414465 414465 414465 414465 414465 414465 414465 414465 414465 386834 386834 386834 386834 386834 386834 386834  12378660  386834 386834 386834 386834 386834 386834 386834 386834 386834 386834 386834 386834 386834 386834 386834 386834 386834 386834 386834 386834 386834 386834 386834 386834 386834 386834 386834 386834 386834 386820 386820 386820 
25 compute 29320247761
25 compute 336
25 reduceScatter 176256 176256 176256 176256 176256 176256 176256 176256 176256 176256 176256 176256 176256 176256 176256 176256 176256 176256 176256 176256 176256 176256 176256 176256 176256 176256 176256 176256 176256 176256 0 0 2863509577 
25 compute 25139401
25 comm_size 32
25 allReduce 2 103366317
25 compute 21530997
25 allToAll 13824 13824 
25 compute 72648030
25 allToAll 13824 13824 
25 compute 20697753
25 comm_size 32
25 allReduce 1 2261434
25 compute 1064378
25 compute 344
25 allGatherV 176256 176256 176256 176256 176256 176256 176256 176256 176256 176256 176256 176256 176256 176256 176256 176256 176256 176256 176256 176256 176256 176256 176256 176256 176256 176256 176256 176256 176256 176256 176256 0 0 0 176256 352512 528768 705024 881280 1057536 1233792 1410048 1586304 1762560 1938816 2115072 2291328 2467584 2643840 2820096 2996352 3172608 3348864 3525120 3701376 3877632 4053888 4230144 4406400 4582656 4758912 4935168 5111424 5258304 5258304 
25 compute 84960989150
25 comm_size 32
25 allReduce 4 1996283732
25 compute 61910985
25 compute 346
25 allToAllV 12378660 386834 386834 386834 386834 386834 386834 386834 386834 386834 386834 386834 386834 386834 386834 386834 386834 386834 386834 386834 386834 386834 386834 386834 386834 386834 386834 386834 386834 386834 386820 386820 386820  13097094  414465 414465 414465 414465 414465 414465 414465 414465 414465 414465 414465 414465 414465 414465 414465 414465 414465 414465 414465 414465 414465 414465 414465 414465 414465 386834 386834 386834 386834 386834 386834 386834 
25 compute 917903
25 comm_size 32
25 allReduce 223729 116153944
25 compute 11498
25 comm_size 32
25 allReduce 1 4108112
25 compute 10893
25 compute 346
25 allToAllV 13097094 414465 414465 414465 414465 414465 414465 414465 414465 414465 414465 414465 414465 414465 414465 414465 414465 414465 414465 414465 414465 414465 414465 414465 414465 414465 386834 386834 386834 386834 386834 386834 386834  12378660  386834 386834 386834 386834 386834 386834 386834 386834 386834 386834 386834 386834 386834 386834 386834 386834 386834 386834 386834 386834 386834 386834 386834 386834 386834 386834 386834 386834 386834 386820 386820 386820 
25 compute 270506898153
25 comm_size 32
25 allReduce 2 7067665630
25 compute 61914293
25 compute 346
25 allToAllV 12378660 386834 386834 386834 386834 386834 386834 386834 386834 386834 386834 386834 386834 386834 386834 386834 386834 386834 386834 386834 386834 386834 386834 386834 386834 386834 386834 386834 386834 386834 386820 386820 386820  13097094  414465 414465 414465 414465 414465 414465 414465 414465 414465 414465 414465 414465 414465 414465 414465 414465 414465 414465 414465 414465 414465 414465 414465 414465 414465 386834 386834 386834 386834 386834 386834 386834 
25 compute 429725638
25 comm_size 32
25 allReduce 7 52812673
25 compute 915834656
25 comm_size 32
25 allReduce 223729 108238086
25 compute 10182338
25 compute 346
25 allToAllV 13097094 414465 414465 414465 414465 414465 414465 414465 414465 414465 414465 414465 414465 414465 414465 414465 414465 414465 414465 414465 414465 414465 414465 414465 414465 414465 386834 386834 386834 386834 386834 386834 386834  12378660  386834 386834 386834 386834 386834 386834 386834 386834 386834 386834 386834 386834 386834 386834 386834 386834 386834 386834 386834 386834 386834 386834 386834 386834 386834 386834 386834 386834 386834 386820 386820 386820 
25 compute 29320247752
25 compute 336
25 reduceScatter 176256 176256 176256 176256 176256 176256 176256 176256 176256 176256 176256 176256 176256 176256 176256 176256 176256 176256 176256 176256 176256 176256 176256 176256 176256 176256 176256 176256 176256 176256 0 0 2780660868 
25 compute 25127379
25 comm_size 32
25 allReduce 2 100449456
25 compute 21530997
25 allToAll 13824 13824 
25 compute 72648030
25 allToAll 13824 13824 
25 compute 20697753
25 comm_size 32
25 allReduce 1 466301
25 compute 1064377
25 compute 344
25 allGatherV 176256 176256 176256 176256 176256 176256 176256 176256 176256 176256 176256 176256 176256 176256 176256 176256 176256 176256 176256 176256 176256 176256 176256 176256 176256 176256 176256 176256 176256 176256 176256 0 0 0 176256 352512 528768 705024 881280 1057536 1233792 1410048 1586304 1762560 1938816 2115072 2291328 2467584 2643840 2820096 2996352 3172608 3348864 3525120 3701376 3877632 4053888 4230144 4406400 4582656 4758912 4935168 5111424 5258304 5258304 
25 compute 84960989141
25 comm_size 32
25 allReduce 4 1920800184
25 compute 61910983
25 compute 346
25 allToAllV 12378660 386834 386834 386834 386834 386834 386834 386834 386834 386834 386834 386834 386834 386834 386834 386834 386834 386834 386834 386834 386834 386834 386834 386834 386834 386834 386834 386834 386834 386834 386820 386820 386820  13097094  414465 414465 414465 414465 414465 414465 414465 414465 414465 414465 414465 414465 414465 414465 414465 414465 414465 414465 414465 414465 414465 414465 414465 414465 414465 386834 386834 386834 386834 386834 386834 386834 
25 compute 917903
25 comm_size 32
25 allReduce 223729 89716162
25 compute 11498
25 comm_size 32
25 allReduce 1 14037476
25 compute 10893
25 compute 346
25 allToAllV 13097094 414465 414465 414465 414465 414465 414465 414465 414465 414465 414465 414465 414465 414465 414465 414465 414465 414465 414465 414465 414465 414465 414465 414465 414465 414465 386834 386834 386834 386834 386834 386834 386834  12378660  386834 386834 386834 386834 386834 386834 386834 386834 386834 386834 386834 386834 386834 386834 386834 386834 386834 386834 386834 386834 386834 386834 386834 386834 386834 386834 386834 386834 386834 386820 386820 386820 
25 compute 270506898270
25 comm_size 32
25 allReduce 2 6830275524
25 compute 61914293
25 compute 346
25 allToAllV 12378660 386834 386834 386834 386834 386834 386834 386834 386834 386834 386834 386834 386834 386834 386834 386834 386834 386834 386834 386834 386834 386834 386834 386834 386834 386834 386834 386834 386834 386834 386820 386820 386820  13097094  414465 414465 414465 414465 414465 414465 414465 414465 414465 414465 414465 414465 414465 414465 414465 414465 414465 414465 414465 414465 414465 414465 414465 414465 414465 386834 386834 386834 386834 386834 386834 386834 
25 compute 508142564
25 comm_size 32
25 allReduce 7 11058
25 compute 1020352778
25 comm_size 32
25 allReduce 223729 103649180
25 compute 10182360
25 compute 346
25 allToAllV 13097094 414465 414465 414465 414465 414465 414465 414465 414465 414465 414465 414465 414465 414465 414465 414465 414465 414465 414465 414465 414465 414465 414465 414465 414465 414465 386834 386834 386834 386834 386834 386834 386834  12378660  386834 386834 386834 386834 386834 386834 386834 386834 386834 386834 386834 386834 386834 386834 386834 386834 386834 386834 386834 386834 386834 386834 386834 386834 386834 386834 386834 386834 386834 386820 386820 386820 
25 compute 29320247951
25 compute 336
25 reduceScatter 176256 176256 176256 176256 176256 176256 176256 176256 176256 176256 176256 176256 176256 176256 176256 176256 176256 176256 176256 176256 176256 176256 176256 176256 176256 176256 176256 176256 176256 176256 0 0 2922726314 
25 compute 25135947
25 comm_size 32
25 allReduce 2 102212882
25 compute 21530997
25 allToAll 13824 13824 
25 compute 72648030
25 allToAll 13824 13824 
25 compute 20697753
25 comm_size 32
25 allReduce 1 5411211
25 compute 1064377
25 compute 344
25 allGatherV 176256 176256 176256 176256 176256 176256 176256 176256 176256 176256 176256 176256 176256 176256 176256 176256 176256 176256 176256 176256 176256 176256 176256 176256 176256 176256 176256 176256 176256 176256 176256 0 0 0 176256 352512 528768 705024 881280 1057536 1233792 1410048 1586304 1762560 1938816 2115072 2291328 2467584 2643840 2820096 2996352 3172608 3348864 3525120 3701376 3877632 4053888 4230144 4406400 4582656 4758912 4935168 5111424 5258304 5258304 
25 compute 84960989276
25 comm_size 32
25 allReduce 4 2100632380
25 compute 61910984
25 compute 346
25 allToAllV 12378660 386834 386834 386834 386834 386834 386834 386834 386834 386834 386834 386834 386834 386834 386834 386834 386834 386834 386834 386834 386834 386834 386834 386834 386834 386834 386834 386834 386834 386834 386820 386820 386820  13097094  414465 414465 414465 414465 414465 414465 414465 414465 414465 414465 414465 414465 414465 414465 414465 414465 414465 414465 414465 414465 414465 414465 414465 414465 414465 386834 386834 386834 386834 386834 386834 386834 
25 compute 917902
25 comm_size 32
25 allReduce 223729 93111356
25 compute 11498
25 comm_size 32
25 allReduce 1 6594272
25 compute 10893
25 compute 346
25 allToAllV 13097094 414465 414465 414465 414465 414465 414465 414465 414465 414465 414465 414465 414465 414465 414465 414465 414465 414465 414465 414465 414465 414465 414465 414465 414465 414465 386834 386834 386834 386834 386834 386834 386834  12378660  386834 386834 386834 386834 386834 386834 386834 386834 386834 386834 386834 386834 386834 386834 386834 386834 386834 386834 386834 386834 386834 386834 386834 386834 386834 386834 386834 386834 386834 386820 386820 386820 
25 compute 270506898181
25 comm_size 32
25 allReduce 2 7053717014
25 compute 61914294
25 compute 346
25 allToAllV 12378660 386834 386834 386834 386834 386834 386834 386834 386834 386834 386834 386834 386834 386834 386834 386834 386834 386834 386834 386834 386834 386834 386834 386834 386834 386834 386834 386834 386834 386834 386820 386820 386820  13097094  414465 414465 414465 414465 414465 414465 414465 414465 414465 414465 414465 414465 414465 414465 414465 414465 414465 414465 414465 414465 414465 414465 414465 414465 414465 386834 386834 386834 386834 386834 386834 386834 
25 compute 508117632
25 comm_size 32
25 allReduce 7 778465
25 compute 1020352941
25 comm_size 32
25 allReduce 223729 89172628
25 compute 10182440
25 compute 346
25 allToAllV 13097094 414465 414465 414465 414465 414465 414465 414465 414465 414465 414465 414465 414465 414465 414465 414465 414465 414465 414465 414465 414465 414465 414465 414465 414465 414465 386834 386834 386834 386834 386834 386834 386834  12378660  386834 386834 386834 386834 386834 386834 386834 386834 386834 386834 386834 386834 386834 386834 386834 386834 386834 386834 386834 386834 386834 386834 386834 386834 386834 386834 386834 386834 386834 386820 386820 386820 
25 compute 29320247755
25 compute 336
25 reduceScatter 176256 176256 176256 176256 176256 176256 176256 176256 176256 176256 176256 176256 176256 176256 176256 176256 176256 176256 176256 176256 176256 176256 176256 176256 176256 176256 176256 176256 176256 176256 0 0 2786323163 
25 compute 25131077
25 comm_size 32
25 allReduce 2 101122512
25 compute 21531008
25 allToAll 13824 13824 
25 compute 72648030
25 allToAll 13824 13824 
25 compute 20697753
25 comm_size 32
25 allReduce 1 2234637
25 compute 1064377
25 compute 344
25 allGatherV 176256 176256 176256 176256 176256 176256 176256 176256 176256 176256 176256 176256 176256 176256 176256 176256 176256 176256 176256 176256 176256 176256 176256 176256 176256 176256 176256 176256 176256 176256 176256 0 0 0 176256 352512 528768 705024 881280 1057536 1233792 1410048 1586304 1762560 1938816 2115072 2291328 2467584 2643840 2820096 2996352 3172608 3348864 3525120 3701376 3877632 4053888 4230144 4406400 4582656 4758912 4935168 5111424 5258304 5258304 
25 compute 84960989152
25 comm_size 32
25 allReduce 4 2202409469
25 compute 61910983
25 compute 346
25 allToAllV 12378660 386834 386834 386834 386834 386834 386834 386834 386834 386834 386834 386834 386834 386834 386834 386834 386834 386834 386834 386834 386834 386834 386834 386834 386834 386834 386834 386834 386834 386834 386820 386820 386820  13097094  414465 414465 414465 414465 414465 414465 414465 414465 414465 414465 414465 414465 414465 414465 414465 414465 414465 414465 414465 414465 414465 414465 414465 414465 414465 386834 386834 386834 386834 386834 386834 386834 
25 compute 917903
25 comm_size 32
25 allReduce 223729 90974415
25 compute 11498
25 comm_size 32
25 allReduce 1 10850
25 compute 10893
25 compute 346
25 allToAllV 13097094 414465 414465 414465 414465 414465 414465 414465 414465 414465 414465 414465 414465 414465 414465 414465 414465 414465 414465 414465 414465 414465 414465 414465 414465 414465 386834 386834 386834 386834 386834 386834 386834  12378660  386834 386834 386834 386834 386834 386834 386834 386834 386834 386834 386834 386834 386834 386834 386834 386834 386834 386834 386834 386834 386834 386834 386834 386834 386834 386834 386834 386834 386834 386820 386820 386820 
25 compute 270506898325
25 comm_size 32
25 allReduce 2 7025738151
25 compute 61914296
25 compute 346
25 allToAllV 12378660 386834 386834 386834 386834 386834 386834 386834 386834 386834 386834 386834 386834 386834 386834 386834 386834 386834 386834 386834 386834 386834 386834 386834 386834 386834 386834 386834 386834 386834 386820 386820 386820  13097094  414465 414465 414465 414465 414465 414465 414465 414465 414465 414465 414465 414465 414465 414465 414465 414465 414465 414465 414465 414465 414465 414465 414465 414465 414465 386834 386834 386834 386834 386834 386834 386834 
25 compute 508117639
25 comm_size 32
25 allReduce 7 7553952
25 compute 1020352736
25 comm_size 32
25 allReduce 223729 88355799
25 compute 10182357
25 compute 346
25 allToAllV 13097094 414465 414465 414465 414465 414465 414465 414465 414465 414465 414465 414465 414465 414465 414465 414465 414465 414465 414465 414465 414465 414465 414465 414465 414465 414465 386834 386834 386834 386834 386834 386834 386834  12378660  386834 386834 386834 386834 386834 386834 386834 386834 386834 386834 386834 386834 386834 386834 386834 386834 386834 386834 386834 386834 386834 386834 386834 386834 386834 386834 386834 386834 386834 386820 386820 386820 
25 compute 29320247767
25 compute 336
25 reduceScatter 176256 176256 176256 176256 176256 176256 176256 176256 176256 176256 176256 176256 176256 176256 176256 176256 176256 176256 176256 176256 176256 176256 176256 176256 176256 176256 176256 176256 176256 176256 0 0 2742043612 
25 compute 25133003
25 comm_size 32
25 allReduce 2 104928357
25 compute 21530997
25 allToAll 13824 13824 
25 compute 72648030
25 allToAll 13824 13824 
25 compute 20697754
25 comm_size 32
25 allReduce 1 1232981
25 compute 1064377
25 compute 344
25 allGatherV 176256 176256 176256 176256 176256 176256 176256 176256 176256 176256 176256 176256 176256 176256 176256 176256 176256 176256 176256 176256 176256 176256 176256 176256 176256 176256 176256 176256 176256 176256 176256 0 0 0 176256 352512 528768 705024 881280 1057536 1233792 1410048 1586304 1762560 1938816 2115072 2291328 2467584 2643840 2820096 2996352 3172608 3348864 3525120 3701376 3877632 4053888 4230144 4406400 4582656 4758912 4935168 5111424 5258304 5258304 
25 compute 84960989141
25 comm_size 32
25 allReduce 4 2132305479
25 compute 61910985
25 compute 346
25 allToAllV 12378660 386834 386834 386834 386834 386834 386834 386834 386834 386834 386834 386834 386834 386834 386834 386834 386834 386834 386834 386834 386834 386834 386834 386834 386834 386834 386834 386834 386834 386834 386820 386820 386820  13097094  414465 414465 414465 414465 414465 414465 414465 414465 414465 414465 414465 414465 414465 414465 414465 414465 414465 414465 414465 414465 414465 414465 414465 414465 414465 386834 386834 386834 386834 386834 386834 386834 
25 compute 917902
25 comm_size 32
25 allReduce 223729 120837315
25 compute 11490
25 comm_size 32
25 allReduce 1 614527
25 compute 10893
25 compute 346
25 allToAllV 13097094 414465 414465 414465 414465 414465 414465 414465 414465 414465 414465 414465 414465 414465 414465 414465 414465 414465 414465 414465 414465 414465 414465 414465 414465 414465 386834 386834 386834 386834 386834 386834 386834  12378660  386834 386834 386834 386834 386834 386834 386834 386834 386834 386834 386834 386834 386834 386834 386834 386834 386834 386834 386834 386834 386834 386834 386834 386834 386834 386834 386834 386834 386834 386820 386820 386820 
25 compute 270506898190
25 comm_size 32
25 allReduce 2 6675741785
25 compute 61914294
25 compute 346
25 allToAllV 12378660 386834 386834 386834 386834 386834 386834 386834 386834 386834 386834 386834 386834 386834 386834 386834 386834 386834 386834 386834 386834 386834 386834 386834 386834 386834 386834 386834 386834 386834 386820 386820 386820  13097094  414465 414465 414465 414465 414465 414465 414465 414465 414465 414465 414465 414465 414465 414465 414465 414465 414465 414465 414465 414465 414465 414465 414465 414465 414465 386834 386834 386834 386834 386834 386834 386834 
25 compute 508117650
25 comm_size 32
25 allReduce 7 22356969
25 compute 1020352945
25 comm_size 32
25 allReduce 223729 102981253
25 compute 10182375
25 compute 346
25 allToAllV 13097094 414465 414465 414465 414465 414465 414465 414465 414465 414465 414465 414465 414465 414465 414465 414465 414465 414465 414465 414465 414465 414465 414465 414465 414465 414465 386834 386834 386834 386834 386834 386834 386834  12378660  386834 386834 386834 386834 386834 386834 386834 386834 386834 386834 386834 386834 386834 386834 386834 386834 386834 386834 386834 386834 386834 386834 386834 386834 386834 386834 386834 386834 386834 386820 386820 386820 
25 compute 61910814
25 compute 1099
25 gather 133 133 0 
25 compute 29258339204
25 compute 336
25 reduceScatter 176256 176256 176256 176256 176256 176256 176256 176256 176256 176256 176256 176256 176256 176256 176256 176256 176256 176256 176256 176256 176256 176256 176256 176256 176256 176256 176256 176256 176256 176256 0 0 2837349711 
25 compute 25133823
25 comm_size 32
25 allReduce 2 98150424
25 compute 21530863
25 allToAll 13824 13824 
25 compute 72648050
25 allToAll 13824 13824 
25 compute 20697652
25 comm_size 32
25 allReduce 1 3093057
25 compute 1064317
25 compute 344
25 allGatherV 176256 176256 176256 176256 176256 176256 176256 176256 176256 176256 176256 176256 176256 176256 176256 176256 176256 176256 176256 176256 176256 176256 176256 176256 176256 176256 176256 176256 176256 176256 176256 0 0 0 176256 352512 528768 705024 881280 1057536 1233792 1410048 1586304 1762560 1938816 2115072 2291328 2467584 2643840 2820096 2996352 3172608 3348864 3525120 3701376 3877632 4053888 4230144 4406400 4582656 4758912 4935168 5111424 5258304 5258304 
25 compute 84960988839
25 comm_size 32
25 allReduce 4 2047084440
25 compute 61910821
25 compute 346
25 allToAllV 12378660 386834 386834 386834 386834 386834 386834 386834 386834 386834 386834 386834 386834 386834 386834 386834 386834 386834 386834 386834 386834 386834 386834 386834 386834 386834 386834 386834 386834 386834 386820 386820 386820  13097094  414465 414465 414465 414465 414465 414465 414465 414465 414465 414465 414465 414465 414465 414465 414465 414465 414465 414465 414465 414465 414465 414465 414465 414465 414465 386834 386834 386834 386834 386834 386834 386834 
25 compute 910368
25 comm_size 32
25 allReduce 223729 112309769
25 compute 1567958093
25 comm_size 32
25 allReduce 1 158993075
25 compute 9750
25 compute 346
25 allToAllV 13097094 414465 414465 414465 414465 414465 414465 414465 414465 414465 414465 414465 414465 414465 414465 414465 414465 414465 414465 414465 414465 414465 414465 414465 414465 414465 386834 386834 386834 386834 386834 386834 386834  12378660  386834 386834 386834 386834 386834 386834 386834 386834 386834 386834 386834 386834 386834 386834 386834 386834 386834 386834 386834 386834 386834 386834 386834 386834 386834 386834 386834 386834 386834 386820 386820 386820 
25 compute 61910612
25 comm_size 32
25 bcast 473 31 0
25 compute 337
25 barrier
25 compute 29208835372
25 compute 336
25 reduceScatter 176256 176256 176256 176256 176256 176256 176256 176256 176256 176256 176256 176256 176256 176256 176256 176256 176256 176256 176256 176256 176256 176256 176256 176256 176256 176256 176256 176256 176256 176256 0 0 2936340034 
25 compute 21790930
25 allToAll 13824 13824 
25 compute 72648094
25 allToAll 13824 13824 
25 compute 20516860
25 comm_size 32
25 allReduce 1 2947635
25 compute 987
25 comm_size 32
25 allReduce 6 660343
25 compute 4188
25 compute 344
25 allGatherV 176256 176256 176256 176256 176256 176256 176256 176256 176256 176256 176256 176256 176256 176256 176256 176256 176256 176256 176256 176256 176256 176256 176256 176256 176256 176256 176256 176256 176256 176256 176256 0 0 0 176256 352512 528768 705024 881280 1057536 1233792 1410048 1586304 1762560 1938816 2115072 2291328 2467584 2643840 2820096 2996352 3172608 3348864 3525120 3701376 3877632 4053888 4230144 4406400 4582656 4758912 4935168 5111424 5258304 5258304 
25 compute 9837337379
25 comm_size 32
25 allReduce 795 149069675
25 compute 993
25 comm_size 32
25 allReduce 1 900586
25 compute 47096
25 barrier
25 compute 504090
25 compute 1106
25 gather 133 133 0 
25 compute 2425
25 compute 451
25 gather 3 3 0 
25 compute 87325
25 barrier
25 compute 20489
25 barrier
25 compute 346
25 barrier
25 compute 2654
25 finalize