1 init 1
1 compute 127189
1 compute 2652
1 compute 336766
1 compute 13041193
1 comm_size 32
1 bcast 1
1 compute 25955
1 barrier
1 compute 22592
1 comm_size 32
1 bcast 1
1 compute 23880
1 barrier
1 compute 22609
1 comm_size 32
1 bcast 1
1 compute 23746
1 barrier
1 compute 22529
1 comm_size 32
1 bcast 1
1 compute 23820
1 barrier
1 compute 22613
1 comm_size 32
1 bcast 1
1 compute 23863
1 barrier
1 compute 22685
1 comm_size 32
1 bcast 1
1 compute 23832
1 barrier
1 compute 22628
1 comm_size 32
1 bcast 1
1 compute 23654
1 barrier
1 compute 421
1 barrier
1 compute 166303
1 barrier
1 compute 22648007
1 barrier
1 compute 97252
1 comm_size 32
1 bcast 1
1 compute 378219
1 barrier
1 compute 12856
1 comm_size 32
1 bcast 1
1 compute 46340
1 barrier
1 compute 1017410
1 barrier
1 compute 124787
1 gather 795 795 0 
1 compute 228879934
1 allToAll 1746 1746 
1 compute 276028
1 barrier
1 compute 409315679
1 comm_size 32
1 allReduce 32 21827181 1
1 compute 3038127257
1 compute 1525
1 allToAllV 13262850 414465 414465 414465 414465 414465 414465 414465 414465 414465 414465 414465 414465 414465 414465 414465 414465 414465 414465 414465 414465 414465 414465 414465 414465 414465 414465 414465 414465 414465 414450 414450 414450  13097094  414465 414465 414465 414465 414465 414465 414465 414465 414465 414465 414465 414465 414465 414465 414465 414465 414465 414465 414465 414465 414465 414465 414465 414465 414465 386834 386834 386834 386834 386834 386834 386834 
1 compute 1058645731
1 barrier
1 compute 7154
1 compute 332
1 allToAllV 13097094 414465 414465 414465 414465 414465 414465 414465 414465 414465 414465 414465 414465 414465 414465 414465 414465 414465 414465 414465 414465 414465 414465 414465 414465 414465 386834 386834 386834 386834 386834 386834 386834  13262850  414465 414465 414465 414465 414465 414465 414465 414465 414465 414465 414465 414465 414465 414465 414465 414465 414465 414465 414465 414465 414465 414465 414465 414465 414465 414465 414465 414465 414465 414450 414450 414450 
1 compute 915153808
1 barrier
1 compute 1455231051
1 allToAll 13824 13824 
1 compute 72647798
1 allToAll 13824 13824 
1 compute 20518087
1 comm_size 32
1 allReduce 1 10444633
1 compute 1384067914
1 comm_size 32
1 allReduce 795 58255749
1 compute 1517885375
1 comm_size 32
1 allReduce 2 68351849
1 compute 21530357
1 allToAll 13824 13824 
1 compute 72647756
1 allToAll 13824 13824 
1 compute 20517481
1 comm_size 32
1 allReduce 1 1808047
1 compute 53953284
1 comm_size 32
1 allReduce 32 5776377 1
1 compute 62566095398
1 compute 1717
1 reduceScatter 176256 176256 176256 176256 176256 176256 176256 176256 176256 176256 176256 176256 176256 176256 176256 176256 176256 176256 176256 176256 176256 176256 176256 176256 176256 176256 176256 176256 176256 176256 0 0 2853382357 
1 compute 24624948
1 comm_size 32
1 allReduce 2 648279243
1 compute 21530649
1 allToAll 13824 13824 
1 compute 72647700
1 allToAll 13824 13824 
1 compute 20697685
1 comm_size 32
1 allReduce 1 3652465
1 compute 1070544
1 compute 1377
1 allGatherV 176256 176256 176256 176256 176256 176256 176256 176256 176256 176256 176256 176256 176256 176256 176256 176256 176256 176256 176256 176256 176256 176256 176256 176256 176256 176256 176256 176256 176256 176256 176256 0 0 0 176256 352512 528768 705024 881280 1057536 1233792 1410048 1586304 1762560 1938816 2115072 2291328 2467584 2643840 2820096 2996352 3172608 3348864 3525120 3701376 3877632 4053888 4230144 4406400 4582656 4758912 4935168 5111424 5258304 5258304 
1 compute 181882832447
1 comm_size 32
1 allReduce 4 2683128144
1 compute 132712339
1 compute 332
1 allToAllV 26525700 828930 828930 828930 828930 828930 828930 828930 828930 828930 828930 828930 828930 828930 828930 828930 828930 828930 828930 828930 828930 828930 828930 828930 828930 828930 828930 828930 828930 828930 828900 828900 828900  25834985  828930 828930 828930 828930 828930 828930 801299 801299 801299 801299 801299 801299 801299 801299 801299 801299 801299 801299 801299 801299 801299 801299 801299 801299 801299 801299 801299 801299 801299 801299 801299 801299 
1 compute 132663247
1 compute 332
1 allToAllV 26525700 828930 828930 828930 828930 828930 828930 828930 828930 828930 828930 828930 828930 828930 828930 828930 828930 828930 828930 828930 828930 828930 828930 828930 828930 828930 828930 828930 828930 828930 828900 828900 828900  25834985  828930 828930 828930 828930 828930 828930 801299 801299 801299 801299 801299 801299 801299 801299 801299 801299 801299 801299 801299 801299 801299 801299 801299 801299 801299 801299 801299 801299 801299 801299 801299 801299 
1 compute 10047333
1 comm_size 32
1 allReduce 1729832 1146561771
1 compute 10272871872
1 comm_size 32
1 bcast 934 31 0
1 compute 337
1 barrier
1 compute 19711
1 comm_size 32
1 bcast 1729832
1 compute 1564397
1 comm_size 32
1 allReduce 223729 272324382
1 compute 10193767
1 compute 346
1 allToAllV 13097094 414465 414465 414465 414465 414465 414465 414465 414465 414465 414465 414465 414465 414465 414465 414465 414465 414465 414465 414465 414465 414465 414465 414465 414465 414465 386834 386834 386834 386834 386834 386834 386834  13262850  414465 414465 414465 414465 414465 414465 414465 414465 414465 414465 414465 414465 414465 414465 414465 414465 414465 414465 414465 414465 414465 414465 414465 414465 414465 414465 414465 414465 414465 414450 414450 414450 
1 compute 66461850
1 compute 1092
1 gather 133 133 0 
1 compute 31346732566
1 compute 336
1 reduceScatter 176256 176256 176256 176256 176256 176256 176256 176256 176256 176256 176256 176256 176256 176256 176256 176256 176256 176256 176256 176256 176256 176256 176256 176256 176256 176256 176256 176256 176256 176256 0 0 2472841139 
1 compute 24664815
1 comm_size 32
1 allReduce 2 758732015
1 compute 21531546
1 allToAll 13824 13824 
1 compute 72648466
1 allToAll 13824 13824 
1 compute 20698174
1 comm_size 32
1 allReduce 1 3343574
1 compute 1064473
1 compute 344
1 allGatherV 176256 176256 176256 176256 176256 176256 176256 176256 176256 176256 176256 176256 176256 176256 176256 176256 176256 176256 176256 176256 176256 176256 176256 176256 176256 176256 176256 176256 176256 176256 176256 0 0 0 176256 352512 528768 705024 881280 1057536 1233792 1410048 1586304 1762560 1938816 2115072 2291328 2467584 2643840 2820096 2996352 3172608 3348864 3525120 3701376 3877632 4053888 4230144 4406400 4582656 4758912 4935168 5111424 5258304 5258304 
1 compute 91011934603
1 comm_size 32
1 allReduce 4 2601967299
1 compute 66332753
1 compute 346
1 allToAllV 13262850 414465 414465 414465 414465 414465 414465 414465 414465 414465 414465 414465 414465 414465 414465 414465 414465 414465 414465 414465 414465 414465 414465 414465 414465 414465 414465 414465 414465 414465 414450 414450 414450  13097094  414465 414465 414465 414465 414465 414465 414465 414465 414465 414465 414465 414465 414465 414465 414465 414465 414465 414465 414465 414465 414465 414465 414465 414465 414465 386834 386834 386834 386834 386834 386834 386834 
1 compute 917807
1 comm_size 32
1 allReduce 223729 185969370
1 compute 11269
1 comm_size 32
1 allReduce 1 40606357
1 compute 11028
1 compute 346
1 allToAllV 13097094 414465 414465 414465 414465 414465 414465 414465 414465 414465 414465 414465 414465 414465 414465 414465 414465 414465 414465 414465 414465 414465 414465 414465 414465 414465 386834 386834 386834 386834 386834 386834 386834  13262850  414465 414465 414465 414465 414465 414465 414465 414465 414465 414465 414465 414465 414465 414465 414465 414465 414465 414465 414465 414465 414465 414465 414465 414465 414465 414465 414465 414465 414465 414450 414450 414450 
1 compute 290287141988
1 comm_size 32
1 allReduce 2 8396744855
1 compute 66336068
1 compute 346
1 allToAllV 13262850 414465 414465 414465 414465 414465 414465 414465 414465 414465 414465 414465 414465 414465 414465 414465 414465 414465 414465 414465 414465 414465 414465 414465 414465 414465 414465 414465 414465 414465 414450 414450 414450  13097094  414465 414465 414465 414465 414465 414465 414465 414465 414465 414465 414465 414465 414465 414465 414465 414465 414465 414465 414465 414465 414465 414465 414465 414465 414465 386834 386834 386834 386834 386834 386834 386834 
1 compute 116083978
1 comm_size 32
1 allReduce 7 31054026
1 compute 210073877
1 comm_size 32
1 allReduce 223729 178610941
1 compute 10180005
1 compute 346
1 allToAllV 13097094 414465 414465 414465 414465 414465 414465 414465 414465 414465 414465 414465 414465 414465 414465 414465 414465 414465 414465 414465 414465 414465 414465 414465 414465 414465 386834 386834 386834 386834 386834 386834 386834  13262850  414465 414465 414465 414465 414465 414465 414465 414465 414465 414465 414465 414465 414465 414465 414465 414465 414465 414465 414465 414465 414465 414465 414465 414465 414465 414465 414465 414465 414465 414450 414450 414450 
1 compute 31413037797
1 compute 336
1 reduceScatter 176256 176256 176256 176256 176256 176256 176256 176256 176256 176256 176256 176256 176256 176256 176256 176256 176256 176256 176256 176256 176256 176256 176256 176256 176256 176256 176256 176256 176256 176256 0 0 2536022911 
1 compute 24960933
1 comm_size 32
1 allReduce 2 739152459
1 compute 21531535
1 allToAll 13824 13824 
1 compute 72648466
1 allToAll 13824 13824 
1 compute 20698174
1 comm_size 32
1 allReduce 1 5896781
1 compute 1064473
1 compute 344
1 allGatherV 176256 176256 176256 176256 176256 176256 176256 176256 176256 176256 176256 176256 176256 176256 176256 176256 176256 176256 176256 176256 176256 176256 176256 176256 176256 176256 176256 176256 176256 176256 176256 0 0 0 176256 352512 528768 705024 881280 1057536 1233792 1410048 1586304 1762560 1938816 2115072 2291328 2467584 2643840 2820096 2996352 3172608 3348864 3525120 3701376 3877632 4053888 4230144 4406400 4582656 4758912 4935168 5111424 5258304 5258304 
1 compute 91011934494
1 comm_size 32
1 allReduce 4 2476149014
1 compute 66332754
1 compute 346
1 allToAllV 13262850 414465 414465 414465 414465 414465 414465 414465 414465 414465 414465 414465 414465 414465 414465 414465 414465 414465 414465 414465 414465 414465 414465 414465 414465 414465 414465 414465 414465 414465 414450 414450 414450  13097094  414465 414465 414465 414465 414465 414465 414465 414465 414465 414465 414465 414465 414465 414465 414465 414465 414465 414465 414465 414465 414465 414465 414465 414465 414465 386834 386834 386834 386834 386834 386834 386834 
1 compute 917805
1 comm_size 32
1 allReduce 223729 190086567
1 compute 11277
1 comm_size 32
1 allReduce 1 31631072
1 compute 11028
1 compute 346
1 allToAllV 13097094 414465 414465 414465 414465 414465 414465 414465 414465 414465 414465 414465 414465 414465 414465 414465 414465 414465 414465 414465 414465 414465 414465 414465 414465 414465 386834 386834 386834 386834 386834 386834 386834  13262850  414465 414465 414465 414465 414465 414465 414465 414465 414465 414465 414465 414465 414465 414465 414465 414465 414465 414465 414465 414465 414465 414465 414465 414465 414465 414465 414465 414465 414465 414450 414450 414450 
1 compute 290287125487
1 comm_size 32
1 allReduce 2 8335024513
1 compute 66336063
1 compute 346
1 allToAllV 13262850 414465 414465 414465 414465 414465 414465 414465 414465 414465 414465 414465 414465 414465 414465 414465 414465 414465 414465 414465 414465 414465 414465 414465 414465 414465 414465 414465 414465 414465 414450 414450 414450  13097094  414465 414465 414465 414465 414465 414465 414465 414465 414465 414465 414465 414465 414465 414465 414465 414465 414465 414465 414465 414465 414465 414465 414465 414465 414465 386834 386834 386834 386834 386834 386834 386834 
1 compute 194475385
1 comm_size 32
1 allReduce 7 20103481
1 compute 445335789
1 comm_size 32
1 allReduce 223729 714923372
1 compute 10179826
1 compute 346
1 allToAllV 13097094 414465 414465 414465 414465 414465 414465 414465 414465 414465 414465 414465 414465 414465 414465 414465 414465 414465 414465 414465 414465 414465 414465 414465 414465 414465 386834 386834 386834 386834 386834 386834 386834  13262850  414465 414465 414465 414465 414465 414465 414465 414465 414465 414465 414465 414465 414465 414465 414465 414465 414465 414465 414465 414465 414465 414465 414465 414465 414465 414465 414465 414465 414465 414450 414450 414450 
1 compute 31413038331
1 compute 336
1 reduceScatter 176256 176256 176256 176256 176256 176256 176256 176256 176256 176256 176256 176256 176256 176256 176256 176256 176256 176256 176256 176256 176256 176256 176256 176256 176256 176256 176256 176256 176256 176256 0 0 3523049994 
1 compute 24691197
1 comm_size 32
1 allReduce 2 1281688216
1 compute 21531511
1 allToAll 13824 13824 
1 compute 72648258
1 allToAll 13824 13824 
1 compute 20698144
1 comm_size 32
1 allReduce 1 7725781
1 compute 1064473
1 compute 344
1 allGatherV 176256 176256 176256 176256 176256 176256 176256 176256 176256 176256 176256 176256 176256 176256 176256 176256 176256 176256 176256 176256 176256 176256 176256 176256 176256 176256 176256 176256 176256 176256 176256 0 0 0 176256 352512 528768 705024 881280 1057536 1233792 1410048 1586304 1762560 1938816 2115072 2291328 2467584 2643840 2820096 2996352 3172608 3348864 3525120 3701376 3877632 4053888 4230144 4406400 4582656 4758912 4935168 5111424 5258304 5258304 
1 compute 91011425871
1 comm_size 32
1 allReduce 4 2417576196
1 compute 66332753
1 compute 346
1 allToAllV 13262850 414465 414465 414465 414465 414465 414465 414465 414465 414465 414465 414465 414465 414465 414465 414465 414465 414465 414465 414465 414465 414465 414465 414465 414465 414465 414465 414465 414465 414465 414450 414450 414450  13097094  414465 414465 414465 414465 414465 414465 414465 414465 414465 414465 414465 414465 414465 414465 414465 414465 414465 414465 414465 414465 414465 414465 414465 414465 414465 386834 386834 386834 386834 386834 386834 386834 
1 compute 917799
1 comm_size 32
1 allReduce 223729 279958823
1 compute 11273
1 comm_size 32
1 allReduce 1 44311597
1 compute 11100
1 compute 346
1 allToAllV 13097094 414465 414465 414465 414465 414465 414465 414465 414465 414465 414465 414465 414465 414465 414465 414465 414465 414465 414465 414465 414465 414465 414465 414465 414465 414465 386834 386834 386834 386834 386834 386834 386834  13262850  414465 414465 414465 414465 414465 414465 414465 414465 414465 414465 414465 414465 414465 414465 414465 414465 414465 414465 414465 414465 414465 414465 414465 414465 414465 414465 414465 414465 414465 414450 414450 414450 
1 compute 290287123463
1 comm_size 32
1 allReduce 2 7775824377
1 compute 66336064
1 compute 346
1 allToAllV 13262850 414465 414465 414465 414465 414465 414465 414465 414465 414465 414465 414465 414465 414465 414465 414465 414465 414465 414465 414465 414465 414465 414465 414465 414465 414465 414465 414465 414465 414465 414450 414450 414450  13097094  414465 414465 414465 414465 414465 414465 414465 414465 414465 414465 414465 414465 414465 414465 414465 414465 414465 414465 414465 414465 414465 414465 414465 414465 414465 386834 386834 386834 386834 386834 386834 386834 
1 compute 272892313
1 comm_size 32
1 allReduce 7 33414735
1 compute 602164193
1 comm_size 32
1 allReduce 223729 847738330
1 compute 10179984
1 compute 346
1 allToAllV 13097094 414465 414465 414465 414465 414465 414465 414465 414465 414465 414465 414465 414465 414465 414465 414465 414465 414465 414465 414465 414465 414465 414465 414465 414465 414465 386834 386834 386834 386834 386834 386834 386834  13262850  414465 414465 414465 414465 414465 414465 414465 414465 414465 414465 414465 414465 414465 414465 414465 414465 414465 414465 414465 414465 414465 414465 414465 414465 414465 414465 414465 414465 414465 414450 414450 414450 
1 compute 31413037813
1 compute 336
1 reduceScatter 176256 176256 176256 176256 176256 176256 176256 176256 176256 176256 176256 176256 176256 176256 176256 176256 176256 176256 176256 176256 176256 176256 176256 176256 176256 176256 176256 176256 176256 176256 0 0 5368271037 
1 compute 24721949
1 comm_size 32
1 allReduce 2 852603213
1 compute 21531511
1 allToAll 13824 13824 
1 compute 72648258
1 allToAll 13824 13824 
1 compute 20698144
1 comm_size 32
1 allReduce 1 3357398
1 compute 1064473
1 compute 344
1 allGatherV 176256 176256 176256 176256 176256 176256 176256 176256 176256 176256 176256 176256 176256 176256 176256 176256 176256 176256 176256 176256 176256 176256 176256 176256 176256 176256 176256 176256 176256 176256 176256 0 0 0 176256 352512 528768 705024 881280 1057536 1233792 1410048 1586304 1762560 1938816 2115072 2291328 2467584 2643840 2820096 2996352 3172608 3348864 3525120 3701376 3877632 4053888 4230144 4406400 4582656 4758912 4935168 5111424 5258304 5258304 
1 compute 91011425729
1 comm_size 32
1 allReduce 4 2468623745
1 compute 66332755
1 compute 346
1 allToAllV 13262850 414465 414465 414465 414465 414465 414465 414465 414465 414465 414465 414465 414465 414465 414465 414465 414465 414465 414465 414465 414465 414465 414465 414465 414465 414465 414465 414465 414465 414465 414450 414450 414450  13097094  414465 414465 414465 414465 414465 414465 414465 414465 414465 414465 414465 414465 414465 414465 414465 414465 414465 414465 414465 414465 414465 414465 414465 414465 414465 386834 386834 386834 386834 386834 386834 386834 
1 compute 917799
1 comm_size 32
1 allReduce 223729 167007204
1 compute 11273
1 comm_size 32
1 allReduce 1 45619552
1 compute 11100
1 compute 346
1 allToAllV 13097094 414465 414465 414465 414465 414465 414465 414465 414465 414465 414465 414465 414465 414465 414465 414465 414465 414465 414465 414465 414465 414465 414465 414465 414465 414465 386834 386834 386834 386834 386834 386834 386834  13262850  414465 414465 414465 414465 414465 414465 414465 414465 414465 414465 414465 414465 414465 414465 414465 414465 414465 414465 414465 414465 414465 414465 414465 414465 414465 414465 414465 414465 414465 414450 414450 414450 
1 compute 290287123472
1 comm_size 32
1 allReduce 2 7813588772
1 compute 66336063
1 compute 346
1 allToAllV 13262850 414465 414465 414465 414465 414465 414465 414465 414465 414465 414465 414465 414465 414465 414465 414465 414465 414465 414465 414465 414465 414465 414465 414465 414465 414465 414465 414465 414465 414465 414450 414450 414450  13097094  414465 414465 414465 414465 414465 414465 414465 414465 414465 414465 414465 414465 414465 414465 414465 414465 414465 414465 414465 414465 414465 414465 414465 414465 414465 386834 386834 386834 386834 386834 386834 386834 
1 compute 351309228
1 comm_size 32
1 allReduce 7 46200899
1 compute 758999509
1 comm_size 32
1 allReduce 223729 255663055
1 compute 10179718
1 compute 346
1 allToAllV 13097094 414465 414465 414465 414465 414465 414465 414465 414465 414465 414465 414465 414465 414465 414465 414465 414465 414465 414465 414465 414465 414465 414465 414465 414465 414465 386834 386834 386834 386834 386834 386834 386834  13262850  414465 414465 414465 414465 414465 414465 414465 414465 414465 414465 414465 414465 414465 414465 414465 414465 414465 414465 414465 414465 414465 414465 414465 414465 414465 414465 414465 414465 414465 414450 414450 414450 
1 compute 31413037809
1 compute 336
1 reduceScatter 176256 176256 176256 176256 176256 176256 176256 176256 176256 176256 176256 176256 176256 176256 176256 176256 176256 176256 176256 176256 176256 176256 176256 176256 176256 176256 176256 176256 176256 176256 0 0 2142562664 
1 compute 24732757
1 comm_size 32
1 allReduce 2 743784405
1 compute 21531510
1 allToAll 13824 13824 
1 compute 72648258
1 allToAll 13824 13824 
1 compute 20698144
1 comm_size 32
1 allReduce 1 3690690
1 compute 1064473
1 compute 344
1 allGatherV 176256 176256 176256 176256 176256 176256 176256 176256 176256 176256 176256 176256 176256 176256 176256 176256 176256 176256 176256 176256 176256 176256 176256 176256 176256 176256 176256 176256 176256 176256 176256 0 0 0 176256 352512 528768 705024 881280 1057536 1233792 1410048 1586304 1762560 1938816 2115072 2291328 2467584 2643840 2820096 2996352 3172608 3348864 3525120 3701376 3877632 4053888 4230144 4406400 4582656 4758912 4935168 5111424 5258304 5258304 
1 compute 91011425732
1 comm_size 32
1 allReduce 4 2405236092
1 compute 66332753
1 compute 346
1 allToAllV 13262850 414465 414465 414465 414465 414465 414465 414465 414465 414465 414465 414465 414465 414465 414465 414465 414465 414465 414465 414465 414465 414465 414465 414465 414465 414465 414465 414465 414465 414465 414450 414450 414450  13097094  414465 414465 414465 414465 414465 414465 414465 414465 414465 414465 414465 414465 414465 414465 414465 414465 414465 414465 414465 414465 414465 414465 414465 414465 414465 386834 386834 386834 386834 386834 386834 386834 
1 compute 917799
1 comm_size 32
1 allReduce 223729 175214740
1 compute 11273
1 comm_size 32
1 allReduce 1 42186000
1 compute 11100
1 compute 346
1 allToAllV 13097094 414465 414465 414465 414465 414465 414465 414465 414465 414465 414465 414465 414465 414465 414465 414465 414465 414465 414465 414465 414465 414465 414465 414465 414465 414465 386834 386834 386834 386834 386834 386834 386834  13262850  414465 414465 414465 414465 414465 414465 414465 414465 414465 414465 414465 414465 414465 414465 414465 414465 414465 414465 414465 414465 414465 414465 414465 414465 414465 414465 414465 414465 414465 414450 414450 414450 
1 compute 290287123489
1 comm_size 32
1 allReduce 2 7982948356
1 compute 66336064
1 compute 346
1 allToAllV 13262850 414465 414465 414465 414465 414465 414465 414465 414465 414465 414465 414465 414465 414465 414465 414465 414465 414465 414465 414465 414465 414465 414465 414465 414465 414465 414465 414465 414465 414465 414450 414450 414450  13097094  414465 414465 414465 414465 414465 414465 414465 414465 414465 414465 414465 414465 414465 414465 414465 414465 414465 414465 414465 414465 414465 414465 414465 414465 414465 386834 386834 386834 386834 386834 386834 386834 
1 compute 429726163
1 comm_size 32
1 allReduce 7 10915788
1 compute 915835117
1 comm_size 32
1 allReduce 223729 212636775
1 compute 10179968
1 compute 346
1 allToAllV 13097094 414465 414465 414465 414465 414465 414465 414465 414465 414465 414465 414465 414465 414465 414465 414465 414465 414465 414465 414465 414465 414465 414465 414465 414465 414465 386834 386834 386834 386834 386834 386834 386834  13262850  414465 414465 414465 414465 414465 414465 414465 414465 414465 414465 414465 414465 414465 414465 414465 414465 414465 414465 414465 414465 414465 414465 414465 414465 414465 414465 414465 414465 414465 414450 414450 414450 
1 compute 31413037808
1 compute 336
1 reduceScatter 176256 176256 176256 176256 176256 176256 176256 176256 176256 176256 176256 176256 176256 176256 176256 176256 176256 176256 176256 176256 176256 176256 176256 176256 176256 176256 176256 176256 176256 176256 0 0 1971726542 
1 compute 24719291
1 comm_size 32
1 allReduce 2 764432243
1 compute 21531510
1 allToAll 13824 13824 
1 compute 72648259
1 allToAll 13824 13824 
1 compute 20698144
1 comm_size 32
1 allReduce 1 3140966
1 compute 1064474
1 compute 344
1 allGatherV 176256 176256 176256 176256 176256 176256 176256 176256 176256 176256 176256 176256 176256 176256 176256 176256 176256 176256 176256 176256 176256 176256 176256 176256 176256 176256 176256 176256 176256 176256 176256 0 0 0 176256 352512 528768 705024 881280 1057536 1233792 1410048 1586304 1762560 1938816 2115072 2291328 2467584 2643840 2820096 2996352 3172608 3348864 3525120 3701376 3877632 4053888 4230144 4406400 4582656 4758912 4935168 5111424 5258304 5258304 
1 compute 91011425739
1 comm_size 32
1 allReduce 4 2439008860
1 compute 66332753
1 compute 346
1 allToAllV 13262850 414465 414465 414465 414465 414465 414465 414465 414465 414465 414465 414465 414465 414465 414465 414465 414465 414465 414465 414465 414465 414465 414465 414465 414465 414465 414465 414465 414465 414465 414450 414450 414450  13097094  414465 414465 414465 414465 414465 414465 414465 414465 414465 414465 414465 414465 414465 414465 414465 414465 414465 414465 414465 414465 414465 414465 414465 414465 414465 386834 386834 386834 386834 386834 386834 386834 
1 compute 917799
1 comm_size 32
1 allReduce 223729 171004330
1 compute 11273
1 comm_size 32
1 allReduce 1 58064933
1 compute 11100
1 compute 346
1 allToAllV 13097094 414465 414465 414465 414465 414465 414465 414465 414465 414465 414465 414465 414465 414465 414465 414465 414465 414465 414465 414465 414465 414465 414465 414465 414465 414465 386834 386834 386834 386834 386834 386834 386834  13262850  414465 414465 414465 414465 414465 414465 414465 414465 414465 414465 414465 414465 414465 414465 414465 414465 414465 414465 414465 414465 414465 414465 414465 414465 414465 414465 414465 414465 414465 414450 414450 414450 
1 compute 290287123459
1 comm_size 32
1 allReduce 2 7769417776
1 compute 66336063
1 compute 346
1 allToAllV 13262850 414465 414465 414465 414465 414465 414465 414465 414465 414465 414465 414465 414465 414465 414465 414465 414465 414465 414465 414465 414465 414465 414465 414465 414465 414465 414465 414465 414465 414465 414450 414450 414450  13097094  414465 414465 414465 414465 414465 414465 414465 414465 414465 414465 414465 414465 414465 414465 414465 414465 414465 414465 414465 414465 414465 414465 414465 414465 414465 386834 386834 386834 386834 386834 386834 386834 
1 compute 508143082
1 comm_size 32
1 allReduce 7 32444427
1 compute 1020353032
1 comm_size 32
1 allReduce 223729 267583486
1 compute 10179807
1 compute 346
1 allToAllV 13097094 414465 414465 414465 414465 414465 414465 414465 414465 414465 414465 414465 414465 414465 414465 414465 414465 414465 414465 414465 414465 414465 414465 414465 414465 414465 386834 386834 386834 386834 386834 386834 386834  13262850  414465 414465 414465 414465 414465 414465 414465 414465 414465 414465 414465 414465 414465 414465 414465 414465 414465 414465 414465 414465 414465 414465 414465 414465 414465 414465 414465 414465 414465 414450 414450 414450 
1 compute 31413037783
1 compute 336
1 reduceScatter 176256 176256 176256 176256 176256 176256 176256 176256 176256 176256 176256 176256 176256 176256 176256 176256 176256 176256 176256 176256 176256 176256 176256 176256 176256 176256 176256 176256 176256 176256 0 0 2106338835 
1 compute 24728581
1 comm_size 32
1 allReduce 2 754014072
1 compute 21531511
1 allToAll 13824 13824 
1 compute 72648258
1 allToAll 13824 13824 
1 compute 20698144
1 comm_size 32
1 allReduce 1 3383400
1 compute 1064473
1 compute 344
1 allGatherV 176256 176256 176256 176256 176256 176256 176256 176256 176256 176256 176256 176256 176256 176256 176256 176256 176256 176256 176256 176256 176256 176256 176256 176256 176256 176256 176256 176256 176256 176256 176256 0 0 0 176256 352512 528768 705024 881280 1057536 1233792 1410048 1586304 1762560 1938816 2115072 2291328 2467584 2643840 2820096 2996352 3172608 3348864 3525120 3701376 3877632 4053888 4230144 4406400 4582656 4758912 4935168 5111424 5258304 5258304 
1 compute 91011425734
1 comm_size 32
1 allReduce 4 2443539118
1 compute 66332753
1 compute 346
1 allToAllV 13262850 414465 414465 414465 414465 414465 414465 414465 414465 414465 414465 414465 414465 414465 414465 414465 414465 414465 414465 414465 414465 414465 414465 414465 414465 414465 414465 414465 414465 414465 414450 414450 414450  13097094  414465 414465 414465 414465 414465 414465 414465 414465 414465 414465 414465 414465 414465 414465 414465 414465 414465 414465 414465 414465 414465 414465 414465 414465 414465 386834 386834 386834 386834 386834 386834 386834 
1 compute 917799
1 comm_size 32
1 allReduce 223729 187087899
1 compute 11273
1 comm_size 32
1 allReduce 1 35017821
1 compute 11100
1 compute 346
1 allToAllV 13097094 414465 414465 414465 414465 414465 414465 414465 414465 414465 414465 414465 414465 414465 414465 414465 414465 414465 414465 414465 414465 414465 414465 414465 414465 414465 386834 386834 386834 386834 386834 386834 386834  13262850  414465 414465 414465 414465 414465 414465 414465 414465 414465 414465 414465 414465 414465 414465 414465 414465 414465 414465 414465 414465 414465 414465 414465 414465 414465 414465 414465 414465 414465 414450 414450 414450 
1 compute 290287123469
1 comm_size 32
1 allReduce 2 7696422346
1 compute 66336063
1 compute 346
1 allToAllV 13262850 414465 414465 414465 414465 414465 414465 414465 414465 414465 414465 414465 414465 414465 414465 414465 414465 414465 414465 414465 414465 414465 414465 414465 414465 414465 414465 414465 414465 414465 414450 414450 414450  13097094  414465 414465 414465 414465 414465 414465 414465 414465 414465 414465 414465 414465 414465 414465 414465 414465 414465 414465 414465 414465 414465 414465 414465 414465 414465 386834 386834 386834 386834 386834 386834 386834 
1 compute 508118152
1 comm_size 32
1 allReduce 7 11751449
1 compute 1020353198
1 comm_size 32
1 allReduce 223729 257337696
1 compute 10180041
1 compute 346
1 allToAllV 13097094 414465 414465 414465 414465 414465 414465 414465 414465 414465 414465 414465 414465 414465 414465 414465 414465 414465 414465 414465 414465 414465 414465 414465 414465 414465 386834 386834 386834 386834 386834 386834 386834  13262850  414465 414465 414465 414465 414465 414465 414465 414465 414465 414465 414465 414465 414465 414465 414465 414465 414465 414465 414465 414465 414465 414465 414465 414465 414465 414465 414465 414465 414465 414450 414450 414450 
1 compute 31413037807
1 compute 336
1 reduceScatter 176256 176256 176256 176256 176256 176256 176256 176256 176256 176256 176256 176256 176256 176256 176256 176256 176256 176256 176256 176256 176256 176256 176256 176256 176256 176256 176256 176256 176256 176256 0 0 2014904026 
1 compute 24995437
1 comm_size 32
1 allReduce 2 773157185
1 compute 21531511
1 allToAll 13824 13824 
1 compute 72648258
1 allToAll 13824 13824 
1 compute 20698144
1 comm_size 32
1 allReduce 1 3468927
1 compute 1064473
1 compute 344
1 allGatherV 176256 176256 176256 176256 176256 176256 176256 176256 176256 176256 176256 176256 176256 176256 176256 176256 176256 176256 176256 176256 176256 176256 176256 176256 176256 176256 176256 176256 176256 176256 176256 0 0 0 176256 352512 528768 705024 881280 1057536 1233792 1410048 1586304 1762560 1938816 2115072 2291328 2467584 2643840 2820096 2996352 3172608 3348864 3525120 3701376 3877632 4053888 4230144 4406400 4582656 4758912 4935168 5111424 5258304 5258304 
1 compute 91011425733
1 comm_size 32
1 allReduce 4 2642735779
1 compute 66332753
1 compute 346
1 allToAllV 13262850 414465 414465 414465 414465 414465 414465 414465 414465 414465 414465 414465 414465 414465 414465 414465 414465 414465 414465 414465 414465 414465 414465 414465 414465 414465 414465 414465 414465 414465 414450 414450 414450  13097094  414465 414465 414465 414465 414465 414465 414465 414465 414465 414465 414465 414465 414465 414465 414465 414465 414465 414465 414465 414465 414465 414465 414465 414465 414465 386834 386834 386834 386834 386834 386834 386834 
1 compute 917799
1 comm_size 32
1 allReduce 223729 127041700
1 compute 11273
1 comm_size 32
1 allReduce 1 56869110
1 compute 11100
1 compute 346
1 allToAllV 13097094 414465 414465 414465 414465 414465 414465 414465 414465 414465 414465 414465 414465 414465 414465 414465 414465 414465 414465 414465 414465 414465 414465 414465 414465 414465 386834 386834 386834 386834 386834 386834 386834  13262850  414465 414465 414465 414465 414465 414465 414465 414465 414465 414465 414465 414465 414465 414465 414465 414465 414465 414465 414465 414465 414465 414465 414465 414465 414465 414465 414465 414465 414465 414450 414450 414450 
1 compute 290287123481
1 comm_size 32
1 allReduce 2 8073071618
1 compute 66336063
1 compute 346
1 allToAllV 13262850 414465 414465 414465 414465 414465 414465 414465 414465 414465 414465 414465 414465 414465 414465 414465 414465 414465 414465 414465 414465 414465 414465 414465 414465 414465 414465 414465 414465 414465 414450 414450 414450  13097094  414465 414465 414465 414465 414465 414465 414465 414465 414465 414465 414465 414465 414465 414465 414465 414465 414465 414465 414465 414465 414465 414465 414465 414465 414465 386834 386834 386834 386834 386834 386834 386834 
1 compute 508118152
1 comm_size 32
1 allReduce 7 85369465
1 compute 1020353054
1 comm_size 32
1 allReduce 223729 219508156
1 compute 10179885
1 compute 346
1 allToAllV 13097094 414465 414465 414465 414465 414465 414465 414465 414465 414465 414465 414465 414465 414465 414465 414465 414465 414465 414465 414465 414465 414465 414465 414465 414465 414465 386834 386834 386834 386834 386834 386834 386834  13262850  414465 414465 414465 414465 414465 414465 414465 414465 414465 414465 414465 414465 414465 414465 414465 414465 414465 414465 414465 414465 414465 414465 414465 414465 414465 414465 414465 414465 414465 414450 414450 414450 
1 compute 31413037805
1 compute 336
1 reduceScatter 176256 176256 176256 176256 176256 176256 176256 176256 176256 176256 176256 176256 176256 176256 176256 176256 176256 176256 176256 176256 176256 176256 176256 176256 176256 176256 176256 176256 176256 176256 0 0 2061743428 
1 compute 24726400
1 comm_size 32
1 allReduce 2 750551543
1 compute 21531511
1 allToAll 13824 13824 
1 compute 72648258
1 allToAll 13824 13824 
1 compute 20698144
1 comm_size 32
1 allReduce 1 1990559
1 compute 1064473
1 compute 344
1 allGatherV 176256 176256 176256 176256 176256 176256 176256 176256 176256 176256 176256 176256 176256 176256 176256 176256 176256 176256 176256 176256 176256 176256 176256 176256 176256 176256 176256 176256 176256 176256 176256 0 0 0 176256 352512 528768 705024 881280 1057536 1233792 1410048 1586304 1762560 1938816 2115072 2291328 2467584 2643840 2820096 2996352 3172608 3348864 3525120 3701376 3877632 4053888 4230144 4406400 4582656 4758912 4935168 5111424 5258304 5258304 
1 compute 91011425732
1 comm_size 32
1 allReduce 4 2498631925
1 compute 66332753
1 compute 346
1 allToAllV 13262850 414465 414465 414465 414465 414465 414465 414465 414465 414465 414465 414465 414465 414465 414465 414465 414465 414465 414465 414465 414465 414465 414465 414465 414465 414465 414465 414465 414465 414465 414450 414450 414450  13097094  414465 414465 414465 414465 414465 414465 414465 414465 414465 414465 414465 414465 414465 414465 414465 414465 414465 414465 414465 414465 414465 414465 414465 414465 414465 386834 386834 386834 386834 386834 386834 386834 
1 compute 917799
1 comm_size 32
1 allReduce 223729 192227433
1 compute 11265
1 comm_size 32
1 allReduce 1 26328385
1 compute 11100
1 compute 346
1 allToAllV 13097094 414465 414465 414465 414465 414465 414465 414465 414465 414465 414465 414465 414465 414465 414465 414465 414465 414465 414465 414465 414465 414465 414465 414465 414465 414465 386834 386834 386834 386834 386834 386834 386834  13262850  414465 414465 414465 414465 414465 414465 414465 414465 414465 414465 414465 414465 414465 414465 414465 414465 414465 414465 414465 414465 414465 414465 414465 414465 414465 414465 414465 414465 414465 414450 414450 414450 
1 compute 290287123468
1 comm_size 32
1 allReduce 2 7544294074
1 compute 66336063
1 compute 346
1 allToAllV 13262850 414465 414465 414465 414465 414465 414465 414465 414465 414465 414465 414465 414465 414465 414465 414465 414465 414465 414465 414465 414465 414465 414465 414465 414465 414465 414465 414465 414465 414465 414450 414450 414450  13097094  414465 414465 414465 414465 414465 414465 414465 414465 414465 414465 414465 414465 414465 414465 414465 414465 414465 414465 414465 414465 414465 414465 414465 414465 414465 386834 386834 386834 386834 386834 386834 386834 
1 compute 508118161
1 comm_size 32
1 allReduce 7 22573261
1 compute 1020353199
1 comm_size 32
1 allReduce 223729 249416517
1 compute 10179796
1 compute 346
1 allToAllV 13097094 414465 414465 414465 414465 414465 414465 414465 414465 414465 414465 414465 414465 414465 414465 414465 414465 414465 414465 414465 414465 414465 414465 414465 414465 414465 386834 386834 386834 386834 386834 386834 386834  13262850  414465 414465 414465 414465 414465 414465 414465 414465 414465 414465 414465 414465 414465 414465 414465 414465 414465 414465 414465 414465 414465 414465 414465 414465 414465 414465 414465 414465 414465 414450 414450 414450 
1 compute 66332632
1 compute 1093
1 gather 133 133 0 
1 compute 31346707464
1 compute 336
1 reduceScatter 176256 176256 176256 176256 176256 176256 176256 176256 176256 176256 176256 176256 176256 176256 176256 176256 176256 176256 176256 176256 176256 176256 176256 176256 176256 176256 176256 176256 176256 176256 0 0 2139424122 
1 compute 24726411
1 comm_size 32
1 allReduce 2 752567230
1 compute 21531372
1 allToAll 13824 13824 
1 compute 72648218
1 allToAll 13824 13824 
1 compute 20697937
1 comm_size 32
1 allReduce 1 2426006
1 compute 1064413
1 compute 344
1 allGatherV 176256 176256 176256 176256 176256 176256 176256 176256 176256 176256 176256 176256 176256 176256 176256 176256 176256 176256 176256 176256 176256 176256 176256 176256 176256 176256 176256 176256 176256 176256 176256 0 0 0 176256 352512 528768 705024 881280 1057536 1233792 1410048 1586304 1762560 1938816 2115072 2291328 2467584 2643840 2820096 2996352 3172608 3348864 3525120 3701376 3877632 4053888 4230144 4406400 4582656 4758912 4935168 5111424 5258304 5258304 
1 compute 91011425446
1 comm_size 32
1 allReduce 4 2504213189
1 compute 66332590
1 compute 346
1 allToAllV 13262850 414465 414465 414465 414465 414465 414465 414465 414465 414465 414465 414465 414465 414465 414465 414465 414465 414465 414465 414465 414465 414465 414465 414465 414465 414465 414465 414465 414465 414465 414450 414450 414450  13097094  414465 414465 414465 414465 414465 414465 414465 414465 414465 414465 414465 414465 414465 414465 414465 414465 414465 414465 414465 414465 414465 414465 414465 414465 414465 386834 386834 386834 386834 386834 386834 386834 
1 compute 910273
1 comm_size 32
1 allReduce 223729 202217200
1 compute 1567900463
1 comm_size 32
1 allReduce 1 33571403
1 compute 9919
1 compute 346
1 allToAllV 13097094 414465 414465 414465 414465 414465 414465 414465 414465 414465 414465 414465 414465 414465 414465 414465 414465 414465 414465 414465 414465 414465 414465 414465 414465 414465 386834 386834 386834 386834 386834 386834 386834  13262850  414465 414465 414465 414465 414465 414465 414465 414465 414465 414465 414465 414465 414465 414465 414465 414465 414465 414465 414465 414465 414465 414465 414465 414465 414465 414465 414465 414465 414465 414450 414450 414450 
1 compute 66332381
1 comm_size 32
1 bcast 473 31 0
1 compute 337
1 barrier
1 compute 31293667550
1 compute 336
1 reduceScatter 176256 176256 176256 176256 176256 176256 176256 176256 176256 176256 176256 176256 176256 176256 176256 176256 176256 176256 176256 176256 176256 176256 176256 176256 176256 176256 176256 176256 176256 176256 0 0 2365617511 
1 compute 21791204
1 allToAll 13824 13824 
1 compute 72648118
1 allToAll 13824 13824 
1 compute 20516880
1 comm_size 32
1 allReduce 1 1829478
1 compute 987
1 comm_size 32
1 allReduce 6 934485
1 compute 4255
1 compute 344
1 allGatherV 176256 176256 176256 176256 176256 176256 176256 176256 176256 176256 176256 176256 176256 176256 176256 176256 176256 176256 176256 176256 176256 176256 176256 176256 176256 176256 176256 176256 176256 176256 176256 0 0 0 176256 352512 528768 705024 881280 1057536 1233792 1410048 1586304 1762560 1938816 2115072 2291328 2467584 2643840 2820096 2996352 3172608 3348864 3525120 3701376 3877632 4053888 4230144 4406400 4582656 4758912 4935168 5111424 5258304 5258304 
1 compute 10321050878
1 comm_size 32
1 allReduce 795 651730571
1 compute 993
1 comm_size 32
1 allReduce 1 874481
1 compute 47111
1 barrier
1 compute 504029
1 compute 1112
1 gather 133 133 0 
1 compute 2425
1 compute 451
1 gather 3 3 0 
1 compute 87169
1 barrier
1 compute 20404
1 barrier
1 compute 346
1 barrier
1 compute 2654
1 finalize