0 init 1
0 compute 127161
0 compute 2652
0 compute 336432
0 compute 13372212
0 comm_size 32
0 bcast 1
0 compute 26057
0 barrier
0 compute 23239
0 comm_size 32
0 bcast 1
0 compute 24024
0 barrier
0 compute 23199
0 comm_size 32
0 bcast 1
0 compute 23948
0 barrier
0 compute 23116
0 comm_size 32
0 bcast 1
0 compute 23850
0 barrier
0 compute 23138
0 comm_size 32
0 bcast 1
0 compute 23760
0 barrier
0 compute 23104
0 comm_size 32
0 bcast 1
0 compute 23643
0 barrier
0 compute 23040
0 comm_size 32
0 bcast 1
0 compute 23735
0 barrier
0 compute 418
0 barrier
0 compute 168199
0 barrier
0 compute 44544678
0 barrier
0 compute 3419672
0 comm_size 32
0 bcast 1
0 compute 390181
0 barrier
0 compute 13182
0 comm_size 32
0 bcast 1
0 compute 54109
0 barrier
0 compute 5471962
0 barrier
0 compute 131738
0 gather 795 795 0 
0 compute 302221294
0 allToAll 1746 1746 
0 compute 276029
0 barrier
0 compute 409757278
0 comm_size 32
0 allReduce 32 12513009 1
0 compute 3035449395
0 compute 1525
0 allToAllV 13262850 414465 414465 414465 414465 414465 414465 414465 414465 414465 414465 414465 414465 414465 414465 414465 414465 414465 414465 414465 414465 414465 414465 414465 414465 414465 414465 414465 414465 414465 414450 414450 414450  13097094  414465 414465 414465 414465 414465 414465 414465 414465 414465 414465 414465 414465 414465 414465 414465 414465 414465 414465 414465 414465 414465 414465 414465 414465 414465 386834 386834 386834 386834 386834 386834 386834 
0 compute 1058645731
0 barrier
0 compute 7153
0 compute 332
0 allToAllV 13097094 414465 414465 414465 414465 414465 414465 414465 414465 414465 414465 414465 414465 414465 414465 414465 414465 414465 414465 414465 414465 414465 414465 414465 414465 414465 386834 386834 386834 386834 386834 386834 386834  13262850  414465 414465 414465 414465 414465 414465 414465 414465 414465 414465 414465 414465 414465 414465 414465 414465 414465 414465 414465 414465 414465 414465 414465 414465 414465 414465 414465 414465 414465 414450 414450 414450 
0 compute 915153801
0 barrier
0 compute 1455003037
0 allToAll 13824 13824 
0 compute 72649027
0 allToAll 13824 13824 
0 compute 20523056
0 comm_size 32
0 allReduce 1 11040132
0 compute 1383678084
0 comm_size 32
0 allReduce 795 56429098
0 compute 1518182851
0 comm_size 32
0 allReduce 2 67666587
0 compute 21668953
0 allToAll 13824 13824 
0 compute 72648705
0 allToAll 13824 13824 
0 compute 20522147
0 comm_size 32
0 allReduce 1 3081964
0 compute 47498994
0 comm_size 32
0 allReduce 32 13171326 1
0 compute 62566160216
0 compute 1717
0 reduceScatter 176256 176256 176256 176256 176256 176256 176256 176256 176256 176256 176256 176256 176256 176256 176256 176256 176256 176256 176256 176256 176256 176256 176256 176256 176256 176256 176256 176256 176256 176256 0 0 3461540659 
0 compute 23992385
0 comm_size 32
0 allReduce 2 8133
0 compute 21643443
0 allToAll 13824 13824 
0 compute 72647705
0 allToAll 13824 13824 
0 compute 20701406
0 comm_size 32
0 allReduce 1 3336383
0 compute 1087042
0 compute 1377
0 allGatherV 176256 176256 176256 176256 176256 176256 176256 176256 176256 176256 176256 176256 176256 176256 176256 176256 176256 176256 176256 176256 176256 176256 176256 176256 176256 176256 176256 176256 176256 176256 176256 0 0 0 176256 352512 528768 705024 881280 1057536 1233792 1410048 1586304 1762560 1938816 2115072 2291328 2467584 2643840 2820096 2996352 3172608 3348864 3525120 3701376 3877632 4053888 4230144 4406400 4582656 4758912 4935168 5111424 5258304 5258304 
0 compute 181884907984
0 comm_size 32
0 allReduce 4 2819897655
0 compute 132910309
0 compute 332
0 allToAllV 26525700 828930 828930 828930 828930 828930 828930 828930 828930 828930 828930 828930 828930 828930 828930 828930 828930 828930 828930 828930 828930 828930 828930 828930 828930 828930 828930 828930 828930 828930 828900 828900 828900  25834985  828930 828930 828930 828930 828930 828930 801299 801299 801299 801299 801299 801299 801299 801299 801299 801299 801299 801299 801299 801299 801299 801299 801299 801299 801299 801299 801299 801299 801299 801299 801299 801299 
0 compute 132663246
0 compute 332
0 allToAllV 26525700 828930 828930 828930 828930 828930 828930 828930 828930 828930 828930 828930 828930 828930 828930 828930 828930 828930 828930 828930 828930 828930 828930 828930 828930 828930 828930 828930 828930 828930 828900 828900 828900  25834985  828930 828930 828930 828930 828930 828930 801299 801299 801299 801299 801299 801299 801299 801299 801299 801299 801299 801299 801299 801299 801299 801299 801299 801299 801299 801299 801299 801299 801299 801299 801299 801299 
0 compute 10066894
0 comm_size 32
0 allReduce 1729832 1205191960
0 compute 10272744437
0 comm_size 32
0 bcast 934 31 0
0 compute 337
0 barrier
0 compute 65528854
0 comm_size 32
0 bcast 1729832
0 compute 1590052
0 comm_size 32
0 allReduce 223729 356729152
0 compute 10199640
0 compute 346
0 allToAllV 13097094 414465 414465 414465 414465 414465 414465 414465 414465 414465 414465 414465 414465 414465 414465 414465 414465 414465 414465 414465 414465 414465 414465 414465 414465 414465 386834 386834 386834 386834 386834 386834 386834  13262850  414465 414465 414465 414465 414465 414465 414465 414465 414465 414465 414465 414465 414465 414465 414465 414465 414465 414465 414465 414465 414465 414465 414465 414465 414465 414465 414465 414465 414465 414450 414450 414450 
0 compute 66479118
0 compute 1138
0 gather 133 133 0 
0 compute 31348146424
0 compute 336
0 reduceScatter 176256 176256 176256 176256 176256 176256 176256 176256 176256 176256 176256 176256 176256 176256 176256 176256 176256 176256 176256 176256 176256 176256 176256 176256 176256 176256 176256 176256 176256 176256 0 0 3235752857 
0 compute 24027500
0 comm_size 32
0 allReduce 2 856380
0 compute 21642758
0 allToAll 13824 13824 
0 compute 72648167
0 allToAll 13824 13824 
0 compute 20700213
0 comm_size 32
0 allReduce 1 3966705
0 compute 1072133
0 compute 344
0 allGatherV 176256 176256 176256 176256 176256 176256 176256 176256 176256 176256 176256 176256 176256 176256 176256 176256 176256 176256 176256 176256 176256 176256 176256 176256 176256 176256 176256 176256 176256 176256 176256 0 0 0 176256 352512 528768 705024 881280 1057536 1233792 1410048 1586304 1762560 1938816 2115072 2291328 2467584 2643840 2820096 2996352 3172608 3348864 3525120 3701376 3877632 4053888 4230144 4406400 4582656 4758912 4935168 5111424 5258304 5258304 
0 compute 91012905065
0 comm_size 32
0 allReduce 4 2620242804
0 compute 66353731
0 compute 346
0 allToAllV 13262850 414465 414465 414465 414465 414465 414465 414465 414465 414465 414465 414465 414465 414465 414465 414465 414465 414465 414465 414465 414465 414465 414465 414465 414465 414465 414465 414465 414465 414465 414450 414450 414450  13097094  414465 414465 414465 414465 414465 414465 414465 414465 414465 414465 414465 414465 414465 414465 414465 414465 414465 414465 414465 414465 414465 414465 414465 414465 414465 386834 386834 386834 386834 386834 386834 386834 
0 compute 924220
0 comm_size 32
0 allReduce 223729 155569917
0 compute 10971
0 comm_size 32
0 allReduce 1 60530486
0 compute 9830
0 compute 346
0 allToAllV 13097094 414465 414465 414465 414465 414465 414465 414465 414465 414465 414465 414465 414465 414465 414465 414465 414465 414465 414465 414465 414465 414465 414465 414465 414465 414465 386834 386834 386834 386834 386834 386834 386834  13262850  414465 414465 414465 414465 414465 414465 414465 414465 414465 414465 414465 414465 414465 414465 414465 414465 414465 414465 414465 414465 414465 414465 414465 414465 414465 414465 414465 414465 414465 414450 414450 414450 
0 compute 289638188162
0 comm_size 32
0 allReduce 2 8327836924
0 compute 66601081
0 compute 346
0 allToAllV 13262850 414465 414465 414465 414465 414465 414465 414465 414465 414465 414465 414465 414465 414465 414465 414465 414465 414465 414465 414465 414465 414465 414465 414465 414465 414465 414465 414465 414465 414465 414450 414450 414450  13097094  414465 414465 414465 414465 414465 414465 414465 414465 414465 414465 414465 414465 414465 414465 414465 414465 414465 414465 414465 414465 414465 414465 414465 414465 414465 386834 386834 386834 386834 386834 386834 386834 
0 compute 116089848
0 comm_size 32
0 allReduce 7 28454997
0 compute 210140451
0 comm_size 32
0 allReduce 223729 148807935
0 compute 10175847
0 compute 346
0 allToAllV 13097094 414465 414465 414465 414465 414465 414465 414465 414465 414465 414465 414465 414465 414465 414465 414465 414465 414465 414465 414465 414465 414465 414465 414465 414465 414465 386834 386834 386834 386834 386834 386834 386834  13262850  414465 414465 414465 414465 414465 414465 414465 414465 414465 414465 414465 414465 414465 414465 414465 414465 414465 414465 414465 414465 414465 414465 414465 414465 414465 414465 414465 414465 414465 414450 414450 414450 
0 compute 31413106049
0 compute 336
0 reduceScatter 176256 176256 176256 176256 176256 176256 176256 176256 176256 176256 176256 176256 176256 176256 176256 176256 176256 176256 176256 176256 176256 176256 176256 176256 176256 176256 176256 176256 176256 176256 0 0 3296100252 
0 compute 24260703
0 comm_size 32
0 allReduce 2 8363
0 compute 21642080
0 allToAll 13824 13824 
0 compute 72648110
0 allToAll 13824 13824 
0 compute 20699798
0 comm_size 32
0 allReduce 1 6495070
0 compute 1071945
0 compute 344
0 allGatherV 176256 176256 176256 176256 176256 176256 176256 176256 176256 176256 176256 176256 176256 176256 176256 176256 176256 176256 176256 176256 176256 176256 176256 176256 176256 176256 176256 176256 176256 176256 176256 0 0 0 176256 352512 528768 705024 881280 1057536 1233792 1410048 1586304 1762560 1938816 2115072 2291328 2467584 2643840 2820096 2996352 3172608 3348864 3525120 3701376 3877632 4053888 4230144 4406400 4582656 4758912 4935168 5111424 5258304 5258304 
0 compute 91012908302
0 comm_size 32
0 allReduce 4 2532439742
0 compute 66353750
0 compute 346
0 allToAllV 13262850 414465 414465 414465 414465 414465 414465 414465 414465 414465 414465 414465 414465 414465 414465 414465 414465 414465 414465 414465 414465 414465 414465 414465 414465 414465 414465 414465 414465 414465 414450 414450 414450  13097094  414465 414465 414465 414465 414465 414465 414465 414465 414465 414465 414465 414465 414465 414465 414465 414465 414465 414465 414465 414465 414465 414465 414465 414465 414465 386834 386834 386834 386834 386834 386834 386834 
0 compute 924207
0 comm_size 32
0 allReduce 223729 172696480
0 compute 11032
0 comm_size 32
0 allReduce 1 34063131
0 compute 9830
0 compute 346
0 allToAllV 13097094 414465 414465 414465 414465 414465 414465 414465 414465 414465 414465 414465 414465 414465 414465 414465 414465 414465 414465 414465 414465 414465 414465 414465 414465 414465 386834 386834 386834 386834 386834 386834 386834  13262850  414465 414465 414465 414465 414465 414465 414465 414465 414465 414465 414465 414465 414465 414465 414465 414465 414465 414465 414465 414465 414465 414465 414465 414465 414465 414465 414465 414465 414465 414450 414450 414450 
0 compute 289638176104
0 comm_size 32
0 allReduce 2 8444761032
0 compute 66603741
0 compute 346
0 allToAllV 13262850 414465 414465 414465 414465 414465 414465 414465 414465 414465 414465 414465 414465 414465 414465 414465 414465 414465 414465 414465 414465 414465 414465 414465 414465 414465 414465 414465 414465 414465 414450 414450 414450  13097094  414465 414465 414465 414465 414465 414465 414465 414465 414465 414465 414465 414465 414465 414465 414465 414465 414465 414465 414465 414465 414465 414465 414465 414465 414465 386834 386834 386834 386834 386834 386834 386834 
0 compute 194481241
0 comm_size 32
0 allReduce 7 22420441
0 compute 445423640
0 comm_size 32
0 allReduce 223729 753056887
0 compute 10172083
0 compute 346
0 allToAllV 13097094 414465 414465 414465 414465 414465 414465 414465 414465 414465 414465 414465 414465 414465 414465 414465 414465 414465 414465 414465 414465 414465 414465 414465 414465 414465 386834 386834 386834 386834 386834 386834 386834  13262850  414465 414465 414465 414465 414465 414465 414465 414465 414465 414465 414465 414465 414465 414465 414465 414465 414465 414465 414465 414465 414465 414465 414465 414465 414465 414465 414465 414465 414465 414450 414450 414450 
0 compute 31413101960
0 compute 336
0 reduceScatter 176256 176256 176256 176256 176256 176256 176256 176256 176256 176256 176256 176256 176256 176256 176256 176256 176256 176256 176256 176256 176256 176256 176256 176256 176256 176256 176256 176256 176256 176256 0 0 4858799444 
0 compute 24377286
0 comm_size 32
0 allReduce 2 8363
0 compute 21642214
0 allToAll 13824 13824 
0 compute 72648105
0 allToAll 13824 13824 
0 compute 20699779
0 comm_size 32
0 allReduce 1 6574253
0 compute 1071942
0 compute 344
0 allGatherV 176256 176256 176256 176256 176256 176256 176256 176256 176256 176256 176256 176256 176256 176256 176256 176256 176256 176256 176256 176256 176256 176256 176256 176256 176256 176256 176256 176256 176256 176256 176256 0 0 0 176256 352512 528768 705024 881280 1057536 1233792 1410048 1586304 1762560 1938816 2115072 2291328 2467584 2643840 2820096 2996352 3172608 3348864 3525120 3701376 3877632 4053888 4230144 4406400 4582656 4758912 4935168 5111424 5258304 5258304 
0 compute 91012790768
0 comm_size 32
0 allReduce 4 2489424270
0 compute 66353666
0 compute 346
0 allToAllV 13262850 414465 414465 414465 414465 414465 414465 414465 414465 414465 414465 414465 414465 414465 414465 414465 414465 414465 414465 414465 414465 414465 414465 414465 414465 414465 414465 414465 414465 414465 414450 414450 414450  13097094  414465 414465 414465 414465 414465 414465 414465 414465 414465 414465 414465 414465 414465 414465 414465 414465 414465 414465 414465 414465 414465 414465 414465 414465 414465 386834 386834 386834 386834 386834 386834 386834 
0 compute 924203
0 comm_size 32
0 allReduce 223729 242675021
0 compute 10967
0 comm_size 32
0 allReduce 1 52303042
0 compute 9830
0 compute 346
0 allToAllV 13097094 414465 414465 414465 414465 414465 414465 414465 414465 414465 414465 414465 414465 414465 414465 414465 414465 414465 414465 414465 414465 414465 414465 414465 414465 414465 386834 386834 386834 386834 386834 386834 386834  13262850  414465 414465 414465 414465 414465 414465 414465 414465 414465 414465 414465 414465 414465 414465 414465 414465 414465 414465 414465 414465 414465 414465 414465 414465 414465 414465 414465 414465 414465 414450 414450 414450 
0 compute 289638177086
0 comm_size 32
0 allReduce 2 7812210943
0 compute 66599389
0 compute 346
0 allToAllV 13262850 414465 414465 414465 414465 414465 414465 414465 414465 414465 414465 414465 414465 414465 414465 414465 414465 414465 414465 414465 414465 414465 414465 414465 414465 414465 414465 414465 414465 414465 414450 414450 414450  13097094  414465 414465 414465 414465 414465 414465 414465 414465 414465 414465 414465 414465 414465 414465 414465 414465 414465 414465 414465 414465 414465 414465 414465 414465 414465 386834 386834 386834 386834 386834 386834 386834 
0 compute 272898172
0 comm_size 32
0 allReduce 7 32910301
0 compute 602273284
0 comm_size 32
0 allReduce 223729 860799079
0 compute 10173021
0 compute 346
0 allToAllV 13097094 414465 414465 414465 414465 414465 414465 414465 414465 414465 414465 414465 414465 414465 414465 414465 414465 414465 414465 414465 414465 414465 414465 414465 414465 414465 386834 386834 386834 386834 386834 386834 386834  13262850  414465 414465 414465 414465 414465 414465 414465 414465 414465 414465 414465 414465 414465 414465 414465 414465 414465 414465 414465 414465 414465 414465 414465 414465 414465 414465 414465 414465 414465 414450 414450 414450 
0 compute 31413102111
0 compute 336
0 reduceScatter 176256 176256 176256 176256 176256 176256 176256 176256 176256 176256 176256 176256 176256 176256 176256 176256 176256 176256 176256 176256 176256 176256 176256 176256 176256 176256 176256 176256 176256 176256 0 0 6245959491 
0 compute 24133372
0 comm_size 32
0 allReduce 2 8363
0 compute 21641512
0 allToAll 13824 13824 
0 compute 72648106
0 allToAll 13824 13824 
0 compute 20699773
0 comm_size 32
0 allReduce 1 4408176
0 compute 1071943
0 compute 344
0 allGatherV 176256 176256 176256 176256 176256 176256 176256 176256 176256 176256 176256 176256 176256 176256 176256 176256 176256 176256 176256 176256 176256 176256 176256 176256 176256 176256 176256 176256 176256 176256 176256 0 0 0 176256 352512 528768 705024 881280 1057536 1233792 1410048 1586304 1762560 1938816 2115072 2291328 2467584 2643840 2820096 2996352 3172608 3348864 3525120 3701376 3877632 4053888 4230144 4406400 4582656 4758912 4935168 5111424 5258304 5258304 
0 compute 91012812017
0 comm_size 32
0 allReduce 4 2434342658
0 compute 66353815
0 compute 346
0 allToAllV 13262850 414465 414465 414465 414465 414465 414465 414465 414465 414465 414465 414465 414465 414465 414465 414465 414465 414465 414465 414465 414465 414465 414465 414465 414465 414465 414465 414465 414465 414465 414450 414450 414450  13097094  414465 414465 414465 414465 414465 414465 414465 414465 414465 414465 414465 414465 414465 414465 414465 414465 414465 414465 414465 414465 414465 414465 414465 414465 414465 386834 386834 386834 386834 386834 386834 386834 
0 compute 924192
0 comm_size 32
0 allReduce 223729 147833302
0 compute 10956
0 comm_size 32
0 allReduce 1 33652711
0 compute 9830
0 compute 346
0 allToAllV 13097094 414465 414465 414465 414465 414465 414465 414465 414465 414465 414465 414465 414465 414465 414465 414465 414465 414465 414465 414465 414465 414465 414465 414465 414465 414465 386834 386834 386834 386834 386834 386834 386834  13262850  414465 414465 414465 414465 414465 414465 414465 414465 414465 414465 414465 414465 414465 414465 414465 414465 414465 414465 414465 414465 414465 414465 414465 414465 414465 414465 414465 414465 414465 414450 414450 414450 
0 compute 289638776559
0 comm_size 32
0 allReduce 2 8040730877
0 compute 66601130
0 compute 346
0 allToAllV 13262850 414465 414465 414465 414465 414465 414465 414465 414465 414465 414465 414465 414465 414465 414465 414465 414465 414465 414465 414465 414465 414465 414465 414465 414465 414465 414465 414465 414465 414465 414450 414450 414450  13097094  414465 414465 414465 414465 414465 414465 414465 414465 414465 414465 414465 414465 414465 414465 414465 414465 414465 414465 414465 414465 414465 414465 414465 414465 414465 386834 386834 386834 386834 386834 386834 386834 
0 compute 351314710
0 comm_size 32
0 allReduce 7 62404278
0 compute 759129112
0 comm_size 32
0 allReduce 223729 227308804
0 compute 10167852
0 compute 346
0 allToAllV 13097094 414465 414465 414465 414465 414465 414465 414465 414465 414465 414465 414465 414465 414465 414465 414465 414465 414465 414465 414465 414465 414465 414465 414465 414465 414465 386834 386834 386834 386834 386834 386834 386834  13262850  414465 414465 414465 414465 414465 414465 414465 414465 414465 414465 414465 414465 414465 414465 414465 414465 414465 414465 414465 414465 414465 414465 414465 414465 414465 414465 414465 414465 414465 414450 414450 414450 
0 compute 31413104845
0 compute 336
0 reduceScatter 176256 176256 176256 176256 176256 176256 176256 176256 176256 176256 176256 176256 176256 176256 176256 176256 176256 176256 176256 176256 176256 176256 176256 176256 176256 176256 176256 176256 176256 176256 0 0 2889196359 
0 compute 24141881
0 comm_size 32
0 allReduce 2 8369
0 compute 21642211
0 allToAll 13824 13824 
0 compute 72648067
0 allToAll 13824 13824 
0 compute 20699748
0 comm_size 32
0 allReduce 1 4662197
0 compute 1071942
0 compute 344
0 allGatherV 176256 176256 176256 176256 176256 176256 176256 176256 176256 176256 176256 176256 176256 176256 176256 176256 176256 176256 176256 176256 176256 176256 176256 176256 176256 176256 176256 176256 176256 176256 176256 0 0 0 176256 352512 528768 705024 881280 1057536 1233792 1410048 1586304 1762560 1938816 2115072 2291328 2467584 2643840 2820096 2996352 3172608 3348864 3525120 3701376 3877632 4053888 4230144 4406400 4582656 4758912 4935168 5111424 5258304 5258304 
0 compute 91012820681
0 comm_size 32
0 allReduce 4 2376859877
0 compute 66353756
0 compute 346
0 allToAllV 13262850 414465 414465 414465 414465 414465 414465 414465 414465 414465 414465 414465 414465 414465 414465 414465 414465 414465 414465 414465 414465 414465 414465 414465 414465 414465 414465 414465 414465 414465 414450 414450 414450  13097094  414465 414465 414465 414465 414465 414465 414465 414465 414465 414465 414465 414465 414465 414465 414465 414465 414465 414465 414465 414465 414465 414465 414465 414465 414465 386834 386834 386834 386834 386834 386834 386834 
0 compute 924192
0 comm_size 32
0 allReduce 223729 197691220
0 compute 10956
0 comm_size 32
0 allReduce 1 67822308
0 compute 9830
0 compute 346
0 allToAllV 13097094 414465 414465 414465 414465 414465 414465 414465 414465 414465 414465 414465 414465 414465 414465 414465 414465 414465 414465 414465 414465 414465 414465 414465 414465 414465 386834 386834 386834 386834 386834 386834 386834  13262850  414465 414465 414465 414465 414465 414465 414465 414465 414465 414465 414465 414465 414465 414465 414465 414465 414465 414465 414465 414465 414465 414465 414465 414465 414465 414465 414465 414465 414465 414450 414450 414450 
0 compute 289638772149
0 comm_size 32
0 allReduce 2 7951447777
0 compute 66600830
0 compute 346
0 allToAllV 13262850 414465 414465 414465 414465 414465 414465 414465 414465 414465 414465 414465 414465 414465 414465 414465 414465 414465 414465 414465 414465 414465 414465 414465 414465 414465 414465 414465 414465 414465 414450 414450 414450  13097094  414465 414465 414465 414465 414465 414465 414465 414465 414465 414465 414465 414465 414465 414465 414465 414465 414465 414465 414465 414465 414465 414465 414465 414465 414465 386834 386834 386834 386834 386834 386834 386834 
0 compute 429731644
0 comm_size 32
0 allReduce 7 53101701
0 compute 915988018
0 comm_size 32
0 allReduce 223729 212414581
0 compute 10168049
0 compute 346
0 allToAllV 13097094 414465 414465 414465 414465 414465 414465 414465 414465 414465 414465 414465 414465 414465 414465 414465 414465 414465 414465 414465 414465 414465 414465 414465 414465 414465 386834 386834 386834 386834 386834 386834 386834  13262850  414465 414465 414465 414465 414465 414465 414465 414465 414465 414465 414465 414465 414465 414465 414465 414465 414465 414465 414465 414465 414465 414465 414465 414465 414465 414465 414465 414465 414465 414450 414450 414450 
0 compute 31413103511
0 compute 336
0 reduceScatter 176256 176256 176256 176256 176256 176256 176256 176256 176256 176256 176256 176256 176256 176256 176256 176256 176256 176256 176256 176256 176256 176256 176256 176256 176256 176256 176256 176256 176256 176256 0 0 2758079742 
0 compute 24111453
0 comm_size 32
0 allReduce 2 8371
0 compute 21642229
0 allToAll 13824 13824 
0 compute 72648063
0 allToAll 13824 13824 
0 compute 20699747
0 comm_size 32
0 allReduce 1 5444975
0 compute 1071943
0 compute 344
0 allGatherV 176256 176256 176256 176256 176256 176256 176256 176256 176256 176256 176256 176256 176256 176256 176256 176256 176256 176256 176256 176256 176256 176256 176256 176256 176256 176256 176256 176256 176256 176256 176256 0 0 0 176256 352512 528768 705024 881280 1057536 1233792 1410048 1586304 1762560 1938816 2115072 2291328 2467584 2643840 2820096 2996352 3172608 3348864 3525120 3701376 3877632 4053888 4230144 4406400 4582656 4758912 4935168 5111424 5258304 5258304 
0 compute 91012476143
0 comm_size 32
0 allReduce 4 2380925534
0 compute 66353682
0 compute 346
0 allToAllV 13262850 414465 414465 414465 414465 414465 414465 414465 414465 414465 414465 414465 414465 414465 414465 414465 414465 414465 414465 414465 414465 414465 414465 414465 414465 414465 414465 414465 414465 414465 414450 414450 414450  13097094  414465 414465 414465 414465 414465 414465 414465 414465 414465 414465 414465 414465 414465 414465 414465 414465 414465 414465 414465 414465 414465 414465 414465 414465 414465 386834 386834 386834 386834 386834 386834 386834 
0 compute 924192
0 comm_size 32
0 allReduce 223729 154302552
0 compute 10956
0 comm_size 32
0 allReduce 1 88022026
0 compute 9830
0 compute 346
0 allToAllV 13097094 414465 414465 414465 414465 414465 414465 414465 414465 414465 414465 414465 414465 414465 414465 414465 414465 414465 414465 414465 414465 414465 414465 414465 414465 414465 386834 386834 386834 386834 386834 386834 386834  13262850  414465 414465 414465 414465 414465 414465 414465 414465 414465 414465 414465 414465 414465 414465 414465 414465 414465 414465 414465 414465 414465 414465 414465 414465 414465 414465 414465 414465 414465 414450 414450 414450 
0 compute 289878866381
0 comm_size 32
0 allReduce 2 7698090274
0 compute 66600446
0 compute 346
0 allToAllV 13262850 414465 414465 414465 414465 414465 414465 414465 414465 414465 414465 414465 414465 414465 414465 414465 414465 414465 414465 414465 414465 414465 414465 414465 414465 414465 414465 414465 414465 414465 414450 414450 414450  13097094  414465 414465 414465 414465 414465 414465 414465 414465 414465 414465 414465 414465 414465 414465 414465 414465 414465 414465 414465 414465 414465 414465 414465 414465 414465 386834 386834 386834 386834 386834 386834 386834 
0 compute 508148578
0 comm_size 32
0 allReduce 7 62974949
0 compute 1020529821
0 comm_size 32
0 allReduce 223729 267398813
0 compute 10165724
0 compute 346
0 allToAllV 13097094 414465 414465 414465 414465 414465 414465 414465 414465 414465 414465 414465 414465 414465 414465 414465 414465 414465 414465 414465 414465 414465 414465 414465 414465 414465 386834 386834 386834 386834 386834 386834 386834  13262850  414465 414465 414465 414465 414465 414465 414465 414465 414465 414465 414465 414465 414465 414465 414465 414465 414465 414465 414465 414465 414465 414465 414465 414465 414465 414465 414465 414465 414465 414450 414450 414450 
0 compute 31413101866
0 compute 336
0 reduceScatter 176256 176256 176256 176256 176256 176256 176256 176256 176256 176256 176256 176256 176256 176256 176256 176256 176256 176256 176256 176256 176256 176256 176256 176256 176256 176256 176256 176256 176256 176256 0 0 2885772824 
0 compute 24125636
0 comm_size 32
0 allReduce 2 8369
0 compute 21641949
0 allToAll 13824 13824 
0 compute 72648065
0 allToAll 13824 13824 
0 compute 20699750
0 comm_size 32
0 allReduce 1 1406039
0 compute 1071943
0 compute 344
0 allGatherV 176256 176256 176256 176256 176256 176256 176256 176256 176256 176256 176256 176256 176256 176256 176256 176256 176256 176256 176256 176256 176256 176256 176256 176256 176256 176256 176256 176256 176256 176256 176256 0 0 0 176256 352512 528768 705024 881280 1057536 1233792 1410048 1586304 1762560 1938816 2115072 2291328 2467584 2643840 2820096 2996352 3172608 3348864 3525120 3701376 3877632 4053888 4230144 4406400 4582656 4758912 4935168 5111424 5258304 5258304 
0 compute 91012286763
0 comm_size 32
0 allReduce 4 2389200350
0 compute 66353816
0 compute 346
0 allToAllV 13262850 414465 414465 414465 414465 414465 414465 414465 414465 414465 414465 414465 414465 414465 414465 414465 414465 414465 414465 414465 414465 414465 414465 414465 414465 414465 414465 414465 414465 414465 414450 414450 414450  13097094  414465 414465 414465 414465 414465 414465 414465 414465 414465 414465 414465 414465 414465 414465 414465 414465 414465 414465 414465 414465 414465 414465 414465 414465 414465 386834 386834 386834 386834 386834 386834 386834 
0 compute 924191
0 comm_size 32
0 allReduce 223729 197247292
0 compute 10956
0 comm_size 32
0 allReduce 1 42002119
0 compute 9830
0 compute 346
0 allToAllV 13097094 414465 414465 414465 414465 414465 414465 414465 414465 414465 414465 414465 414465 414465 414465 414465 414465 414465 414465 414465 414465 414465 414465 414465 414465 414465 386834 386834 386834 386834 386834 386834 386834  13262850  414465 414465 414465 414465 414465 414465 414465 414465 414465 414465 414465 414465 414465 414465 414465 414465 414465 414465 414465 414465 414465 414465 414465 414465 414465 414465 414465 414465 414465 414450 414450 414450 
0 compute 289845218265
0 comm_size 32
0 allReduce 2 7664436351
0 compute 66602145
0 compute 346
0 allToAllV 13262850 414465 414465 414465 414465 414465 414465 414465 414465 414465 414465 414465 414465 414465 414465 414465 414465 414465 414465 414465 414465 414465 414465 414465 414465 414465 414465 414465 414465 414465 414450 414450 414450  13097094  414465 414465 414465 414465 414465 414465 414465 414465 414465 414465 414465 414465 414465 414465 414465 414465 414465 414465 414465 414465 414465 414465 414465 414465 414465 386834 386834 386834 386834 386834 386834 386834 
0 compute 508123630
0 comm_size 32
0 allReduce 7 72218922
0 compute 1020525718
0 comm_size 32
0 allReduce 223729 232601750
0 compute 10164964
0 compute 346
0 allToAllV 13097094 414465 414465 414465 414465 414465 414465 414465 414465 414465 414465 414465 414465 414465 414465 414465 414465 414465 414465 414465 414465 414465 414465 414465 414465 414465 386834 386834 386834 386834 386834 386834 386834  13262850  414465 414465 414465 414465 414465 414465 414465 414465 414465 414465 414465 414465 414465 414465 414465 414465 414465 414465 414465 414465 414465 414465 414465 414465 414465 414465 414465 414465 414465 414450 414450 414450 
0 compute 31413105345
0 compute 336
0 reduceScatter 176256 176256 176256 176256 176256 176256 176256 176256 176256 176256 176256 176256 176256 176256 176256 176256 176256 176256 176256 176256 176256 176256 176256 176256 176256 176256 176256 176256 176256 176256 0 0 2774213756 
0 compute 24124695
0 comm_size 32
0 allReduce 2 8369
0 compute 21642732
0 allToAll 13824 13824 
0 compute 72648064
0 allToAll 13824 13824 
0 compute 20699746
0 comm_size 32
0 allReduce 1 3516388
0 compute 1071944
0 compute 344
0 allGatherV 176256 176256 176256 176256 176256 176256 176256 176256 176256 176256 176256 176256 176256 176256 176256 176256 176256 176256 176256 176256 176256 176256 176256 176256 176256 176256 176256 176256 176256 176256 176256 0 0 0 176256 352512 528768 705024 881280 1057536 1233792 1410048 1586304 1762560 1938816 2115072 2291328 2467584 2643840 2820096 2996352 3172608 3348864 3525120 3701376 3877632 4053888 4230144 4406400 4582656 4758912 4935168 5111424 5258304 5258304 
0 compute 91012285181
0 comm_size 32
0 allReduce 4 2580688163
0 compute 66353711
0 compute 346
0 allToAllV 13262850 414465 414465 414465 414465 414465 414465 414465 414465 414465 414465 414465 414465 414465 414465 414465 414465 414465 414465 414465 414465 414465 414465 414465 414465 414465 414465 414465 414465 414465 414450 414450 414450  13097094  414465 414465 414465 414465 414465 414465 414465 414465 414465 414465 414465 414465 414465 414465 414465 414465 414465 414465 414465 414465 414465 414465 414465 414465 414465 386834 386834 386834 386834 386834 386834 386834 
0 compute 924113
0 comm_size 32
0 allReduce 223729 174233706
0 compute 10879
0 comm_size 32
0 allReduce 1 36375194
0 compute 9821
0 compute 346
0 allToAllV 13097094 414465 414465 414465 414465 414465 414465 414465 414465 414465 414465 414465 414465 414465 414465 414465 414465 414465 414465 414465 414465 414465 414465 414465 414465 414465 386834 386834 386834 386834 386834 386834 386834  13262850  414465 414465 414465 414465 414465 414465 414465 414465 414465 414465 414465 414465 414465 414465 414465 414465 414465 414465 414465 414465 414465 414465 414465 414465 414465 414465 414465 414465 414465 414450 414450 414450 
0 compute 289878202662
0 comm_size 32
0 allReduce 2 8028801314
0 compute 66599996
0 compute 346
0 allToAllV 13262850 414465 414465 414465 414465 414465 414465 414465 414465 414465 414465 414465 414465 414465 414465 414465 414465 414465 414465 414465 414465 414465 414465 414465 414465 414465 414465 414465 414465 414465 414450 414450 414450  13097094  414465 414465 414465 414465 414465 414465 414465 414465 414465 414465 414465 414465 414465 414465 414465 414465 414465 414465 414465 414465 414465 414465 414465 414465 414465 386834 386834 386834 386834 386834 386834 386834 
0 compute 508123623
0 comm_size 32
0 allReduce 7 83358584
0 compute 1020528983
0 comm_size 32
0 allReduce 223729 209720507
0 compute 10168519
0 compute 346
0 allToAllV 13097094 414465 414465 414465 414465 414465 414465 414465 414465 414465 414465 414465 414465 414465 414465 414465 414465 414465 414465 414465 414465 414465 414465 414465 414465 414465 386834 386834 386834 386834 386834 386834 386834  13262850  414465 414465 414465 414465 414465 414465 414465 414465 414465 414465 414465 414465 414465 414465 414465 414465 414465 414465 414465 414465 414465 414465 414465 414465 414465 414465 414465 414465 414465 414450 414450 414450 
0 compute 31413104790
0 compute 336
0 reduceScatter 176256 176256 176256 176256 176256 176256 176256 176256 176256 176256 176256 176256 176256 176256 176256 176256 176256 176256 176256 176256 176256 176256 176256 176256 176256 176256 176256 176256 176256 176256 0 0 2804453344 
0 compute 24125733
0 comm_size 32
0 allReduce 2 8367
0 compute 21641592
0 allToAll 13824 13824 
0 compute 72648071
0 allToAll 13824 13824 
0 compute 20699783
0 comm_size 32
0 allReduce 1 1880438
0 compute 1071943
0 compute 344
0 allGatherV 176256 176256 176256 176256 176256 176256 176256 176256 176256 176256 176256 176256 176256 176256 176256 176256 176256 176256 176256 176256 176256 176256 176256 176256 176256 176256 176256 176256 176256 176256 176256 0 0 0 176256 352512 528768 705024 881280 1057536 1233792 1410048 1586304 1762560 1938816 2115072 2291328 2467584 2643840 2820096 2996352 3172608 3348864 3525120 3701376 3877632 4053888 4230144 4406400 4582656 4758912 4935168 5111424 5258304 5258304 
0 compute 91012283777
0 comm_size 32
0 allReduce 4 2447232355
0 compute 66354278
0 compute 346
0 allToAllV 13262850 414465 414465 414465 414465 414465 414465 414465 414465 414465 414465 414465 414465 414465 414465 414465 414465 414465 414465 414465 414465 414465 414465 414465 414465 414465 414465 414465 414465 414465 414450 414450 414450  13097094  414465 414465 414465 414465 414465 414465 414465 414465 414465 414465 414465 414465 414465 414465 414465 414465 414465 414465 414465 414465 414465 414465 414465 414465 414465 386834 386834 386834 386834 386834 386834 386834 
0 compute 925259
0 comm_size 32
0 allReduce 223729 162907620
0 compute 11189
0 comm_size 32
0 allReduce 1 28371985
0 compute 10552
0 compute 346
0 allToAllV 13097094 414465 414465 414465 414465 414465 414465 414465 414465 414465 414465 414465 414465 414465 414465 414465 414465 414465 414465 414465 414465 414465 414465 414465 414465 414465 386834 386834 386834 386834 386834 386834 386834  13262850  414465 414465 414465 414465 414465 414465 414465 414465 414465 414465 414465 414465 414465 414465 414465 414465 414465 414465 414465 414465 414465 414465 414465 414465 414465 414465 414465 414465 414465 414450 414450 414450 
0 compute 289878199829
0 comm_size 32
0 allReduce 2 7559468913
0 compute 66600216
0 compute 346
0 allToAllV 13262850 414465 414465 414465 414465 414465 414465 414465 414465 414465 414465 414465 414465 414465 414465 414465 414465 414465 414465 414465 414465 414465 414465 414465 414465 414465 414465 414465 414465 414465 414450 414450 414450  13097094  414465 414465 414465 414465 414465 414465 414465 414465 414465 414465 414465 414465 414465 414465 414465 414465 414465 414465 414465 414465 414465 414465 414465 414465 414465 386834 386834 386834 386834 386834 386834 386834 
0 compute 508124881
0 comm_size 32
0 allReduce 7 63067321
0 compute 1020528947
0 comm_size 32
0 allReduce 223729 217696211
0 compute 10169621
0 compute 346
0 allToAllV 13097094 414465 414465 414465 414465 414465 414465 414465 414465 414465 414465 414465 414465 414465 414465 414465 414465 414465 414465 414465 414465 414465 414465 414465 414465 414465 386834 386834 386834 386834 386834 386834 386834  13262850  414465 414465 414465 414465 414465 414465 414465 414465 414465 414465 414465 414465 414465 414465 414465 414465 414465 414465 414465 414465 414465 414465 414465 414465 414465 414465 414465 414465 414465 414450 414450 414450 
0 compute 66385954
0 compute 1199
0 gather 133 133 0 
0 compute 31347977401
0 compute 336
0 reduceScatter 176256 176256 176256 176256 176256 176256 176256 176256 176256 176256 176256 176256 176256 176256 176256 176256 176256 176256 176256 176256 176256 176256 176256 176256 176256 176256 176256 176256 176256 176256 0 0 2833291320 
0 compute 24127267
0 comm_size 32
0 allReduce 2 8369
0 compute 21642074
0 allToAll 13824 13824 
0 compute 72647766
0 allToAll 13824 13824 
0 compute 20700456
0 comm_size 32
0 allReduce 1 5874814
0 compute 1072311
0 compute 344
0 allGatherV 176256 176256 176256 176256 176256 176256 176256 176256 176256 176256 176256 176256 176256 176256 176256 176256 176256 176256 176256 176256 176256 176256 176256 176256 176256 176256 176256 176256 176256 176256 176256 0 0 0 176256 352512 528768 705024 881280 1057536 1233792 1410048 1586304 1762560 1938816 2115072 2291328 2467584 2643840 2820096 2996352 3172608 3348864 3525120 3701376 3877632 4053888 4230144 4406400 4582656 4758912 4935168 5111424 5258304 5258304 
0 compute 91012006901
0 comm_size 32
0 allReduce 4 2578099043
0 compute 66664770
0 compute 346
0 allToAllV 13262850 414465 414465 414465 414465 414465 414465 414465 414465 414465 414465 414465 414465 414465 414465 414465 414465 414465 414465 414465 414465 414465 414465 414465 414465 414465 414465 414465 414465 414465 414450 414450 414450  13097094  414465 414465 414465 414465 414465 414465 414465 414465 414465 414465 414465 414465 414465 414465 414465 414465 414465 414465 414465 414465 414465 414465 414465 414465 414465 386834 386834 386834 386834 386834 386834 386834 
0 compute 918331
0 comm_size 32
0 allReduce 223729 206860641
0 compute 1569946135
0 comm_size 32
0 allReduce 1 50068606
0 compute 10382
0 compute 346
0 allToAllV 13097094 414465 414465 414465 414465 414465 414465 414465 414465 414465 414465 414465 414465 414465 414465 414465 414465 414465 414465 414465 414465 414465 414465 414465 414465 414465 386834 386834 386834 386834 386834 386834 386834  13262850  414465 414465 414465 414465 414465 414465 414465 414465 414465 414465 414465 414465 414465 414465 414465 414465 414465 414465 414465 414465 414465 414465 414465 414465 414465 414465 414465 414465 414465 414450 414450 414450 
0 compute 66351674
0 comm_size 32
0 bcast 473 31 0
0 compute 337
0 barrier
0 compute 31326267816
0 compute 336
0 reduceScatter 176256 176256 176256 176256 176256 176256 176256 176256 176256 176256 176256 176256 176256 176256 176256 176256 176256 176256 176256 176256 176256 176256 176256 176256 176256 176256 176256 176256 176256 176256 0 0 2979114415 
0 compute 21940443
0 allToAll 13824 13824 
0 compute 72648653
0 allToAll 13824 13824 
0 compute 20520860
0 comm_size 32
0 allReduce 1 2401113
0 compute 987
0 comm_size 32
0 allReduce 6 782476
0 compute 12361
0 compute 344
0 allGatherV 176256 176256 176256 176256 176256 176256 176256 176256 176256 176256 176256 176256 176256 176256 176256 176256 176256 176256 176256 176256 176256 176256 176256 176256 176256 176256 176256 176256 176256 176256 176256 0 0 0 176256 352512 528768 705024 881280 1057536 1233792 1410048 1586304 1762560 1938816 2115072 2291328 2467584 2643840 2820096 2996352 3172608 3348864 3525120 3701376 3877632 4053888 4230144 4406400 4582656 4758912 4935168 5111424 5258304 5258304 
0 compute 10330150361
0 comm_size 32
0 allReduce 795 661047895
0 compute 993
0 comm_size 32
0 allReduce 1 595984
0 compute 40403977
0 barrier
0 compute 778261
0 compute 1140
0 gather 133 133 0 
0 compute 1027860
0 compute 451
0 gather 3 3 0 
0 compute 387685
0 barrier
0 compute 14750907
0 barrier
0 compute 346
0 barrier
0 compute 2654
0 finalize