11 init 1
11 compute 127153
11 compute 2652
11 compute 336813
11 compute 13041218
11 comm_size 32
11 bcast 1
11 compute 25816
11 barrier
11 compute 22485
11 comm_size 32
11 bcast 1
11 compute 24027
11 barrier
11 compute 22602
11 comm_size 32
11 bcast 1
11 compute 23752
11 barrier
11 compute 22522
11 comm_size 32
11 bcast 1
11 compute 23829
11 barrier
11 compute 22604
11 comm_size 32
11 bcast 1
11 compute 23866
11 barrier
11 compute 22680
11 comm_size 32
11 bcast 1
11 compute 23840
11 barrier
11 compute 22621
11 comm_size 32
11 bcast 1
11 compute 23546
11 barrier
11 compute 421
11 barrier
11 compute 167690
11 barrier
11 compute 21167696
11 barrier
11 compute 97195
11 comm_size 32
11 bcast 1
11 compute 378061
11 barrier
11 compute 12633
11 comm_size 32
11 bcast 1
11 compute 46298
11 barrier
11 compute 1018737
11 barrier
11 compute 123074
11 gather 795 795 0 
11 compute 237795802
11 allToAll 1746 1746 
11 compute 276029
11 barrier
11 compute 409270454
11 comm_size 32
11 allReduce 32 21078260 1
11 compute 3038108987
11 compute 1525
11 allToAllV 13262850 414465 414465 414465 414465 414465 414465 414465 414465 414465 414465 414465 414465 414465 414465 414465 414465 414465 414465 414465 414465 414465 414465 414465 414465 414465 414465 414465 414465 414465 414450 414450 414450  13097094  414465 414465 414465 414465 414465 414465 414465 414465 414465 414465 414465 414465 414465 414465 414465 414465 414465 414465 414465 414465 414465 414465 414465 414465 414465 386834 386834 386834 386834 386834 386834 386834 
11 compute 1058646373
11 barrier
11 compute 7748
11 compute 332
11 allToAllV 13097094 414465 414465 414465 414465 414465 414465 414465 414465 414465 414465 414465 414465 414465 414465 414465 414465 414465 414465 414465 414465 414465 414465 414465 414465 414465 386834 386834 386834 386834 386834 386834 386834  13262850  414465 414465 414465 414465 414465 414465 414465 414465 414465 414465 414465 414465 414465 414465 414465 414465 414465 414465 414465 414465 414465 414465 414465 414465 414465 414465 414465 414465 414465 414450 414450 414450 
11 compute 915154399
11 barrier
11 compute 1452184865
11 allToAll 13824 13824 
11 compute 72648818
11 allToAll 13824 13824 
11 compute 20518600
11 comm_size 32
11 allReduce 1 6623555
11 compute 1381107033
11 comm_size 32
11 allReduce 795 59025436
11 compute 1506911402
11 comm_size 32
11 allReduce 2 67305727
11 compute 21530742
11 allToAll 13824 13824 
11 compute 72648500
11 allToAll 13824 13824 
11 compute 20517845
11 comm_size 32
11 allReduce 1 3273339
11 compute 73026425
11 comm_size 32
11 allReduce 32 2103365 1
11 compute 60481269681
11 compute 1717
11 reduceScatter 176256 176256 176256 176256 176256 176256 176256 176256 176256 176256 176256 176256 176256 176256 176256 176256 176256 176256 176256 176256 176256 176256 176256 176256 176256 176256 176256 176256 176256 176256 0 0 3996014139 
11 compute 25403095
11 comm_size 32
11 allReduce 2 399761678
11 compute 21530414
11 allToAll 13824 13824 
11 compute 72647717
11 allToAll 13824 13824 
11 compute 20697531
11 comm_size 32
11 allReduce 1 3879382
11 compute 1070119
11 compute 1377
11 allGatherV 176256 176256 176256 176256 176256 176256 176256 176256 176256 176256 176256 176256 176256 176256 176256 176256 176256 176256 176256 176256 176256 176256 176256 176256 176256 176256 176256 176256 176256 176256 176256 0 0 0 176256 352512 528768 705024 881280 1057536 1233792 1410048 1586304 1762560 1938816 2115072 2291328 2467584 2643840 2820096 2996352 3172608 3348864 3525120 3701376 3877632 4053888 4230144 4406400 4582656 4758912 4935168 5111424 5258304 5258304 
11 compute 175827174566
11 comm_size 32
11 allReduce 4 4836025839
11 compute 128288685
11 compute 332
11 allToAllV 25641510 801299 801299 801299 801299 801299 801299 801299 801299 801299 801299 801299 801299 801299 801299 801299 801299 801299 801299 801299 801299 801299 801299 801299 801299 801299 801299 801299 801299 801299 801270 801270 801270  25834985  828930 828930 828930 828930 828930 828930 801299 801299 801299 801299 801299 801299 801299 801299 801299 801299 801299 801299 801299 801299 801299 801299 801299 801299 801299 801299 801299 801299 801299 801299 801299 801299 
11 compute 128241332
11 compute 332
11 allToAllV 25641510 801299 801299 801299 801299 801299 801299 801299 801299 801299 801299 801299 801299 801299 801299 801299 801299 801299 801299 801299 801299 801299 801299 801299 801299 801299 801299 801299 801299 801299 801270 801270 801270  25834985  828930 828930 828930 828930 828930 828930 801299 801299 801299 801299 801299 801299 801299 801299 801299 801299 801299 801299 801299 801299 801299 801299 801299 801299 801299 801299 801299 801299 801299 801299 801299 801299 
11 compute 10047473
11 comm_size 32
11 allReduce 1729832 1154015692
11 compute 10273034023
11 comm_size 32
11 bcast 934 31 0
11 compute 337
11 barrier
11 compute 19133
11 comm_size 32
11 bcast 1729832
11 compute 1564026
11 comm_size 32
11 allReduce 223729 293113754
11 compute 10188881
11 compute 346
11 allToAllV 13097094 414465 414465 414465 414465 414465 414465 414465 414465 414465 414465 414465 414465 414465 414465 414465 414465 414465 414465 414465 414465 414465 414465 414465 414465 414465 386834 386834 386834 386834 386834 386834 386834  13262850  414465 414465 414465 414465 414465 414465 414465 414465 414465 414465 414465 414465 414465 414465 414465 414465 414465 414465 414465 414465 414465 414465 414465 414465 414465 414465 414465 414465 414465 414450 414450 414450 
11 compute 66461696
11 compute 1097
11 gather 133 133 0 
11 compute 31346724389
11 compute 336
11 reduceScatter 176256 176256 176256 176256 176256 176256 176256 176256 176256 176256 176256 176256 176256 176256 176256 176256 176256 176256 176256 176256 176256 176256 176256 176256 176256 176256 176256 176256 176256 176256 0 0 2783571894 
11 compute 25432181
11 comm_size 32
11 allReduce 2 479983341
11 compute 21531365
11 allToAll 13824 13824 
11 compute 72647986
11 allToAll 13824 13824 
11 compute 20697902
11 comm_size 32
11 allReduce 1 358290
11 compute 1064433
11 compute 344
11 allGatherV 176256 176256 176256 176256 176256 176256 176256 176256 176256 176256 176256 176256 176256 176256 176256 176256 176256 176256 176256 176256 176256 176256 176256 176256 176256 176256 176256 176256 176256 176256 176256 0 0 0 176256 352512 528768 705024 881280 1057536 1233792 1410048 1586304 1762560 1938816 2115072 2291328 2467584 2643840 2820096 2996352 3172608 3348864 3525120 3701376 3877632 4053888 4230144 4406400 4582656 4758912 4935168 5111424 5258304 5258304 
11 compute 91011979987
11 comm_size 32
11 allReduce 4 2351973730
11 compute 66332695
11 compute 346
11 allToAllV 13262850 414465 414465 414465 414465 414465 414465 414465 414465 414465 414465 414465 414465 414465 414465 414465 414465 414465 414465 414465 414465 414465 414465 414465 414465 414465 414465 414465 414465 414465 414450 414450 414450  13097094  414465 414465 414465 414465 414465 414465 414465 414465 414465 414465 414465 414465 414465 414465 414465 414465 414465 414465 414465 414465 414465 414465 414465 414465 414465 386834 386834 386834 386834 386834 386834 386834 
11 compute 918069
11 comm_size 32
11 allReduce 223729 176712670
11 compute 11543
11 comm_size 32
11 allReduce 1 38632937
11 compute 10981
11 compute 346
11 allToAllV 13097094 414465 414465 414465 414465 414465 414465 414465 414465 414465 414465 414465 414465 414465 414465 414465 414465 414465 414465 414465 414465 414465 414465 414465 414465 414465 386834 386834 386834 386834 386834 386834 386834  13262850  414465 414465 414465 414465 414465 414465 414465 414465 414465 414465 414465 414465 414465 414465 414465 414465 414465 414465 414465 414465 414465 414465 414465 414465 414465 414465 414465 414465 414465 414450 414450 414450 
11 compute 289828168492
11 comm_size 32
11 allReduce 2 8219195972
11 compute 66336008
11 compute 346
11 allToAllV 13262850 414465 414465 414465 414465 414465 414465 414465 414465 414465 414465 414465 414465 414465 414465 414465 414465 414465 414465 414465 414465 414465 414465 414465 414465 414465 414465 414465 414465 414465 414450 414450 414450  13097094  414465 414465 414465 414465 414465 414465 414465 414465 414465 414465 414465 414465 414465 414465 414465 414465 414465 414465 414465 414465 414465 414465 414465 414465 414465 386834 386834 386834 386834 386834 386834 386834 
11 compute 116083837
11 comm_size 32
11 allReduce 7 22707232
11 compute 210073350
11 comm_size 32
11 allReduce 223729 145238446
11 compute 10180702
11 compute 346
11 allToAllV 13097094 414465 414465 414465 414465 414465 414465 414465 414465 414465 414465 414465 414465 414465 414465 414465 414465 414465 414465 414465 414465 414465 414465 414465 414465 414465 386834 386834 386834 386834 386834 386834 386834  13262850  414465 414465 414465 414465 414465 414465 414465 414465 414465 414465 414465 414465 414465 414465 414465 414465 414465 414465 414465 414465 414465 414465 414465 414465 414465 414465 414465 414465 414465 414450 414450 414450 
11 compute 31413029069
11 compute 336
11 reduceScatter 176256 176256 176256 176256 176256 176256 176256 176256 176256 176256 176256 176256 176256 176256 176256 176256 176256 176256 176256 176256 176256 176256 176256 176256 176256 176256 176256 176256 176256 176256 0 0 2973272493 
11 compute 25428310
11 comm_size 32
11 allReduce 2 484756584
11 compute 21531365
11 allToAll 13824 13824 
11 compute 72647986
11 allToAll 13824 13824 
11 compute 20697902
11 comm_size 32
11 allReduce 1 7978252
11 compute 1064433
11 compute 344
11 allGatherV 176256 176256 176256 176256 176256 176256 176256 176256 176256 176256 176256 176256 176256 176256 176256 176256 176256 176256 176256 176256 176256 176256 176256 176256 176256 176256 176256 176256 176256 176256 176256 0 0 0 176256 352512 528768 705024 881280 1057536 1233792 1410048 1586304 1762560 1938816 2115072 2291328 2467584 2643840 2820096 2996352 3172608 3348864 3525120 3701376 3877632 4053888 4230144 4406400 4582656 4758912 4935168 5111424 5258304 5258304 
11 compute 91011979866
11 comm_size 32
11 allReduce 4 2253151226
11 compute 66332693
11 compute 346
11 allToAllV 13262850 414465 414465 414465 414465 414465 414465 414465 414465 414465 414465 414465 414465 414465 414465 414465 414465 414465 414465 414465 414465 414465 414465 414465 414465 414465 414465 414465 414465 414465 414450 414450 414450  13097094  414465 414465 414465 414465 414465 414465 414465 414465 414465 414465 414465 414465 414465 414465 414465 414465 414465 414465 414465 414465 414465 414465 414465 414465 414465 386834 386834 386834 386834 386834 386834 386834 
11 compute 918066
11 comm_size 32
11 allReduce 223729 157046140
11 compute 11535
11 comm_size 32
11 allReduce 1 49250303
11 compute 10981
11 compute 346
11 allToAllV 13097094 414465 414465 414465 414465 414465 414465 414465 414465 414465 414465 414465 414465 414465 414465 414465 414465 414465 414465 414465 414465 414465 414465 414465 414465 414465 386834 386834 386834 386834 386834 386834 386834  13262850  414465 414465 414465 414465 414465 414465 414465 414465 414465 414465 414465 414465 414465 414465 414465 414465 414465 414465 414465 414465 414465 414465 414465 414465 414465 414465 414465 414465 414465 414450 414450 414450 
11 compute 289828151983
11 comm_size 32
11 allReduce 2 8254121936
11 compute 66336003
11 compute 346
11 allToAllV 13262850 414465 414465 414465 414465 414465 414465 414465 414465 414465 414465 414465 414465 414465 414465 414465 414465 414465 414465 414465 414465 414465 414465 414465 414465 414465 414465 414465 414465 414465 414450 414450 414450  13097094  414465 414465 414465 414465 414465 414465 414465 414465 414465 414465 414465 414465 414465 414465 414465 414465 414465 414465 414465 414465 414465 414465 414465 414465 414465 386834 386834 386834 386834 386834 386834 386834 
11 compute 194475246
11 comm_size 32
11 allReduce 7 27207585
11 compute 445335275
11 comm_size 32
11 allReduce 223729 781469375
11 compute 10180746
11 compute 346
11 allToAllV 13097094 414465 414465 414465 414465 414465 414465 414465 414465 414465 414465 414465 414465 414465 414465 414465 414465 414465 414465 414465 414465 414465 414465 414465 414465 414465 386834 386834 386834 386834 386834 386834 386834  13262850  414465 414465 414465 414465 414465 414465 414465 414465 414465 414465 414465 414465 414465 414465 414465 414465 414465 414465 414465 414465 414465 414465 414465 414465 414465 414465 414465 414465 414465 414450 414450 414450 
11 compute 31413029069
11 compute 336
11 reduceScatter 176256 176256 176256 176256 176256 176256 176256 176256 176256 176256 176256 176256 176256 176256 176256 176256 176256 176256 176256 176256 176256 176256 176256 176256 176256 176256 176256 176256 176256 176256 0 0 5366754494 
11 compute 25398982
11 comm_size 32
11 allReduce 2 963611439
11 compute 21531365
11 allToAll 13824 13824 
11 compute 72647986
11 allToAll 13824 13824 
11 compute 20697902
11 comm_size 32
11 allReduce 1 7336472
11 compute 1064433
11 compute 344
11 allGatherV 176256 176256 176256 176256 176256 176256 176256 176256 176256 176256 176256 176256 176256 176256 176256 176256 176256 176256 176256 176256 176256 176256 176256 176256 176256 176256 176256 176256 176256 176256 176256 0 0 0 176256 352512 528768 705024 881280 1057536 1233792 1410048 1586304 1762560 1938816 2115072 2291328 2467584 2643840 2820096 2996352 3172608 3348864 3525120 3701376 3877632 4053888 4230144 4406400 4582656 4758912 4935168 5111424 5258304 5258304 
11 compute 91011979868
11 comm_size 32
11 allReduce 4 2181514986
11 compute 66332693
11 compute 346
11 allToAllV 13262850 414465 414465 414465 414465 414465 414465 414465 414465 414465 414465 414465 414465 414465 414465 414465 414465 414465 414465 414465 414465 414465 414465 414465 414465 414465 414465 414465 414465 414465 414450 414450 414450  13097094  414465 414465 414465 414465 414465 414465 414465 414465 414465 414465 414465 414465 414465 414465 414465 414465 414465 414465 414465 414465 414465 414465 414465 414465 414465 386834 386834 386834 386834 386834 386834 386834 
11 compute 918066
11 comm_size 32
11 allReduce 223729 248244973
11 compute 11543
11 comm_size 32
11 allReduce 1 35123033
11 compute 10981
11 compute 346
11 allToAllV 13097094 414465 414465 414465 414465 414465 414465 414465 414465 414465 414465 414465 414465 414465 414465 414465 414465 414465 414465 414465 414465 414465 414465 414465 414465 414465 386834 386834 386834 386834 386834 386834 386834  13262850  414465 414465 414465 414465 414465 414465 414465 414465 414465 414465 414465 414465 414465 414465 414465 414465 414465 414465 414465 414465 414465 414465 414465 414465 414465 414465 414465 414465 414465 414450 414450 414450 
11 compute 289828151971
11 comm_size 32
11 allReduce 2 7688677167
11 compute 66336003
11 compute 346
11 allToAllV 13262850 414465 414465 414465 414465 414465 414465 414465 414465 414465 414465 414465 414465 414465 414465 414465 414465 414465 414465 414465 414465 414465 414465 414465 414465 414465 414465 414465 414465 414465 414450 414450 414450  13097094  414465 414465 414465 414465 414465 414465 414465 414465 414465 414465 414465 414465 414465 414465 414465 414465 414465 414465 414465 414465 414465 414465 414465 414465 414465 386834 386834 386834 386834 386834 386834 386834 
11 compute 272892169
11 comm_size 32
11 allReduce 7 40620718
11 compute 602163787
11 comm_size 32
11 allReduce 223729 817834500
11 compute 10180672
11 compute 346
11 allToAllV 13097094 414465 414465 414465 414465 414465 414465 414465 414465 414465 414465 414465 414465 414465 414465 414465 414465 414465 414465 414465 414465 414465 414465 414465 414465 414465 386834 386834 386834 386834 386834 386834 386834  13262850  414465 414465 414465 414465 414465 414465 414465 414465 414465 414465 414465 414465 414465 414465 414465 414465 414465 414465 414465 414465 414465 414465 414465 414465 414465 414465 414465 414465 414465 414450 414450 414450 
11 compute 31413029070
11 compute 336
11 reduceScatter 176256 176256 176256 176256 176256 176256 176256 176256 176256 176256 176256 176256 176256 176256 176256 176256 176256 176256 176256 176256 176256 176256 176256 176256 176256 176256 176256 176256 176256 176256 0 0 6069019567 
11 compute 25439044
11 comm_size 32
11 allReduce 2 523947555
11 compute 21531365
11 allToAll 13824 13824 
11 compute 72647986
11 allToAll 13824 13824 
11 compute 20697902
11 comm_size 32
11 allReduce 1 2845906
11 compute 1064433
11 compute 344
11 allGatherV 176256 176256 176256 176256 176256 176256 176256 176256 176256 176256 176256 176256 176256 176256 176256 176256 176256 176256 176256 176256 176256 176256 176256 176256 176256 176256 176256 176256 176256 176256 176256 0 0 0 176256 352512 528768 705024 881280 1057536 1233792 1410048 1586304 1762560 1938816 2115072 2291328 2467584 2643840 2820096 2996352 3172608 3348864 3525120 3701376 3877632 4053888 4230144 4406400 4582656 4758912 4935168 5111424 5258304 5258304 
11 compute 91011979864
11 comm_size 32
11 allReduce 4 2384237969
11 compute 66332695
11 compute 346
11 allToAllV 13262850 414465 414465 414465 414465 414465 414465 414465 414465 414465 414465 414465 414465 414465 414465 414465 414465 414465 414465 414465 414465 414465 414465 414465 414465 414465 414465 414465 414465 414465 414450 414450 414450  13097094  414465 414465 414465 414465 414465 414465 414465 414465 414465 414465 414465 414465 414465 414465 414465 414465 414465 414465 414465 414465 414465 414465 414465 414465 414465 386834 386834 386834 386834 386834 386834 386834 
11 compute 918066
11 comm_size 32
11 allReduce 223729 155755315
11 compute 11535
11 comm_size 32
11 allReduce 1 65995908
11 compute 10981
11 compute 346
11 allToAllV 13097094 414465 414465 414465 414465 414465 414465 414465 414465 414465 414465 414465 414465 414465 414465 414465 414465 414465 414465 414465 414465 414465 414465 414465 414465 414465 386834 386834 386834 386834 386834 386834 386834  13262850  414465 414465 414465 414465 414465 414465 414465 414465 414465 414465 414465 414465 414465 414465 414465 414465 414465 414465 414465 414465 414465 414465 414465 414465 414465 414465 414465 414465 414465 414450 414450 414450 
11 compute 289828151971
11 comm_size 32
11 allReduce 2 7847992320
11 compute 66336003
11 compute 346
11 allToAllV 13262850 414465 414465 414465 414465 414465 414465 414465 414465 414465 414465 414465 414465 414465 414465 414465 414465 414465 414465 414465 414465 414465 414465 414465 414465 414465 414465 414465 414465 414465 414450 414450 414450  13097094  414465 414465 414465 414465 414465 414465 414465 414465 414465 414465 414465 414465 414465 414465 414465 414465 414465 414465 414465 414465 414465 414465 414465 414465 414465 386834 386834 386834 386834 386834 386834 386834 
11 compute 351309081
11 comm_size 32
11 allReduce 7 75988088
11 compute 758999070
11 comm_size 32
11 allReduce 223729 249972750
11 compute 10180659
11 compute 346
11 allToAllV 13097094 414465 414465 414465 414465 414465 414465 414465 414465 414465 414465 414465 414465 414465 414465 414465 414465 414465 414465 414465 414465 414465 414465 414465 414465 414465 386834 386834 386834 386834 386834 386834 386834  13262850  414465 414465 414465 414465 414465 414465 414465 414465 414465 414465 414465 414465 414465 414465 414465 414465 414465 414465 414465 414465 414465 414465 414465 414465 414465 414465 414465 414465 414465 414450 414450 414450 
11 compute 31413029073
11 compute 336
11 reduceScatter 176256 176256 176256 176256 176256 176256 176256 176256 176256 176256 176256 176256 176256 176256 176256 176256 176256 176256 176256 176256 176256 176256 176256 176256 176256 176256 176256 176256 176256 176256 0 0 2458248454 
11 compute 25430540
11 comm_size 32
11 allReduce 2 480317752
11 compute 21531364
11 allToAll 13824 13824 
11 compute 72647986
11 allToAll 13824 13824 
11 compute 20697902
11 comm_size 32
11 allReduce 1 3381030
11 compute 1064433
11 compute 344
11 allGatherV 176256 176256 176256 176256 176256 176256 176256 176256 176256 176256 176256 176256 176256 176256 176256 176256 176256 176256 176256 176256 176256 176256 176256 176256 176256 176256 176256 176256 176256 176256 176256 0 0 0 176256 352512 528768 705024 881280 1057536 1233792 1410048 1586304 1762560 1938816 2115072 2291328 2467584 2643840 2820096 2996352 3172608 3348864 3525120 3701376 3877632 4053888 4230144 4406400 4582656 4758912 4935168 5111424 5258304 5258304 
11 compute 91011979863
11 comm_size 32
11 allReduce 4 2180058177
11 compute 66332693
11 compute 346
11 allToAllV 13262850 414465 414465 414465 414465 414465 414465 414465 414465 414465 414465 414465 414465 414465 414465 414465 414465 414465 414465 414465 414465 414465 414465 414465 414465 414465 414465 414465 414465 414465 414450 414450 414450  13097094  414465 414465 414465 414465 414465 414465 414465 414465 414465 414465 414465 414465 414465 414465 414465 414465 414465 414465 414465 414465 414465 414465 414465 414465 414465 386834 386834 386834 386834 386834 386834 386834 
11 compute 918066
11 comm_size 32
11 allReduce 223729 164113099
11 compute 11543
11 comm_size 32
11 allReduce 1 55935572
11 compute 10981
11 compute 346
11 allToAllV 13097094 414465 414465 414465 414465 414465 414465 414465 414465 414465 414465 414465 414465 414465 414465 414465 414465 414465 414465 414465 414465 414465 414465 414465 414465 414465 386834 386834 386834 386834 386834 386834 386834  13262850  414465 414465 414465 414465 414465 414465 414465 414465 414465 414465 414465 414465 414465 414465 414465 414465 414465 414465 414465 414465 414465 414465 414465 414465 414465 414465 414465 414465 414465 414450 414450 414450 
11 compute 289828151979
11 comm_size 32
11 allReduce 2 7962735403
11 compute 66336003
11 compute 346
11 allToAllV 13262850 414465 414465 414465 414465 414465 414465 414465 414465 414465 414465 414465 414465 414465 414465 414465 414465 414465 414465 414465 414465 414465 414465 414465 414465 414465 414465 414465 414465 414465 414450 414450 414450  13097094  414465 414465 414465 414465 414465 414465 414465 414465 414465 414465 414465 414465 414465 414465 414465 414465 414465 414465 414465 414465 414465 414465 414465 414465 414465 386834 386834 386834 386834 386834 386834 386834 
11 compute 429726017
11 comm_size 32
11 allReduce 7 68758531
11 compute 915834756
11 comm_size 32
11 allReduce 223729 238946474
11 compute 10180690
11 compute 346
11 allToAllV 13097094 414465 414465 414465 414465 414465 414465 414465 414465 414465 414465 414465 414465 414465 414465 414465 414465 414465 414465 414465 414465 414465 414465 414465 414465 414465 386834 386834 386834 386834 386834 386834 386834  13262850  414465 414465 414465 414465 414465 414465 414465 414465 414465 414465 414465 414465 414465 414465 414465 414465 414465 414465 414465 414465 414465 414465 414465 414465 414465 414465 414465 414465 414465 414450 414450 414450 
11 compute 31413029071
11 compute 336
11 reduceScatter 176256 176256 176256 176256 176256 176256 176256 176256 176256 176256 176256 176256 176256 176256 176256 176256 176256 176256 176256 176256 176256 176256 176256 176256 176256 176256 176256 176256 176256 176256 0 0 2361419031 
11 compute 25683272
11 comm_size 32
11 allReduce 2 480827912
11 compute 21531364
11 allToAll 13824 13824 
11 compute 72647986
11 allToAll 13824 13824 
11 compute 20697902
11 comm_size 32
11 allReduce 1 1573495
11 compute 1064434
11 compute 344
11 allGatherV 176256 176256 176256 176256 176256 176256 176256 176256 176256 176256 176256 176256 176256 176256 176256 176256 176256 176256 176256 176256 176256 176256 176256 176256 176256 176256 176256 176256 176256 176256 176256 0 0 0 176256 352512 528768 705024 881280 1057536 1233792 1410048 1586304 1762560 1938816 2115072 2291328 2467584 2643840 2820096 2996352 3172608 3348864 3525120 3701376 3877632 4053888 4230144 4406400 4582656 4758912 4935168 5111424 5258304 5258304 
11 compute 91011979867
11 comm_size 32
11 allReduce 4 2240764806
11 compute 66332693
11 compute 346
11 allToAllV 13262850 414465 414465 414465 414465 414465 414465 414465 414465 414465 414465 414465 414465 414465 414465 414465 414465 414465 414465 414465 414465 414465 414465 414465 414465 414465 414465 414465 414465 414465 414450 414450 414450  13097094  414465 414465 414465 414465 414465 414465 414465 414465 414465 414465 414465 414465 414465 414465 414465 414465 414465 414465 414465 414465 414465 414465 414465 414465 414465 386834 386834 386834 386834 386834 386834 386834 
11 compute 918066
11 comm_size 32
11 allReduce 223729 144434408
11 compute 11543
11 comm_size 32
11 allReduce 1 48525969
11 compute 10981
11 compute 346
11 allToAllV 13097094 414465 414465 414465 414465 414465 414465 414465 414465 414465 414465 414465 414465 414465 414465 414465 414465 414465 414465 414465 414465 414465 414465 414465 414465 414465 386834 386834 386834 386834 386834 386834 386834  13262850  414465 414465 414465 414465 414465 414465 414465 414465 414465 414465 414465 414465 414465 414465 414465 414465 414465 414465 414465 414465 414465 414465 414465 414465 414465 414465 414465 414465 414465 414450 414450 414450 
11 compute 289828151982
11 comm_size 32
11 allReduce 2 7642622640
11 compute 66336003
11 compute 346
11 allToAllV 13262850 414465 414465 414465 414465 414465 414465 414465 414465 414465 414465 414465 414465 414465 414465 414465 414465 414465 414465 414465 414465 414465 414465 414465 414465 414465 414465 414465 414465 414465 414450 414450 414450  13097094  414465 414465 414465 414465 414465 414465 414465 414465 414465 414465 414465 414465 414465 414465 414465 414465 414465 414465 414465 414465 414465 414465 414465 414465 414465 386834 386834 386834 386834 386834 386834 386834 
11 compute 508142936
11 comm_size 32
11 allReduce 7 59719509
11 compute 1020352660
11 comm_size 32
11 allReduce 223729 287166576
11 compute 10180801
11 compute 346
11 allToAllV 13097094 414465 414465 414465 414465 414465 414465 414465 414465 414465 414465 414465 414465 414465 414465 414465 414465 414465 414465 414465 414465 414465 414465 414465 414465 414465 386834 386834 386834 386834 386834 386834 386834  13262850  414465 414465 414465 414465 414465 414465 414465 414465 414465 414465 414465 414465 414465 414465 414465 414465 414465 414465 414465 414465 414465 414465 414465 414465 414465 414465 414465 414465 414465 414450 414450 414450 
11 compute 31413029065
11 compute 336
11 reduceScatter 176256 176256 176256 176256 176256 176256 176256 176256 176256 176256 176256 176256 176256 176256 176256 176256 176256 176256 176256 176256 176256 176256 176256 176256 176256 176256 176256 176256 176256 176256 0 0 2450039659 
11 compute 25433248
11 comm_size 32
11 allReduce 2 480736387
11 compute 21531365
11 allToAll 13824 13824 
11 compute 72647986
11 allToAll 13824 13824 
11 compute 20697902
11 comm_size 32
11 allReduce 1 9057388
11 compute 1064433
11 compute 344
11 allGatherV 176256 176256 176256 176256 176256 176256 176256 176256 176256 176256 176256 176256 176256 176256 176256 176256 176256 176256 176256 176256 176256 176256 176256 176256 176256 176256 176256 176256 176256 176256 176256 0 0 0 176256 352512 528768 705024 881280 1057536 1233792 1410048 1586304 1762560 1938816 2115072 2291328 2467584 2643840 2820096 2996352 3172608 3348864 3525120 3701376 3877632 4053888 4230144 4406400 4582656 4758912 4935168 5111424 5258304 5258304 
11 compute 91011979868
11 comm_size 32
11 allReduce 4 2244558370
11 compute 66332694
11 compute 346
11 allToAllV 13262850 414465 414465 414465 414465 414465 414465 414465 414465 414465 414465 414465 414465 414465 414465 414465 414465 414465 414465 414465 414465 414465 414465 414465 414465 414465 414465 414465 414465 414465 414450 414450 414450  13097094  414465 414465 414465 414465 414465 414465 414465 414465 414465 414465 414465 414465 414465 414465 414465 414465 414465 414465 414465 414465 414465 414465 414465 414465 414465 386834 386834 386834 386834 386834 386834 386834 
11 compute 918066
11 comm_size 32
11 allReduce 223729 160314765
11 compute 11543
11 comm_size 32
11 allReduce 1 67949491
11 compute 10981
11 compute 346
11 allToAllV 13097094 414465 414465 414465 414465 414465 414465 414465 414465 414465 414465 414465 414465 414465 414465 414465 414465 414465 414465 414465 414465 414465 414465 414465 414465 414465 386834 386834 386834 386834 386834 386834 386834  13262850  414465 414465 414465 414465 414465 414465 414465 414465 414465 414465 414465 414465 414465 414465 414465 414465 414465 414465 414465 414465 414465 414465 414465 414465 414465 414465 414465 414465 414465 414450 414450 414450 
11 compute 289828151967
11 comm_size 32
11 allReduce 2 7651476270
11 compute 66336003
11 compute 346
11 allToAllV 13262850 414465 414465 414465 414465 414465 414465 414465 414465 414465 414465 414465 414465 414465 414465 414465 414465 414465 414465 414465 414465 414465 414465 414465 414465 414465 414465 414465 414465 414465 414450 414450 414450  13097094  414465 414465 414465 414465 414465 414465 414465 414465 414465 414465 414465 414465 414465 414465 414465 414465 414465 414465 414465 414465 414465 414465 414465 414465 414465 386834 386834 386834 386834 386834 386834 386834 
11 compute 508118009
11 comm_size 32
11 allReduce 7 19185999
11 compute 1020352826
11 comm_size 32
11 allReduce 223729 249731719
11 compute 10180672
11 compute 346
11 allToAllV 13097094 414465 414465 414465 414465 414465 414465 414465 414465 414465 414465 414465 414465 414465 414465 414465 414465 414465 414465 414465 414465 414465 414465 414465 414465 414465 386834 386834 386834 386834 386834 386834 386834  13262850  414465 414465 414465 414465 414465 414465 414465 414465 414465 414465 414465 414465 414465 414465 414465 414465 414465 414465 414465 414465 414465 414465 414465 414465 414465 414465 414465 414465 414465 414450 414450 414450 
11 compute 31413029069
11 compute 336
11 reduceScatter 176256 176256 176256 176256 176256 176256 176256 176256 176256 176256 176256 176256 176256 176256 176256 176256 176256 176256 176256 176256 176256 176256 176256 176256 176256 176256 176256 176256 176256 176256 0 0 2356120401 
11 compute 25430126
11 comm_size 32
11 allReduce 2 476283122
11 compute 21531365
11 allToAll 13824 13824 
11 compute 72647986
11 allToAll 13824 13824 
11 compute 20697902
11 comm_size 32
11 allReduce 1 3855567
11 compute 1064433
11 compute 344
11 allGatherV 176256 176256 176256 176256 176256 176256 176256 176256 176256 176256 176256 176256 176256 176256 176256 176256 176256 176256 176256 176256 176256 176256 176256 176256 176256 176256 176256 176256 176256 176256 176256 0 0 0 176256 352512 528768 705024 881280 1057536 1233792 1410048 1586304 1762560 1938816 2115072 2291328 2467584 2643840 2820096 2996352 3172608 3348864 3525120 3701376 3877632 4053888 4230144 4406400 4582656 4758912 4935168 5111424 5258304 5258304 
11 compute 91011979868
11 comm_size 32
11 allReduce 4 2423220245
11 compute 66332693
11 compute 346
11 allToAllV 13262850 414465 414465 414465 414465 414465 414465 414465 414465 414465 414465 414465 414465 414465 414465 414465 414465 414465 414465 414465 414465 414465 414465 414465 414465 414465 414465 414465 414465 414465 414450 414450 414450  13097094  414465 414465 414465 414465 414465 414465 414465 414465 414465 414465 414465 414465 414465 414465 414465 414465 414465 414465 414465 414465 414465 414465 414465 414465 414465 386834 386834 386834 386834 386834 386834 386834 
11 compute 918066
11 comm_size 32
11 allReduce 223729 139837476
11 compute 11543
11 comm_size 32
11 allReduce 1 43755865
11 compute 10981
11 compute 346
11 allToAllV 13097094 414465 414465 414465 414465 414465 414465 414465 414465 414465 414465 414465 414465 414465 414465 414465 414465 414465 414465 414465 414465 414465 414465 414465 414465 414465 386834 386834 386834 386834 386834 386834 386834  13262850  414465 414465 414465 414465 414465 414465 414465 414465 414465 414465 414465 414465 414465 414465 414465 414465 414465 414465 414465 414465 414465 414465 414465 414465 414465 414465 414465 414465 414465 414450 414450 414450 
11 compute 289828151973
11 comm_size 32
11 allReduce 2 8209023998
11 compute 66336004
11 compute 346
11 allToAllV 13262850 414465 414465 414465 414465 414465 414465 414465 414465 414465 414465 414465 414465 414465 414465 414465 414465 414465 414465 414465 414465 414465 414465 414465 414465 414465 414465 414465 414465 414465 414450 414450 414450  13097094  414465 414465 414465 414465 414465 414465 414465 414465 414465 414465 414465 414465 414465 414465 414465 414465 414465 414465 414465 414465 414465 414465 414465 414465 414465 386834 386834 386834 386834 386834 386834 386834 
11 compute 508118011
11 comm_size 32
11 allReduce 7 74421767
11 compute 1020352682
11 comm_size 32
11 allReduce 223729 235538271
11 compute 10180733
11 compute 346
11 allToAllV 13097094 414465 414465 414465 414465 414465 414465 414465 414465 414465 414465 414465 414465 414465 414465 414465 414465 414465 414465 414465 414465 414465 414465 414465 414465 414465 386834 386834 386834 386834 386834 386834 386834  13262850  414465 414465 414465 414465 414465 414465 414465 414465 414465 414465 414465 414465 414465 414465 414465 414465 414465 414465 414465 414465 414465 414465 414465 414465 414465 414465 414465 414465 414465 414450 414450 414450 
11 compute 31413029068
11 compute 336
11 reduceScatter 176256 176256 176256 176256 176256 176256 176256 176256 176256 176256 176256 176256 176256 176256 176256 176256 176256 176256 176256 176256 176256 176256 176256 176256 176256 176256 176256 176256 176256 176256 0 0 2414800087 
11 compute 25433162
11 comm_size 32
11 allReduce 2 493641501
11 compute 21531365
11 allToAll 13824 13824 
11 compute 72647986
11 allToAll 13824 13824 
11 compute 20697902
11 comm_size 32
11 allReduce 1 3659364
11 compute 1064433
11 compute 344
11 allGatherV 176256 176256 176256 176256 176256 176256 176256 176256 176256 176256 176256 176256 176256 176256 176256 176256 176256 176256 176256 176256 176256 176256 176256 176256 176256 176256 176256 176256 176256 176256 176256 0 0 0 176256 352512 528768 705024 881280 1057536 1233792 1410048 1586304 1762560 1938816 2115072 2291328 2467584 2643840 2820096 2996352 3172608 3348864 3525120 3701376 3877632 4053888 4230144 4406400 4582656 4758912 4935168 5111424 5258304 5258304 
11 compute 91011979865
11 comm_size 32
11 allReduce 4 2341164557
11 compute 66332693
11 compute 346
11 allToAllV 13262850 414465 414465 414465 414465 414465 414465 414465 414465 414465 414465 414465 414465 414465 414465 414465 414465 414465 414465 414465 414465 414465 414465 414465 414465 414465 414465 414465 414465 414465 414450 414450 414450  13097094  414465 414465 414465 414465 414465 414465 414465 414465 414465 414465 414465 414465 414465 414465 414465 414465 414465 414465 414465 414465 414465 414465 414465 414465 414465 386834 386834 386834 386834 386834 386834 386834 
11 compute 918066
11 comm_size 32
11 allReduce 223729 157029417
11 compute 11535
11 comm_size 32
11 allReduce 1 43051957
11 compute 10981
11 compute 346
11 allToAllV 13097094 414465 414465 414465 414465 414465 414465 414465 414465 414465 414465 414465 414465 414465 414465 414465 414465 414465 414465 414465 414465 414465 414465 414465 414465 414465 386834 386834 386834 386834 386834 386834 386834  13262850  414465 414465 414465 414465 414465 414465 414465 414465 414465 414465 414465 414465 414465 414465 414465 414465 414465 414465 414465 414465 414465 414465 414465 414465 414465 414465 414465 414465 414465 414450 414450 414450 
11 compute 289828151988
11 comm_size 32
11 allReduce 2 7593223019
11 compute 66336004
11 compute 346
11 allToAllV 13262850 414465 414465 414465 414465 414465 414465 414465 414465 414465 414465 414465 414465 414465 414465 414465 414465 414465 414465 414465 414465 414465 414465 414465 414465 414465 414465 414465 414465 414465 414450 414450 414450  13097094  414465 414465 414465 414465 414465 414465 414465 414465 414465 414465 414465 414465 414465 414465 414465 414465 414465 414465 414465 414465 414465 414465 414465 414465 414465 386834 386834 386834 386834 386834 386834 386834 
11 compute 508118020
11 comm_size 32
11 allReduce 7 34230609
11 compute 1020352827
11 comm_size 32
11 allReduce 223729 238188860
11 compute 10180657
11 compute 346
11 allToAllV 13097094 414465 414465 414465 414465 414465 414465 414465 414465 414465 414465 414465 414465 414465 414465 414465 414465 414465 414465 414465 414465 414465 414465 414465 414465 414465 386834 386834 386834 386834 386834 386834 386834  13262850  414465 414465 414465 414465 414465 414465 414465 414465 414465 414465 414465 414465 414465 414465 414465 414465 414465 414465 414465 414465 414465 414465 414465 414465 414465 414465 414465 414465 414465 414450 414450 414450 
11 compute 66332552
11 compute 1098
11 gather 133 133 0 
11 compute 31346697984
11 compute 336
11 reduceScatter 176256 176256 176256 176256 176256 176256 176256 176256 176256 176256 176256 176256 176256 176256 176256 176256 176256 176256 176256 176256 176256 176256 176256 176256 176256 176256 176256 176256 176256 176256 0 0 2448658962 
11 compute 25431572
11 comm_size 32
11 allReduce 2 482887611
11 compute 21529842
11 allToAll 13824 13824 
11 compute 72647266
11 allToAll 13824 13824 
11 compute 20696754
11 comm_size 32
11 allReduce 1 107794
11 compute 1064039
11 compute 344
11 allGatherV 176256 176256 176256 176256 176256 176256 176256 176256 176256 176256 176256 176256 176256 176256 176256 176256 176256 176256 176256 176256 176256 176256 176256 176256 176256 176256 176256 176256 176256 176256 176256 0 0 0 176256 352512 528768 705024 881280 1057536 1233792 1410048 1586304 1762560 1938816 2115072 2291328 2467584 2643840 2820096 2996352 3172608 3348864 3525120 3701376 3877632 4053888 4230144 4406400 4582656 4758912 4935168 5111424 5258304 5258304 
11 compute 91011978072
11 comm_size 32
11 allReduce 4 2333982486
11 compute 66332029
11 compute 346
11 allToAllV 13262850 414465 414465 414465 414465 414465 414465 414465 414465 414465 414465 414465 414465 414465 414465 414465 414465 414465 414465 414465 414465 414465 414465 414465 414465 414465 414465 414465 414465 414465 414450 414450 414450  13097094  414465 414465 414465 414465 414465 414465 414465 414465 414465 414465 414465 414465 414465 414465 414465 414465 414465 414465 414465 414465 414465 414465 414465 414465 414465 386834 386834 386834 386834 386834 386834 386834 
11 compute 909955
11 comm_size 32
11 allReduce 223729 193386783
11 compute 1567936063
11 comm_size 32
11 allReduce 1 19697860
11 compute 9321
11 compute 346
11 allToAllV 13097094 414465 414465 414465 414465 414465 414465 414465 414465 414465 414465 414465 414465 414465 414465 414465 414465 414465 414465 414465 414465 414465 414465 414465 414465 414465 386834 386834 386834 386834 386834 386834 386834  13262850  414465 414465 414465 414465 414465 414465 414465 414465 414465 414465 414465 414465 414465 414465 414465 414465 414465 414465 414465 414465 414465 414465 414465 414465 414465 414465 414465 414465 414465 414450 414450 414450 
11 compute 66331820
11 comm_size 32
11 bcast 473 31 0
11 compute 337
11 barrier
11 compute 31293658805
11 compute 336
11 reduceScatter 176256 176256 176256 176256 176256 176256 176256 176256 176256 176256 176256 176256 176256 176256 176256 176256 176256 176256 176256 176256 176256 176256 176256 176256 176256 176256 176256 176256 176256 176256 0 0 2740510634 
11 compute 21789626
11 allToAll 13824 13824 
11 compute 72647626
11 allToAll 13824 13824 
11 compute 20516018
11 comm_size 32
11 allReduce 1 2062942
11 compute 987
11 comm_size 32
11 allReduce 6 1031757
11 compute 4071
11 compute 344
11 allGatherV 176256 176256 176256 176256 176256 176256 176256 176256 176256 176256 176256 176256 176256 176256 176256 176256 176256 176256 176256 176256 176256 176256 176256 176256 176256 176256 176256 176256 176256 176256 176256 0 0 0 176256 352512 528768 705024 881280 1057536 1233792 1410048 1586304 1762560 1938816 2115072 2291328 2467584 2643840 2820096 2996352 3172608 3348864 3525120 3701376 3877632 4053888 4230144 4406400 4582656 4758912 4935168 5111424 5258304 5258304 
11 compute 10320611649
11 comm_size 32
11 allReduce 795 643615705
11 compute 993
11 comm_size 32
11 allReduce 1 1339679
11 compute 46865
11 barrier
11 compute 504073
11 compute 1131
11 gather 133 133 0 
11 compute 2454
11 compute 451
11 gather 3 3 0 
11 compute 87189
11 barrier
11 compute 20394
11 barrier
11 compute 346
11 barrier
11 compute 2654
11 finalize