10 init 1
10 compute 127155
10 compute 2652
10 compute 336510
10 compute 12999647
10 comm_size 32
10 bcast 1
10 compute 25828
10 barrier
10 compute 22493
10 comm_size 32
10 bcast 1
10 compute 24032
10 barrier
10 compute 22602
10 comm_size 32
10 bcast 1
10 compute 23751
10 barrier
10 compute 22525
10 comm_size 32
10 bcast 1
10 compute 23829
10 barrier
10 compute 22604
10 comm_size 32
10 bcast 1
10 compute 23866
10 barrier
10 compute 22682
10 comm_size 32
10 bcast 1
10 compute 23839
10 barrier
10 compute 22621
10 comm_size 32
10 bcast 1
10 compute 23546
10 barrier
10 compute 421
10 barrier
10 compute 167932
10 barrier
10 compute 18149697
10 barrier
10 compute 97193
10 comm_size 32
10 bcast 1
10 compute 378011
10 barrier
10 compute 12633
10 comm_size 32
10 bcast 1
10 compute 46279
10 barrier
10 compute 1018839
10 barrier
10 compute 123090
10 gather 795 795 0 
10 compute 237860371
10 allToAll 1746 1746 
10 compute 276028
10 barrier
10 compute 409270211
10 comm_size 32
10 allReduce 32 21656181 1
10 compute 3038108208
10 compute 1525
10 allToAllV 13262850 414465 414465 414465 414465 414465 414465 414465 414465 414465 414465 414465 414465 414465 414465 414465 414465 414465 414465 414465 414465 414465 414465 414465 414465 414465 414465 414465 414465 414465 414450 414450 414450  13097094  414465 414465 414465 414465 414465 414465 414465 414465 414465 414465 414465 414465 414465 414465 414465 414465 414465 414465 414465 414465 414465 414465 414465 414465 414465 386834 386834 386834 386834 386834 386834 386834 
10 compute 1058646373
10 barrier
10 compute 7748
10 compute 332
10 allToAllV 13097094 414465 414465 414465 414465 414465 414465 414465 414465 414465 414465 414465 414465 414465 414465 414465 414465 414465 414465 414465 414465 414465 414465 414465 414465 414465 386834 386834 386834 386834 386834 386834 386834  13262850  414465 414465 414465 414465 414465 414465 414465 414465 414465 414465 414465 414465 414465 414465 414465 414465 414465 414465 414465 414465 414465 414465 414465 414465 414465 414465 414465 414465 414465 414450 414450 414450 
10 compute 915154398
10 barrier
10 compute 1453147816
10 allToAll 13824 13824 
10 compute 72649003
10 allToAll 13824 13824 
10 compute 20518692
10 comm_size 32
10 allReduce 1 6543263
10 compute 1382081052
10 comm_size 32
10 allReduce 795 58749470
10 compute 1508885748
10 comm_size 32
10 allReduce 2 66543554
10 compute 21530874
10 allToAll 13824 13824 
10 compute 72648683
10 allToAll 13824 13824 
10 compute 20517934
10 comm_size 32
10 allReduce 1 4179296
10 compute 75547890
10 comm_size 32
10 allReduce 32 1690483 1
10 compute 60481270200
10 compute 1717
10 reduceScatter 176256 176256 176256 176256 176256 176256 176256 176256 176256 176256 176256 176256 176256 176256 176256 176256 176256 176256 176256 176256 176256 176256 176256 176256 176256 176256 176256 176256 176256 176256 0 0 4145388128 
10 compute 25430078
10 comm_size 32
10 allReduce 2 413447026
10 compute 21530686
10 allToAll 13824 13824 
10 compute 72647697
10 allToAll 13824 13824 
10 compute 20697622
10 comm_size 32
10 allReduce 1 3830382
10 compute 1070125
10 compute 1377
10 allGatherV 176256 176256 176256 176256 176256 176256 176256 176256 176256 176256 176256 176256 176256 176256 176256 176256 176256 176256 176256 176256 176256 176256 176256 176256 176256 176256 176256 176256 176256 176256 176256 0 0 0 176256 352512 528768 705024 881280 1057536 1233792 1410048 1586304 1762560 1938816 2115072 2291328 2467584 2643840 2820096 2996352 3172608 3348864 3525120 3701376 3877632 4053888 4230144 4406400 4582656 4758912 4935168 5111424 5258304 5258304 
10 compute 175829128983
10 comm_size 32
10 allReduce 4 4989642361
10 compute 128288782
10 compute 332
10 allToAllV 25641510 801299 801299 801299 801299 801299 801299 801299 801299 801299 801299 801299 801299 801299 801299 801299 801299 801299 801299 801299 801299 801299 801299 801299 801299 801299 801299 801299 801299 801299 801270 801270 801270  25834985  828930 828930 828930 828930 828930 828930 801299 801299 801299 801299 801299 801299 801299 801299 801299 801299 801299 801299 801299 801299 801299 801299 801299 801299 801299 801299 801299 801299 801299 801299 801299 801299 
10 compute 128241582
10 compute 332
10 allToAllV 25641510 801299 801299 801299 801299 801299 801299 801299 801299 801299 801299 801299 801299 801299 801299 801299 801299 801299 801299 801299 801299 801299 801299 801299 801299 801299 801299 801299 801299 801299 801270 801270 801270  25834985  828930 828930 828930 828930 828930 828930 801299 801299 801299 801299 801299 801299 801299 801299 801299 801299 801299 801299 801299 801299 801299 801299 801299 801299 801299 801299 801299 801299 801299 801299 801299 801299 
10 compute 10047295
10 comm_size 32
10 allReduce 1729832 1163204532
10 compute 10273076979
10 comm_size 32
10 bcast 934 31 0
10 compute 337
10 barrier
10 compute 19508
10 comm_size 32
10 bcast 1729832
10 compute 1565697
10 comm_size 32
10 allReduce 223729 311897014
10 compute 10188628
10 compute 346
10 allToAllV 13097094 414465 414465 414465 414465 414465 414465 414465 414465 414465 414465 414465 414465 414465 414465 414465 414465 414465 414465 414465 414465 414465 414465 414465 414465 414465 386834 386834 386834 386834 386834 386834 386834  13262850  414465 414465 414465 414465 414465 414465 414465 414465 414465 414465 414465 414465 414465 414465 414465 414465 414465 414465 414465 414465 414465 414465 414465 414465 414465 414465 414465 414465 414465 414450 414450 414450 
10 compute 66462258
10 compute 1149
10 gather 133 133 0 
10 compute 31346716360
10 compute 336
10 reduceScatter 176256 176256 176256 176256 176256 176256 176256 176256 176256 176256 176256 176256 176256 176256 176256 176256 176256 176256 176256 176256 176256 176256 176256 176256 176256 176256 176256 176256 176256 176256 0 0 2905175405 
10 compute 25427275
10 comm_size 32
10 allReduce 2 492139966
10 compute 21530871
10 allToAll 13824 13824 
10 compute 72648072
10 allToAll 13824 13824 
10 compute 20697716
10 comm_size 32
10 allReduce 1 1900343
10 compute 1064419
10 compute 344
10 allGatherV 176256 176256 176256 176256 176256 176256 176256 176256 176256 176256 176256 176256 176256 176256 176256 176256 176256 176256 176256 176256 176256 176256 176256 176256 176256 176256 176256 176256 176256 176256 176256 0 0 0 176256 352512 528768 705024 881280 1057536 1233792 1410048 1586304 1762560 1938816 2115072 2291328 2467584 2643840 2820096 2996352 3172608 3348864 3525120 3701376 3877632 4053888 4230144 4406400 4582656 4758912 4935168 5111424 5258304 5258304 
10 compute 91012885453
10 comm_size 32
10 allReduce 4 2724930657
10 compute 66332768
10 compute 346
10 allToAllV 13262850 414465 414465 414465 414465 414465 414465 414465 414465 414465 414465 414465 414465 414465 414465 414465 414465 414465 414465 414465 414465 414465 414465 414465 414465 414465 414465 414465 414465 414465 414450 414450 414450  13097094  414465 414465 414465 414465 414465 414465 414465 414465 414465 414465 414465 414465 414465 414465 414465 414465 414465 414465 414465 414465 414465 414465 414465 414465 414465 386834 386834 386834 386834 386834 386834 386834 
10 compute 918112
10 comm_size 32
10 allReduce 223729 128735741
10 compute 11526
10 comm_size 32
10 allReduce 1 52071036
10 compute 10982
10 compute 346
10 allToAllV 13097094 414465 414465 414465 414465 414465 414465 414465 414465 414465 414465 414465 414465 414465 414465 414465 414465 414465 414465 414465 414465 414465 414465 414465 414465 414465 386834 386834 386834 386834 386834 386834 386834  13262850  414465 414465 414465 414465 414465 414465 414465 414465 414465 414465 414465 414465 414465 414465 414465 414465 414465 414465 414465 414465 414465 414465 414465 414465 414465 414465 414465 414465 414465 414450 414450 414450 
10 compute 289944566816
10 comm_size 32
10 allReduce 2 8443602560
10 compute 66336083
10 compute 346
10 allToAllV 13262850 414465 414465 414465 414465 414465 414465 414465 414465 414465 414465 414465 414465 414465 414465 414465 414465 414465 414465 414465 414465 414465 414465 414465 414465 414465 414465 414465 414465 414465 414450 414450 414450  13097094  414465 414465 414465 414465 414465 414465 414465 414465 414465 414465 414465 414465 414465 414465 414465 414465 414465 414465 414465 414465 414465 414465 414465 414465 414465 386834 386834 386834 386834 386834 386834 386834 
10 compute 116083901
10 comm_size 32
10 allReduce 7 28049529
10 compute 210073437
10 comm_size 32
10 allReduce 223729 152146794
10 compute 10187934
10 compute 346
10 allToAllV 13097094 414465 414465 414465 414465 414465 414465 414465 414465 414465 414465 414465 414465 414465 414465 414465 414465 414465 414465 414465 414465 414465 414465 414465 414465 414465 386834 386834 386834 386834 386834 386834 386834  13262850  414465 414465 414465 414465 414465 414465 414465 414465 414465 414465 414465 414465 414465 414465 414465 414465 414465 414465 414465 414465 414465 414465 414465 414465 414465 414465 414465 414465 414465 414450 414450 414450 
10 compute 31413021238
10 compute 336
10 reduceScatter 176256 176256 176256 176256 176256 176256 176256 176256 176256 176256 176256 176256 176256 176256 176256 176256 176256 176256 176256 176256 176256 176256 176256 176256 176256 176256 176256 176256 176256 176256 0 0 2984110675 
10 compute 25386414
10 comm_size 32
10 allReduce 2 489417672
10 compute 21530883
10 allToAll 13824 13824 
10 compute 72648066
10 allToAll 13824 13824 
10 compute 20697719
10 comm_size 32
10 allReduce 1 8529383
10 compute 1064419
10 compute 344
10 allGatherV 176256 176256 176256 176256 176256 176256 176256 176256 176256 176256 176256 176256 176256 176256 176256 176256 176256 176256 176256 176256 176256 176256 176256 176256 176256 176256 176256 176256 176256 176256 176256 0 0 0 176256 352512 528768 705024 881280 1057536 1233792 1410048 1586304 1762560 1938816 2115072 2291328 2467584 2643840 2820096 2996352 3172608 3348864 3525120 3701376 3877632 4053888 4230144 4406400 4582656 4758912 4935168 5111424 5258304 5258304 
10 compute 91012885343
10 comm_size 32
10 allReduce 4 2603346779
10 compute 66332768
10 compute 346
10 allToAllV 13262850 414465 414465 414465 414465 414465 414465 414465 414465 414465 414465 414465 414465 414465 414465 414465 414465 414465 414465 414465 414465 414465 414465 414465 414465 414465 414465 414465 414465 414465 414450 414450 414450  13097094  414465 414465 414465 414465 414465 414465 414465 414465 414465 414465 414465 414465 414465 414465 414465 414465 414465 414465 414465 414465 414465 414465 414465 414465 414465 386834 386834 386834 386834 386834 386834 386834 
10 compute 918111
10 comm_size 32
10 allReduce 223729 163995950
10 compute 11526
10 comm_size 32
10 allReduce 1 71319152
10 compute 10982
10 compute 346
10 allToAllV 13097094 414465 414465 414465 414465 414465 414465 414465 414465 414465 414465 414465 414465 414465 414465 414465 414465 414465 414465 414465 414465 414465 414465 414465 414465 414465 386834 386834 386834 386834 386834 386834 386834  13262850  414465 414465 414465 414465 414465 414465 414465 414465 414465 414465 414465 414465 414465 414465 414465 414465 414465 414465 414465 414465 414465 414465 414465 414465 414465 414465 414465 414465 414465 414450 414450 414450 
10 compute 289944550307
10 comm_size 32
10 allReduce 2 8482373745
10 compute 66336078
10 compute 346
10 allToAllV 13262850 414465 414465 414465 414465 414465 414465 414465 414465 414465 414465 414465 414465 414465 414465 414465 414465 414465 414465 414465 414465 414465 414465 414465 414465 414465 414465 414465 414465 414465 414450 414450 414450  13097094  414465 414465 414465 414465 414465 414465 414465 414465 414465 414465 414465 414465 414465 414465 414465 414465 414465 414465 414465 414465 414465 414465 414465 414465 414465 386834 386834 386834 386834 386834 386834 386834 
10 compute 194475310
10 comm_size 32
10 allReduce 7 28717323
10 compute 445335369
10 comm_size 32
10 allReduce 223729 798904546
10 compute 10187789
10 compute 346
10 allToAllV 13097094 414465 414465 414465 414465 414465 414465 414465 414465 414465 414465 414465 414465 414465 414465 414465 414465 414465 414465 414465 414465 414465 414465 414465 414465 414465 386834 386834 386834 386834 386834 386834 386834  13262850  414465 414465 414465 414465 414465 414465 414465 414465 414465 414465 414465 414465 414465 414465 414465 414465 414465 414465 414465 414465 414465 414465 414465 414465 414465 414465 414465 414465 414465 414450 414450 414450 
10 compute 31413021234
10 compute 336
10 reduceScatter 176256 176256 176256 176256 176256 176256 176256 176256 176256 176256 176256 176256 176256 176256 176256 176256 176256 176256 176256 176256 176256 176256 176256 176256 176256 176256 176256 176256 176256 176256 0 0 5337132887 
10 compute 25389315
10 comm_size 32
10 allReduce 2 997336522
10 compute 21530883
10 allToAll 13824 13824 
10 compute 72648067
10 allToAll 13824 13824 
10 compute 20697716
10 comm_size 32
10 allReduce 1 8934015
10 compute 1064418
10 compute 344
10 allGatherV 176256 176256 176256 176256 176256 176256 176256 176256 176256 176256 176256 176256 176256 176256 176256 176256 176256 176256 176256 176256 176256 176256 176256 176256 176256 176256 176256 176256 176256 176256 176256 0 0 0 176256 352512 528768 705024 881280 1057536 1233792 1410048 1586304 1762560 1938816 2115072 2291328 2467584 2643840 2820096 2996352 3172608 3348864 3525120 3701376 3877632 4053888 4230144 4406400 4582656 4758912 4935168 5111424 5258304 5258304 
10 compute 91012885348
10 comm_size 32
10 allReduce 4 2492649820
10 compute 66332768
10 compute 346
10 allToAllV 13262850 414465 414465 414465 414465 414465 414465 414465 414465 414465 414465 414465 414465 414465 414465 414465 414465 414465 414465 414465 414465 414465 414465 414465 414465 414465 414465 414465 414465 414465 414450 414450 414450  13097094  414465 414465 414465 414465 414465 414465 414465 414465 414465 414465 414465 414465 414465 414465 414465 414465 414465 414465 414465 414465 414465 414465 414465 414465 414465 386834 386834 386834 386834 386834 386834 386834 
10 compute 918110
10 comm_size 32
10 allReduce 223729 229959126
10 compute 11526
10 comm_size 32
10 allReduce 1 66409621
10 compute 10982
10 compute 346
10 allToAllV 13097094 414465 414465 414465 414465 414465 414465 414465 414465 414465 414465 414465 414465 414465 414465 414465 414465 414465 414465 414465 414465 414465 414465 414465 414465 414465 386834 386834 386834 386834 386834 386834 386834  13262850  414465 414465 414465 414465 414465 414465 414465 414465 414465 414465 414465 414465 414465 414465 414465 414465 414465 414465 414465 414465 414465 414465 414465 414465 414465 414465 414465 414465 414465 414450 414450 414450 
10 compute 289944550306
10 comm_size 32
10 allReduce 2 7884203867
10 compute 66336079
10 compute 346
10 allToAllV 13262850 414465 414465 414465 414465 414465 414465 414465 414465 414465 414465 414465 414465 414465 414465 414465 414465 414465 414465 414465 414465 414465 414465 414465 414465 414465 414465 414465 414465 414465 414450 414450 414450  13097094  414465 414465 414465 414465 414465 414465 414465 414465 414465 414465 414465 414465 414465 414465 414465 414465 414465 414465 414465 414465 414465 414465 414465 414465 414465 386834 386834 386834 386834 386834 386834 386834 
10 compute 272892239
10 comm_size 32
10 allReduce 7 40998218
10 compute 602163786
10 comm_size 32
10 allReduce 223729 808249264
10 compute 10187682
10 compute 346
10 allToAllV 13097094 414465 414465 414465 414465 414465 414465 414465 414465 414465 414465 414465 414465 414465 414465 414465 414465 414465 414465 414465 414465 414465 414465 414465 414465 414465 386834 386834 386834 386834 386834 386834 386834  13262850  414465 414465 414465 414465 414465 414465 414465 414465 414465 414465 414465 414465 414465 414465 414465 414465 414465 414465 414465 414465 414465 414465 414465 414465 414465 414465 414465 414465 414465 414450 414450 414450 
10 compute 31413021228
10 compute 336
10 reduceScatter 176256 176256 176256 176256 176256 176256 176256 176256 176256 176256 176256 176256 176256 176256 176256 176256 176256 176256 176256 176256 176256 176256 176256 176256 176256 176256 176256 176256 176256 176256 0 0 6234845056 
10 compute 25408040
10 comm_size 32
10 allReduce 2 536692378
10 compute 21530883
10 allToAll 13824 13824 
10 compute 72648075
10 allToAll 13824 13824 
10 compute 20697719
10 comm_size 32
10 allReduce 1 4535502
10 compute 1064418
10 compute 344
10 allGatherV 176256 176256 176256 176256 176256 176256 176256 176256 176256 176256 176256 176256 176256 176256 176256 176256 176256 176256 176256 176256 176256 176256 176256 176256 176256 176256 176256 176256 176256 176256 176256 0 0 0 176256 352512 528768 705024 881280 1057536 1233792 1410048 1586304 1762560 1938816 2115072 2291328 2467584 2643840 2820096 2996352 3172608 3348864 3525120 3701376 3877632 4053888 4230144 4406400 4582656 4758912 4935168 5111424 5258304 5258304 
10 compute 91012885338
10 comm_size 32
10 allReduce 4 2739182663
10 compute 66332770
10 compute 346
10 allToAllV 13262850 414465 414465 414465 414465 414465 414465 414465 414465 414465 414465 414465 414465 414465 414465 414465 414465 414465 414465 414465 414465 414465 414465 414465 414465 414465 414465 414465 414465 414465 414450 414450 414450  13097094  414465 414465 414465 414465 414465 414465 414465 414465 414465 414465 414465 414465 414465 414465 414465 414465 414465 414465 414465 414465 414465 414465 414465 414465 414465 386834 386834 386834 386834 386834 386834 386834 
10 compute 918110
10 comm_size 32
10 allReduce 223729 165055015
10 compute 11526
10 comm_size 32
10 allReduce 1 32820601
10 compute 10982
10 compute 346
10 allToAllV 13097094 414465 414465 414465 414465 414465 414465 414465 414465 414465 414465 414465 414465 414465 414465 414465 414465 414465 414465 414465 414465 414465 414465 414465 414465 414465 386834 386834 386834 386834 386834 386834 386834  13262850  414465 414465 414465 414465 414465 414465 414465 414465 414465 414465 414465 414465 414465 414465 414465 414465 414465 414465 414465 414465 414465 414465 414465 414465 414465 414465 414465 414465 414465 414450 414450 414450 
10 compute 289944550315
10 comm_size 32
10 allReduce 2 8059365912
10 compute 66336078
10 compute 346
10 allToAllV 13262850 414465 414465 414465 414465 414465 414465 414465 414465 414465 414465 414465 414465 414465 414465 414465 414465 414465 414465 414465 414465 414465 414465 414465 414465 414465 414465 414465 414465 414465 414450 414450 414450  13097094  414465 414465 414465 414465 414465 414465 414465 414465 414465 414465 414465 414465 414465 414465 414465 414465 414465 414465 414465 414465 414465 414465 414465 414465 414465 386834 386834 386834 386834 386834 386834 386834 
10 compute 351309154
10 comm_size 32
10 allReduce 7 68979724
10 compute 758999070
10 comm_size 32
10 allReduce 223729 234273843
10 compute 10187675
10 compute 346
10 allToAllV 13097094 414465 414465 414465 414465 414465 414465 414465 414465 414465 414465 414465 414465 414465 414465 414465 414465 414465 414465 414465 414465 414465 414465 414465 414465 414465 386834 386834 386834 386834 386834 386834 386834  13262850  414465 414465 414465 414465 414465 414465 414465 414465 414465 414465 414465 414465 414465 414465 414465 414465 414465 414465 414465 414465 414465 414465 414465 414465 414465 414465 414465 414465 414465 414450 414450 414450 
10 compute 31413021230
10 compute 336
10 reduceScatter 176256 176256 176256 176256 176256 176256 176256 176256 176256 176256 176256 176256 176256 176256 176256 176256 176256 176256 176256 176256 176256 176256 176256 176256 176256 176256 176256 176256 176256 176256 0 0 2506301542 
10 compute 25411043
10 comm_size 32
10 allReduce 2 474460183
10 compute 21530883
10 allToAll 13824 13824 
10 compute 72648067
10 allToAll 13824 13824 
10 compute 20697717
10 comm_size 32
10 allReduce 1 4220753
10 compute 1064418
10 compute 344
10 allGatherV 176256 176256 176256 176256 176256 176256 176256 176256 176256 176256 176256 176256 176256 176256 176256 176256 176256 176256 176256 176256 176256 176256 176256 176256 176256 176256 176256 176256 176256 176256 176256 0 0 0 176256 352512 528768 705024 881280 1057536 1233792 1410048 1586304 1762560 1938816 2115072 2291328 2467584 2643840 2820096 2996352 3172608 3348864 3525120 3701376 3877632 4053888 4230144 4406400 4582656 4758912 4935168 5111424 5258304 5258304 
10 compute 91012885353
10 comm_size 32
10 allReduce 4 2527048950
10 compute 66332768
10 compute 346
10 allToAllV 13262850 414465 414465 414465 414465 414465 414465 414465 414465 414465 414465 414465 414465 414465 414465 414465 414465 414465 414465 414465 414465 414465 414465 414465 414465 414465 414465 414465 414465 414465 414450 414450 414450  13097094  414465 414465 414465 414465 414465 414465 414465 414465 414465 414465 414465 414465 414465 414465 414465 414465 414465 414465 414465 414465 414465 414465 414465 414465 414465 386834 386834 386834 386834 386834 386834 386834 
10 compute 918111
10 comm_size 32
10 allReduce 223729 174708939
10 compute 11588
10 comm_size 32
10 allReduce 1 78504594
10 compute 10982
10 compute 346
10 allToAllV 13097094 414465 414465 414465 414465 414465 414465 414465 414465 414465 414465 414465 414465 414465 414465 414465 414465 414465 414465 414465 414465 414465 414465 414465 414465 414465 386834 386834 386834 386834 386834 386834 386834  13262850  414465 414465 414465 414465 414465 414465 414465 414465 414465 414465 414465 414465 414465 414465 414465 414465 414465 414465 414465 414465 414465 414465 414465 414465 414465 414465 414465 414465 414465 414450 414450 414450 
10 compute 289944546907
10 comm_size 32
10 allReduce 2 8245130041
10 compute 66336078
10 compute 346
10 allToAllV 13262850 414465 414465 414465 414465 414465 414465 414465 414465 414465 414465 414465 414465 414465 414465 414465 414465 414465 414465 414465 414465 414465 414465 414465 414465 414465 414465 414465 414465 414465 414450 414450 414450  13097094  414465 414465 414465 414465 414465 414465 414465 414465 414465 414465 414465 414465 414465 414465 414465 414465 414465 414465 414465 414465 414465 414465 414465 414465 414465 386834 386834 386834 386834 386834 386834 386834 
10 compute 429726084
10 comm_size 32
10 allReduce 7 63015028
10 compute 915834644
10 comm_size 32
10 allReduce 223729 224384700
10 compute 10187646
10 compute 346
10 allToAllV 13097094 414465 414465 414465 414465 414465 414465 414465 414465 414465 414465 414465 414465 414465 414465 414465 414465 414465 414465 414465 414465 414465 414465 414465 414465 414465 386834 386834 386834 386834 386834 386834 386834  13262850  414465 414465 414465 414465 414465 414465 414465 414465 414465 414465 414465 414465 414465 414465 414465 414465 414465 414465 414465 414465 414465 414465 414465 414465 414465 414465 414465 414465 414465 414450 414450 414450 
10 compute 31413021225
10 compute 336
10 reduceScatter 176256 176256 176256 176256 176256 176256 176256 176256 176256 176256 176256 176256 176256 176256 176256 176256 176256 176256 176256 176256 176256 176256 176256 176256 176256 176256 176256 176256 176256 176256 0 0 2395447324 
10 compute 25401700
10 comm_size 32
10 allReduce 2 488147779
10 compute 21530784
10 allToAll 13824 13824 
10 compute 72648066
10 allToAll 13824 13824 
10 compute 20697611
10 comm_size 32
10 allReduce 1 3345307
10 compute 1064415
10 compute 344
10 allGatherV 176256 176256 176256 176256 176256 176256 176256 176256 176256 176256 176256 176256 176256 176256 176256 176256 176256 176256 176256 176256 176256 176256 176256 176256 176256 176256 176256 176256 176256 176256 176256 0 0 0 176256 352512 528768 705024 881280 1057536 1233792 1410048 1586304 1762560 1938816 2115072 2291328 2467584 2643840 2820096 2996352 3172608 3348864 3525120 3701376 3877632 4053888 4230144 4406400 4582656 4758912 4935168 5111424 5258304 5258304 
10 compute 91012768852
10 comm_size 32
10 allReduce 4 2534598004
10 compute 66332768
10 compute 346
10 allToAllV 13262850 414465 414465 414465 414465 414465 414465 414465 414465 414465 414465 414465 414465 414465 414465 414465 414465 414465 414465 414465 414465 414465 414465 414465 414465 414465 414465 414465 414465 414465 414450 414450 414450  13097094  414465 414465 414465 414465 414465 414465 414465 414465 414465 414465 414465 414465 414465 414465 414465 414465 414465 414465 414465 414465 414465 414465 414465 414465 414465 386834 386834 386834 386834 386834 386834 386834 
10 compute 918103
10 comm_size 32
10 allReduce 223729 201981675
10 compute 11522
10 comm_size 32
10 allReduce 1 83768968
10 compute 10982
10 compute 346
10 allToAllV 13097094 414465 414465 414465 414465 414465 414465 414465 414465 414465 414465 414465 414465 414465 414465 414465 414465 414465 414465 414465 414465 414465 414465 414465 414465 414465 386834 386834 386834 386834 386834 386834 386834  13262850  414465 414465 414465 414465 414465 414465 414465 414465 414465 414465 414465 414465 414465 414465 414465 414465 414465 414465 414465 414465 414465 414465 414465 414465 414465 414465 414465 414465 414465 414450 414450 414450 
10 compute 289944546917
10 comm_size 32
10 allReduce 2 7933266547
10 compute 66336078
10 compute 346
10 allToAllV 13262850 414465 414465 414465 414465 414465 414465 414465 414465 414465 414465 414465 414465 414465 414465 414465 414465 414465 414465 414465 414465 414465 414465 414465 414465 414465 414465 414465 414465 414465 414450 414450 414450  13097094  414465 414465 414465 414465 414465 414465 414465 414465 414465 414465 414465 414465 414465 414465 414465 414465 414465 414465 414465 414465 414465 414465 414465 414465 414465 386834 386834 386834 386834 386834 386834 386834 
10 compute 508142999
10 comm_size 32
10 allReduce 7 66038709
10 compute 1020352480
10 comm_size 32
10 allReduce 223729 269542745
10 compute 10187532
10 compute 346
10 allToAllV 13097094 414465 414465 414465 414465 414465 414465 414465 414465 414465 414465 414465 414465 414465 414465 414465 414465 414465 414465 414465 414465 414465 414465 414465 414465 414465 386834 386834 386834 386834 386834 386834 386834  13262850  414465 414465 414465 414465 414465 414465 414465 414465 414465 414465 414465 414465 414465 414465 414465 414465 414465 414465 414465 414465 414465 414465 414465 414465 414465 414465 414465 414465 414465 414450 414450 414450 
10 compute 31413021221
10 compute 336
10 reduceScatter 176256 176256 176256 176256 176256 176256 176256 176256 176256 176256 176256 176256 176256 176256 176256 176256 176256 176256 176256 176256 176256 176256 176256 176256 176256 176256 176256 176256 176256 176256 0 0 2495706147 
10 compute 25414554
10 comm_size 32
10 allReduce 2 502837793
10 compute 21530784
10 allToAll 13824 13824 
10 compute 72648071
10 allToAll 13824 13824 
10 compute 20697612
10 comm_size 32
10 allReduce 1 10765698
10 compute 1064415
10 compute 344
10 allGatherV 176256 176256 176256 176256 176256 176256 176256 176256 176256 176256 176256 176256 176256 176256 176256 176256 176256 176256 176256 176256 176256 176256 176256 176256 176256 176256 176256 176256 176256 176256 176256 0 0 0 176256 352512 528768 705024 881280 1057536 1233792 1410048 1586304 1762560 1938816 2115072 2291328 2467584 2643840 2820096 2996352 3172608 3348864 3525120 3701376 3877632 4053888 4230144 4406400 4582656 4758912 4935168 5111424 5258304 5258304 
10 compute 91012768852
10 comm_size 32
10 allReduce 4 2522896432
10 compute 66332768
10 compute 346
10 allToAllV 13262850 414465 414465 414465 414465 414465 414465 414465 414465 414465 414465 414465 414465 414465 414465 414465 414465 414465 414465 414465 414465 414465 414465 414465 414465 414465 414465 414465 414465 414465 414450 414450 414450  13097094  414465 414465 414465 414465 414465 414465 414465 414465 414465 414465 414465 414465 414465 414465 414465 414465 414465 414465 414465 414465 414465 414465 414465 414465 414465 386834 386834 386834 386834 386834 386834 386834 
10 compute 918105
10 comm_size 32
10 allReduce 223729 170428884
10 compute 11523
10 comm_size 32
10 allReduce 1 80739371
10 compute 10982
10 compute 346
10 allToAllV 13097094 414465 414465 414465 414465 414465 414465 414465 414465 414465 414465 414465 414465 414465 414465 414465 414465 414465 414465 414465 414465 414465 414465 414465 414465 414465 386834 386834 386834 386834 386834 386834 386834  13262850  414465 414465 414465 414465 414465 414465 414465 414465 414465 414465 414465 414465 414465 414465 414465 414465 414465 414465 414465 414465 414465 414465 414465 414465 414465 414465 414465 414465 414465 414450 414450 414450 
10 compute 289944546883
10 comm_size 32
10 allReduce 2 7808012189
10 compute 66336078
10 compute 346
10 allToAllV 13262850 414465 414465 414465 414465 414465 414465 414465 414465 414465 414465 414465 414465 414465 414465 414465 414465 414465 414465 414465 414465 414465 414465 414465 414465 414465 414465 414465 414465 414465 414450 414450 414450  13097094  414465 414465 414465 414465 414465 414465 414465 414465 414465 414465 414465 414465 414465 414465 414465 414465 414465 414465 414465 414465 414465 414465 414465 414465 414465 386834 386834 386834 386834 386834 386834 386834 
10 compute 508118066
10 comm_size 32
10 allReduce 7 73058349
10 compute 1020352644
10 comm_size 32
10 allReduce 223729 241793893
10 compute 10187702
10 compute 346
10 allToAllV 13097094 414465 414465 414465 414465 414465 414465 414465 414465 414465 414465 414465 414465 414465 414465 414465 414465 414465 414465 414465 414465 414465 414465 414465 414465 414465 386834 386834 386834 386834 386834 386834 386834  13262850  414465 414465 414465 414465 414465 414465 414465 414465 414465 414465 414465 414465 414465 414465 414465 414465 414465 414465 414465 414465 414465 414465 414465 414465 414465 414465 414465 414465 414465 414450 414450 414450 
10 compute 31413021222
10 compute 336
10 reduceScatter 176256 176256 176256 176256 176256 176256 176256 176256 176256 176256 176256 176256 176256 176256 176256 176256 176256 176256 176256 176256 176256 176256 176256 176256 176256 176256 176256 176256 176256 176256 0 0 2409942446 
10 compute 25412072
10 comm_size 32
10 allReduce 2 493442627
10 compute 21530784
10 allToAll 13824 13824 
10 compute 72648066
10 allToAll 13824 13824 
10 compute 20697611
10 comm_size 32
10 allReduce 1 4070205
10 compute 1064416
10 compute 344
10 allGatherV 176256 176256 176256 176256 176256 176256 176256 176256 176256 176256 176256 176256 176256 176256 176256 176256 176256 176256 176256 176256 176256 176256 176256 176256 176256 176256 176256 176256 176256 176256 176256 0 0 0 176256 352512 528768 705024 881280 1057536 1233792 1410048 1586304 1762560 1938816 2115072 2291328 2467584 2643840 2820096 2996352 3172608 3348864 3525120 3701376 3877632 4053888 4230144 4406400 4582656 4758912 4935168 5111424 5258304 5258304 
10 compute 91012768852
10 comm_size 32
10 allReduce 4 2771700123
10 compute 66332768
10 compute 346
10 allToAllV 13262850 414465 414465 414465 414465 414465 414465 414465 414465 414465 414465 414465 414465 414465 414465 414465 414465 414465 414465 414465 414465 414465 414465 414465 414465 414465 414465 414465 414465 414465 414450 414450 414450  13097094  414465 414465 414465 414465 414465 414465 414465 414465 414465 414465 414465 414465 414465 414465 414465 414465 414465 414465 414465 414465 414465 414465 414465 414465 414465 386834 386834 386834 386834 386834 386834 386834 
10 compute 918104
10 comm_size 32
10 allReduce 223729 130806876
10 compute 11514
10 comm_size 32
10 allReduce 1 41359907
10 compute 10982
10 compute 346
10 allToAllV 13097094 414465 414465 414465 414465 414465 414465 414465 414465 414465 414465 414465 414465 414465 414465 414465 414465 414465 414465 414465 414465 414465 414465 414465 414465 414465 386834 386834 386834 386834 386834 386834 386834  13262850  414465 414465 414465 414465 414465 414465 414465 414465 414465 414465 414465 414465 414465 414465 414465 414465 414465 414465 414465 414465 414465 414465 414465 414465 414465 414465 414465 414465 414465 414450 414450 414450 
10 compute 289944546899
10 comm_size 32
10 allReduce 2 8325197254
10 compute 66336078
10 compute 346
10 allToAllV 13262850 414465 414465 414465 414465 414465 414465 414465 414465 414465 414465 414465 414465 414465 414465 414465 414465 414465 414465 414465 414465 414465 414465 414465 414465 414465 414465 414465 414465 414465 414450 414450 414450  13097094  414465 414465 414465 414465 414465 414465 414465 414465 414465 414465 414465 414465 414465 414465 414465 414465 414465 414465 414465 414465 414465 414465 414465 414465 414465 386834 386834 386834 386834 386834 386834 386834 
10 compute 508118078
10 comm_size 32
10 allReduce 7 80269184
10 compute 1020352500
10 comm_size 32
10 allReduce 223729 212922705
10 compute 10187883
10 compute 346
10 allToAllV 13097094 414465 414465 414465 414465 414465 414465 414465 414465 414465 414465 414465 414465 414465 414465 414465 414465 414465 414465 414465 414465 414465 414465 414465 414465 414465 386834 386834 386834 386834 386834 386834 386834  13262850  414465 414465 414465 414465 414465 414465 414465 414465 414465 414465 414465 414465 414465 414465 414465 414465 414465 414465 414465 414465 414465 414465 414465 414465 414465 414465 414465 414465 414465 414450 414450 414450 
10 compute 31413021216
10 compute 336
10 reduceScatter 176256 176256 176256 176256 176256 176256 176256 176256 176256 176256 176256 176256 176256 176256 176256 176256 176256 176256 176256 176256 176256 176256 176256 176256 176256 176256 176256 176256 176256 176256 0 0 2424853787 
10 compute 25415976
10 comm_size 32
10 allReduce 2 505801199
10 compute 21530784
10 allToAll 13824 13824 
10 compute 72648066
10 allToAll 13824 13824 
10 compute 20697612
10 comm_size 32
10 allReduce 1 3929910
10 compute 1064415
10 compute 344
10 allGatherV 176256 176256 176256 176256 176256 176256 176256 176256 176256 176256 176256 176256 176256 176256 176256 176256 176256 176256 176256 176256 176256 176256 176256 176256 176256 176256 176256 176256 176256 176256 176256 0 0 0 176256 352512 528768 705024 881280 1057536 1233792 1410048 1586304 1762560 1938816 2115072 2291328 2467584 2643840 2820096 2996352 3172608 3348864 3525120 3701376 3877632 4053888 4230144 4406400 4582656 4758912 4935168 5111424 5258304 5258304 
10 compute 91012768860
10 comm_size 32
10 allReduce 4 2667989675
10 compute 66332769
10 compute 346
10 allToAllV 13262850 414465 414465 414465 414465 414465 414465 414465 414465 414465 414465 414465 414465 414465 414465 414465 414465 414465 414465 414465 414465 414465 414465 414465 414465 414465 414465 414465 414465 414465 414450 414450 414450  13097094  414465 414465 414465 414465 414465 414465 414465 414465 414465 414465 414465 414465 414465 414465 414465 414465 414465 414465 414465 414465 414465 414465 414465 414465 414465 386834 386834 386834 386834 386834 386834 386834 
10 compute 918103
10 comm_size 32
10 allReduce 223729 194733159
10 compute 11523
10 comm_size 32
10 allReduce 1 33362355
10 compute 10982
10 compute 346
10 allToAllV 13097094 414465 414465 414465 414465 414465 414465 414465 414465 414465 414465 414465 414465 414465 414465 414465 414465 414465 414465 414465 414465 414465 414465 414465 414465 414465 386834 386834 386834 386834 386834 386834 386834  13262850  414465 414465 414465 414465 414465 414465 414465 414465 414465 414465 414465 414465 414465 414465 414465 414465 414465 414465 414465 414465 414465 414465 414465 414465 414465 414465 414465 414465 414465 414450 414450 414450 
10 compute 289944546919
10 comm_size 32
10 allReduce 2 7761474038
10 compute 66336078
10 compute 346
10 allToAllV 13262850 414465 414465 414465 414465 414465 414465 414465 414465 414465 414465 414465 414465 414465 414465 414465 414465 414465 414465 414465 414465 414465 414465 414465 414465 414465 414465 414465 414465 414465 414450 414450 414450  13097094  414465 414465 414465 414465 414465 414465 414465 414465 414465 414465 414465 414465 414465 414465 414465 414465 414465 414465 414465 414465 414465 414465 414465 414465 414465 386834 386834 386834 386834 386834 386834 386834 
10 compute 508118077
10 comm_size 32
10 allReduce 7 71230086
10 compute 1020352647
10 comm_size 32
10 allReduce 223729 243000914
10 compute 10187701
10 compute 346
10 allToAllV 13097094 414465 414465 414465 414465 414465 414465 414465 414465 414465 414465 414465 414465 414465 414465 414465 414465 414465 414465 414465 414465 414465 414465 414465 414465 414465 386834 386834 386834 386834 386834 386834 386834  13262850  414465 414465 414465 414465 414465 414465 414465 414465 414465 414465 414465 414465 414465 414465 414465 414465 414465 414465 414465 414465 414465 414465 414465 414465 414465 414465 414465 414465 414465 414450 414450 414450 
10 compute 66332649
10 compute 1193
10 gather 133 133 0 
10 compute 31346690816
10 compute 336
10 reduceScatter 176256 176256 176256 176256 176256 176256 176256 176256 176256 176256 176256 176256 176256 176256 176256 176256 176256 176256 176256 176256 176256 176256 176256 176256 176256 176256 176256 176256 176256 176256 0 0 2506395862 
10 compute 25417441
10 comm_size 32
10 allReduce 2 495129425
10 compute 21530574
10 allToAll 13824 13824 
10 compute 72647946
10 allToAll 13824 13824 
10 compute 20697431
10 comm_size 32
10 allReduce 1 716846
10 compute 1064356
10 compute 344
10 allGatherV 176256 176256 176256 176256 176256 176256 176256 176256 176256 176256 176256 176256 176256 176256 176256 176256 176256 176256 176256 176256 176256 176256 176256 176256 176256 176256 176256 176256 176256 176256 176256 0 0 0 176256 352512 528768 705024 881280 1057536 1233792 1410048 1586304 1762560 1938816 2115072 2291328 2467584 2643840 2820096 2996352 3172608 3348864 3525120 3701376 3877632 4053888 4230144 4406400 4582656 4758912 4935168 5111424 5258304 5258304 
10 compute 91012768579
10 comm_size 32
10 allReduce 4 2630159088
10 compute 66332607
10 compute 346
10 allToAllV 13262850 414465 414465 414465 414465 414465 414465 414465 414465 414465 414465 414465 414465 414465 414465 414465 414465 414465 414465 414465 414465 414465 414465 414465 414465 414465 414465 414465 414465 414465 414450 414450 414450  13097094  414465 414465 414465 414465 414465 414465 414465 414465 414465 414465 414465 414465 414465 414465 414465 414465 414465 414465 414465 414465 414465 414465 414465 414465 414465 386834 386834 386834 386834 386834 386834 386834 
10 compute 910411
10 comm_size 32
10 allReduce 223729 211882782
10 compute 1567959565
10 comm_size 32
10 allReduce 1 24580943
10 compute 9725
10 compute 346
10 allToAllV 13097094 414465 414465 414465 414465 414465 414465 414465 414465 414465 414465 414465 414465 414465 414465 414465 414465 414465 414465 414465 414465 414465 414465 414465 414465 414465 386834 386834 386834 386834 386834 386834 386834  13262850  414465 414465 414465 414465 414465 414465 414465 414465 414465 414465 414465 414465 414465 414465 414465 414465 414465 414465 414465 414465 414465 414465 414465 414465 414465 414465 414465 414465 414465 414450 414450 414450 
10 compute 66332396
10 comm_size 32
10 bcast 473 31 0
10 compute 337
10 barrier
10 compute 31293651731
10 compute 336
10 reduceScatter 176256 176256 176256 176256 176256 176256 176256 176256 176256 176256 176256 176256 176256 176256 176256 176256 176256 176256 176256 176256 176256 176256 176256 176256 176256 176256 176256 176256 176256 176256 0 0 2733249840 
10 compute 21791088
10 allToAll 13824 13824 
10 compute 72648314
10 allToAll 13824 13824 
10 compute 20516736
10 comm_size 32
10 allReduce 1 2883429
10 compute 987
10 comm_size 32
10 allReduce 6 620057
10 compute 4205
10 compute 344
10 allGatherV 176256 176256 176256 176256 176256 176256 176256 176256 176256 176256 176256 176256 176256 176256 176256 176256 176256 176256 176256 176256 176256 176256 176256 176256 176256 176256 176256 176256 176256 176256 176256 0 0 0 176256 352512 528768 705024 881280 1057536 1233792 1410048 1586304 1762560 1938816 2115072 2291328 2467584 2643840 2820096 2996352 3172608 3348864 3525120 3701376 3877632 4053888 4230144 4406400 4582656 4758912 4935168 5111424 5258304 5258304 
10 compute 10322622260
10 comm_size 32
10 allReduce 795 557905773
10 compute 993
10 comm_size 32
10 allReduce 1 408849
10 compute 47147
10 barrier
10 compute 504252
10 compute 1116
10 gather 133 133 0 
10 compute 2411
10 compute 451
10 gather 3 3 0 
10 compute 86862
10 barrier
10 compute 20401
10 barrier
10 compute 346
10 barrier
10 compute 2654
10 finalize