19 init 1
19 compute 127153
19 compute 2652
19 compute 336779
19 compute 13040698
19 comm_size 32
19 bcast 1
19 compute 25656
19 barrier
19 compute 22528
19 comm_size 32
19 bcast 1
19 compute 24027
19 barrier
19 compute 22605
19 comm_size 32
19 bcast 1
19 compute 23750
19 barrier
19 compute 22523
19 comm_size 32
19 bcast 1
19 compute 23824
19 barrier
19 compute 22609
19 comm_size 32
19 bcast 1
19 compute 23867
19 barrier
19 compute 22681
19 comm_size 32
19 bcast 1
19 compute 23834
19 barrier
19 compute 22624
19 comm_size 32
19 bcast 1
19 compute 23492
19 barrier
19 compute 421
19 barrier
19 compute 166365
19 barrier
19 compute 26252925
19 barrier
19 compute 97251
19 comm_size 32
19 bcast 1
19 compute 378288
19 barrier
19 compute 12854
19 comm_size 32
19 bcast 1
19 compute 46338
19 barrier
19 compute 1017463
19 barrier
19 compute 124765
19 gather 795 795 0 
19 compute 245277367
19 allToAll 1746 1746 
19 compute 276030
19 barrier
19 compute 409314528
19 comm_size 32
19 allReduce 32 21818681 1
19 compute 3038130250
19 compute 1525
19 allToAllV 13262850 414465 414465 414465 414465 414465 414465 414465 414465 414465 414465 414465 414465 414465 414465 414465 414465 414465 414465 414465 414465 414465 414465 414465 414465 414465 414465 414465 414465 414465 414450 414450 414450  13097094  414465 414465 414465 414465 414465 414465 414465 414465 414465 414465 414465 414465 414465 414465 414465 414465 414465 414465 414465 414465 414465 414465 414465 414465 414465 386834 386834 386834 386834 386834 386834 386834 
19 compute 1058646413
19 barrier
19 compute 7749
19 compute 332
19 allToAllV 13097094 414465 414465 414465 414465 414465 414465 414465 414465 414465 414465 414465 414465 414465 414465 414465 414465 414465 414465 414465 414465 414465 414465 414465 414465 414465 386834 386834 386834 386834 386834 386834 386834  13262850  414465 414465 414465 414465 414465 414465 414465 414465 414465 414465 414465 414465 414465 414465 414465 414465 414465 414465 414465 414465 414465 414465 414465 414465 414465 414465 414465 414465 414465 414450 414450 414450 
19 compute 915154395
19 barrier
19 compute 1447127347
19 allToAll 13824 13824 
19 compute 72648659
19 allToAll 13824 13824 
19 compute 20518521
19 comm_size 32
19 allReduce 1 10938129
19 compute 1376061784
19 comm_size 32
19 allReduce 795 71878923
19 compute 1493790470
19 comm_size 32
19 allReduce 2 75179146
19 compute 21530919
19 allToAll 13824 13824 
19 compute 72648815
19 allToAll 13824 13824 
19 compute 20518034
19 comm_size 32
19 allReduce 1 4342658
19 compute 75851167
19 comm_size 32
19 allReduce 32 2469080 1
19 compute 60481269761
19 compute 1717
19 reduceScatter 176256 176256 176256 176256 176256 176256 176256 176256 176256 176256 176256 176256 176256 176256 176256 176256 176256 176256 176256 176256 176256 176256 176256 176256 176256 176256 176256 176256 176256 176256 0 0 4817035710 
19 compute 25438808
19 comm_size 32
19 allReduce 2 275455470
19 compute 21530363
19 allToAll 13824 13824 
19 compute 72647121
19 allToAll 13824 13824 
19 compute 20697087
19 comm_size 32
19 allReduce 1 2310804
19 compute 1070100
19 compute 1377
19 allGatherV 176256 176256 176256 176256 176256 176256 176256 176256 176256 176256 176256 176256 176256 176256 176256 176256 176256 176256 176256 176256 176256 176256 176256 176256 176256 176256 176256 176256 176256 176256 176256 0 0 0 176256 352512 528768 705024 881280 1057536 1233792 1410048 1586304 1762560 1938816 2115072 2291328 2467584 2643840 2820096 2996352 3172608 3348864 3525120 3701376 3877632 4053888 4230144 4406400 4582656 4758912 4935168 5111424 5258304 5258304 
19 compute 175827408647
19 comm_size 32
19 allReduce 4 5951469998
19 compute 128288707
19 compute 332
19 allToAllV 25641510 801299 801299 801299 801299 801299 801299 801299 801299 801299 801299 801299 801299 801299 801299 801299 801299 801299 801299 801299 801299 801299 801299 801299 801299 801299 801299 801299 801299 801299 801270 801270 801270  25834985  828930 828930 828930 828930 828930 828930 801299 801299 801299 801299 801299 801299 801299 801299 801299 801299 801299 801299 801299 801299 801299 801299 801299 801299 801299 801299 801299 801299 801299 801299 801299 801299 
19 compute 128241331
19 compute 332
19 allToAllV 25641510 801299 801299 801299 801299 801299 801299 801299 801299 801299 801299 801299 801299 801299 801299 801299 801299 801299 801299 801299 801299 801299 801299 801299 801299 801299 801299 801299 801299 801299 801270 801270 801270  25834985  828930 828930 828930 828930 828930 828930 801299 801299 801299 801299 801299 801299 801299 801299 801299 801299 801299 801299 801299 801299 801299 801299 801299 801299 801299 801299 801299 801299 801299 801299 801299 801299 
19 compute 10047062
19 comm_size 32
19 allReduce 1729832 1065997669
19 compute 10272779258
19 comm_size 32
19 bcast 934 31 0
19 compute 337
19 barrier
19 compute 19174
19 comm_size 32
19 bcast 1729832
19 compute 1565265
19 comm_size 32
19 allReduce 223729 223013962
19 compute 10180771
19 compute 346
19 allToAllV 13097094 414465 414465 414465 414465 414465 414465 414465 414465 414465 414465 414465 414465 414465 414465 414465 414465 414465 414465 414465 414465 414465 414465 414465 414465 414465 386834 386834 386834 386834 386834 386834 386834  13262850  414465 414465 414465 414465 414465 414465 414465 414465 414465 414465 414465 414465 414465 414465 414465 414465 414465 414465 414465 414465 414465 414465 414465 414465 414465 414465 414465 414465 414465 414450 414450 414450 
19 compute 66461532
19 compute 1327
19 gather 133 133 0 
19 compute 31346731491
19 compute 336
19 reduceScatter 176256 176256 176256 176256 176256 176256 176256 176256 176256 176256 176256 176256 176256 176256 176256 176256 176256 176256 176256 176256 176256 176256 176256 176256 176256 176256 176256 176256 176256 176256 0 0 2883115074 
19 compute 25444602
19 comm_size 32
19 allReduce 2 277244524
19 compute 21530204
19 allToAll 13824 13824 
19 compute 72647834
19 allToAll 13824 13824 
19 compute 20697111
19 comm_size 32
19 allReduce 1 3085117
19 compute 1064101
19 compute 344
19 allGatherV 176256 176256 176256 176256 176256 176256 176256 176256 176256 176256 176256 176256 176256 176256 176256 176256 176256 176256 176256 176256 176256 176256 176256 176256 176256 176256 176256 176256 176256 176256 176256 0 0 0 176256 352512 528768 705024 881280 1057536 1233792 1410048 1586304 1762560 1938816 2115072 2291328 2467584 2643840 2820096 2996352 3172608 3348864 3525120 3701376 3877632 4053888 4230144 4406400 4582656 4758912 4935168 5111424 5258304 5258304 
19 compute 91011349779
19 comm_size 32
19 allReduce 4 2993149554
19 compute 66332188
19 compute 346
19 allToAllV 13262850 414465 414465 414465 414465 414465 414465 414465 414465 414465 414465 414465 414465 414465 414465 414465 414465 414465 414465 414465 414465 414465 414465 414465 414465 414465 414465 414465 414465 414465 414450 414450 414450  13097094  414465 414465 414465 414465 414465 414465 414465 414465 414465 414465 414465 414465 414465 414465 414465 414465 414465 414465 414465 414465 414465 414465 414465 414465 414465 386834 386834 386834 386834 386834 386834 386834 
19 compute 917113
19 comm_size 32
19 allReduce 223729 147082143
19 compute 11159
19 comm_size 32
19 allReduce 1 71713452
19 compute 10433
19 compute 346
19 allToAllV 13097094 414465 414465 414465 414465 414465 414465 414465 414465 414465 414465 414465 414465 414465 414465 414465 414465 414465 414465 414465 414465 414465 414465 414465 414465 414465 386834 386834 386834 386834 386834 386834 386834  13262850  414465 414465 414465 414465 414465 414465 414465 414465 414465 414465 414465 414465 414465 414465 414465 414465 414465 414465 414465 414465 414465 414465 414465 414465 414465 414465 414465 414465 414465 414450 414450 414450 
19 compute 289762037293
19 comm_size 32
19 allReduce 2 9007327856
19 compute 66335559
19 compute 346
19 allToAllV 13262850 414465 414465 414465 414465 414465 414465 414465 414465 414465 414465 414465 414465 414465 414465 414465 414465 414465 414465 414465 414465 414465 414465 414465 414465 414465 414465 414465 414465 414465 414450 414450 414450  13097094  414465 414465 414465 414465 414465 414465 414465 414465 414465 414465 414465 414465 414465 414465 414465 414465 414465 414465 414465 414465 414465 414465 414465 414465 414465 386834 386834 386834 386834 386834 386834 386834 
19 compute 116082326
19 comm_size 32
19 allReduce 7 27856472
19 compute 210072658
19 comm_size 32
19 allReduce 223729 135889994
19 compute 10173585
19 compute 346
19 allToAllV 13097094 414465 414465 414465 414465 414465 414465 414465 414465 414465 414465 414465 414465 414465 414465 414465 414465 414465 414465 414465 414465 414465 414465 414465 414465 414465 386834 386834 386834 386834 386834 386834 386834  13262850  414465 414465 414465 414465 414465 414465 414465 414465 414465 414465 414465 414465 414465 414465 414465 414465 414465 414465 414465 414465 414465 414465 414465 414465 414465 414465 414465 414465 414465 414450 414450 414450 
19 compute 31413036694
19 compute 336
19 reduceScatter 176256 176256 176256 176256 176256 176256 176256 176256 176256 176256 176256 176256 176256 176256 176256 176256 176256 176256 176256 176256 176256 176256 176256 176256 176256 176256 176256 176256 176256 176256 0 0 3029762147 
19 compute 25407949
19 comm_size 32
19 allReduce 2 278434045
19 compute 21530237
19 allToAll 13824 13824 
19 compute 72647834
19 allToAll 13824 13824 
19 compute 20697111
19 comm_size 32
19 allReduce 1 7087918
19 compute 1064101
19 compute 344
19 allGatherV 176256 176256 176256 176256 176256 176256 176256 176256 176256 176256 176256 176256 176256 176256 176256 176256 176256 176256 176256 176256 176256 176256 176256 176256 176256 176256 176256 176256 176256 176256 176256 0 0 0 176256 352512 528768 705024 881280 1057536 1233792 1410048 1586304 1762560 1938816 2115072 2291328 2467584 2643840 2820096 2996352 3172608 3348864 3525120 3701376 3877632 4053888 4230144 4406400 4582656 4758912 4935168 5111424 5258304 5258304 
19 compute 91011349672
19 comm_size 32
19 allReduce 4 2946467063
19 compute 66332188
19 compute 346
19 allToAllV 13262850 414465 414465 414465 414465 414465 414465 414465 414465 414465 414465 414465 414465 414465 414465 414465 414465 414465 414465 414465 414465 414465 414465 414465 414465 414465 414465 414465 414465 414465 414450 414450 414450  13097094  414465 414465 414465 414465 414465 414465 414465 414465 414465 414465 414465 414465 414465 414465 414465 414465 414465 414465 414465 414465 414465 414465 414465 414465 414465 386834 386834 386834 386834 386834 386834 386834 
19 compute 917111
19 comm_size 32
19 allReduce 223729 173597598
19 compute 11159
19 comm_size 32
19 allReduce 1 39572902
19 compute 10433
19 compute 346
19 allToAllV 13097094 414465 414465 414465 414465 414465 414465 414465 414465 414465 414465 414465 414465 414465 414465 414465 414465 414465 414465 414465 414465 414465 414465 414465 414465 414465 386834 386834 386834 386834 386834 386834 386834  13262850  414465 414465 414465 414465 414465 414465 414465 414465 414465 414465 414465 414465 414465 414465 414465 414465 414465 414465 414465 414465 414465 414465 414465 414465 414465 414465 414465 414465 414465 414450 414450 414450 
19 compute 289762020810
19 comm_size 32
19 allReduce 2 8848507623
19 compute 66335554
19 compute 346
19 allToAllV 13262850 414465 414465 414465 414465 414465 414465 414465 414465 414465 414465 414465 414465 414465 414465 414465 414465 414465 414465 414465 414465 414465 414465 414465 414465 414465 414465 414465 414465 414465 414450 414450 414450  13097094  414465 414465 414465 414465 414465 414465 414465 414465 414465 414465 414465 414465 414465 414465 414465 414465 414465 414465 414465 414465 414465 414465 414465 414465 414465 386834 386834 386834 386834 386834 386834 386834 
19 compute 194473732
19 comm_size 32
19 allReduce 7 15258524
19 compute 445334652
19 comm_size 32
19 allReduce 223729 698860431
19 compute 10173808
19 compute 346
19 allToAllV 13097094 414465 414465 414465 414465 414465 414465 414465 414465 414465 414465 414465 414465 414465 414465 414465 414465 414465 414465 414465 414465 414465 414465 414465 414465 414465 386834 386834 386834 386834 386834 386834 386834  13262850  414465 414465 414465 414465 414465 414465 414465 414465 414465 414465 414465 414465 414465 414465 414465 414465 414465 414465 414465 414465 414465 414465 414465 414465 414465 414465 414465 414465 414465 414450 414450 414450 
19 compute 31413036694
19 compute 336
19 reduceScatter 176256 176256 176256 176256 176256 176256 176256 176256 176256 176256 176256 176256 176256 176256 176256 176256 176256 176256 176256 176256 176256 176256 176256 176256 176256 176256 176256 176256 176256 176256 0 0 5168026752 
19 compute 25410236
19 comm_size 32
19 allReduce 2 738916313
19 compute 21530226
19 allToAll 13824 13824 
19 compute 72647834
19 allToAll 13824 13824 
19 compute 20697111
19 comm_size 32
19 allReduce 1 2903827
19 compute 1064101
19 compute 344
19 allGatherV 176256 176256 176256 176256 176256 176256 176256 176256 176256 176256 176256 176256 176256 176256 176256 176256 176256 176256 176256 176256 176256 176256 176256 176256 176256 176256 176256 176256 176256 176256 176256 0 0 0 176256 352512 528768 705024 881280 1057536 1233792 1410048 1586304 1762560 1938816 2115072 2291328 2467584 2643840 2820096 2996352 3172608 3348864 3525120 3701376 3877632 4053888 4230144 4406400 4582656 4758912 4935168 5111424 5258304 5258304 
19 compute 91011349671
19 comm_size 32
19 allReduce 4 2859919353
19 compute 66332188
19 compute 346
19 allToAllV 13262850 414465 414465 414465 414465 414465 414465 414465 414465 414465 414465 414465 414465 414465 414465 414465 414465 414465 414465 414465 414465 414465 414465 414465 414465 414465 414465 414465 414465 414465 414450 414450 414450  13097094  414465 414465 414465 414465 414465 414465 414465 414465 414465 414465 414465 414465 414465 414465 414465 414465 414465 414465 414465 414465 414465 414465 414465 414465 414465 386834 386834 386834 386834 386834 386834 386834 
19 compute 917111
19 comm_size 32
19 allReduce 223729 260914730
19 compute 11159
19 comm_size 32
19 allReduce 1 47321475
19 compute 10433
19 compute 346
19 allToAllV 13097094 414465 414465 414465 414465 414465 414465 414465 414465 414465 414465 414465 414465 414465 414465 414465 414465 414465 414465 414465 414465 414465 414465 414465 414465 414465 386834 386834 386834 386834 386834 386834 386834  13262850  414465 414465 414465 414465 414465 414465 414465 414465 414465 414465 414465 414465 414465 414465 414465 414465 414465 414465 414465 414465 414465 414465 414465 414465 414465 414465 414465 414465 414465 414450 414450 414450 
19 compute 289762020788
19 comm_size 32
19 allReduce 2 8340582939
19 compute 66335554
19 compute 346
19 allToAllV 13262850 414465 414465 414465 414465 414465 414465 414465 414465 414465 414465 414465 414465 414465 414465 414465 414465 414465 414465 414465 414465 414465 414465 414465 414465 414465 414465 414465 414465 414465 414450 414450 414450  13097094  414465 414465 414465 414465 414465 414465 414465 414465 414465 414465 414465 414465 414465 414465 414465 414465 414465 414465 414465 414465 414465 414465 414465 414465 414465 386834 386834 386834 386834 386834 386834 386834 
19 compute 272890658
19 comm_size 32
19 allReduce 7 41343661
19 compute 602163111
19 comm_size 32
19 allReduce 223729 780642423
19 compute 10173905
19 compute 346
19 allToAllV 13097094 414465 414465 414465 414465 414465 414465 414465 414465 414465 414465 414465 414465 414465 414465 414465 414465 414465 414465 414465 414465 414465 414465 414465 414465 414465 386834 386834 386834 386834 386834 386834 386834  13262850  414465 414465 414465 414465 414465 414465 414465 414465 414465 414465 414465 414465 414465 414465 414465 414465 414465 414465 414465 414465 414465 414465 414465 414465 414465 414465 414465 414465 414465 414450 414450 414450 
19 compute 31413036705
19 compute 336
19 reduceScatter 176256 176256 176256 176256 176256 176256 176256 176256 176256 176256 176256 176256 176256 176256 176256 176256 176256 176256 176256 176256 176256 176256 176256 176256 176256 176256 176256 176256 176256 176256 0 0 5834309963 
19 compute 25428970
19 comm_size 32
19 allReduce 2 326502104
19 compute 21530237
19 allToAll 13824 13824 
19 compute 72647834
19 allToAll 13824 13824 
19 compute 20697111
19 comm_size 32
19 allReduce 1 1745276
19 compute 1064101
19 compute 344
19 allGatherV 176256 176256 176256 176256 176256 176256 176256 176256 176256 176256 176256 176256 176256 176256 176256 176256 176256 176256 176256 176256 176256 176256 176256 176256 176256 176256 176256 176256 176256 176256 176256 0 0 0 176256 352512 528768 705024 881280 1057536 1233792 1410048 1586304 1762560 1938816 2115072 2291328 2467584 2643840 2820096 2996352 3172608 3348864 3525120 3701376 3877632 4053888 4230144 4406400 4582656 4758912 4935168 5111424 5258304 5258304 
19 compute 91011349667
19 comm_size 32
19 allReduce 4 3004320522
19 compute 66332189
19 compute 346
19 allToAllV 13262850 414465 414465 414465 414465 414465 414465 414465 414465 414465 414465 414465 414465 414465 414465 414465 414465 414465 414465 414465 414465 414465 414465 414465 414465 414465 414465 414465 414465 414465 414450 414450 414450  13097094  414465 414465 414465 414465 414465 414465 414465 414465 414465 414465 414465 414465 414465 414465 414465 414465 414465 414465 414465 414465 414465 414465 414465 414465 414465 386834 386834 386834 386834 386834 386834 386834 
19 compute 917111
19 comm_size 32
19 allReduce 223729 160405967
19 compute 11159
19 comm_size 32
19 allReduce 1 36983897
19 compute 10433
19 compute 346
19 allToAllV 13097094 414465 414465 414465 414465 414465 414465 414465 414465 414465 414465 414465 414465 414465 414465 414465 414465 414465 414465 414465 414465 414465 414465 414465 414465 414465 386834 386834 386834 386834 386834 386834 386834  13262850  414465 414465 414465 414465 414465 414465 414465 414465 414465 414465 414465 414465 414465 414465 414465 414465 414465 414465 414465 414465 414465 414465 414465 414465 414465 414465 414465 414465 414465 414450 414450 414450 
19 compute 289762020792
19 comm_size 32
19 allReduce 2 8474786441
19 compute 66335554
19 compute 346
19 allToAllV 13262850 414465 414465 414465 414465 414465 414465 414465 414465 414465 414465 414465 414465 414465 414465 414465 414465 414465 414465 414465 414465 414465 414465 414465 414465 414465 414465 414465 414465 414465 414450 414450 414450  13097094  414465 414465 414465 414465 414465 414465 414465 414465 414465 414465 414465 414465 414465 414465 414465 414465 414465 414465 414465 414465 414465 414465 414465 414465 414465 386834 386834 386834 386834 386834 386834 386834 
19 compute 351307572
19 comm_size 32
19 allReduce 7 53955866
19 compute 758998436
19 comm_size 32
19 allReduce 223729 229844461
19 compute 10173697
19 compute 346
19 allToAllV 13097094 414465 414465 414465 414465 414465 414465 414465 414465 414465 414465 414465 414465 414465 414465 414465 414465 414465 414465 414465 414465 414465 414465 414465 414465 414465 386834 386834 386834 386834 386834 386834 386834  13262850  414465 414465 414465 414465 414465 414465 414465 414465 414465 414465 414465 414465 414465 414465 414465 414465 414465 414465 414465 414465 414465 414465 414465 414465 414465 414465 414465 414465 414465 414450 414450 414450 
19 compute 31413036700
19 compute 336
19 reduceScatter 176256 176256 176256 176256 176256 176256 176256 176256 176256 176256 176256 176256 176256 176256 176256 176256 176256 176256 176256 176256 176256 176256 176256 176256 176256 176256 176256 176256 176256 176256 0 0 2572996250 
19 compute 25431257
19 comm_size 32
19 allReduce 2 282626192
19 compute 21530237
19 allToAll 13824 13824 
19 compute 72647835
19 allToAll 13824 13824 
19 compute 20697111
19 comm_size 32
19 allReduce 1 3669470
19 compute 1064101
19 compute 344
19 allGatherV 176256 176256 176256 176256 176256 176256 176256 176256 176256 176256 176256 176256 176256 176256 176256 176256 176256 176256 176256 176256 176256 176256 176256 176256 176256 176256 176256 176256 176256 176256 176256 0 0 0 176256 352512 528768 705024 881280 1057536 1233792 1410048 1586304 1762560 1938816 2115072 2291328 2467584 2643840 2820096 2996352 3172608 3348864 3525120 3701376 3877632 4053888 4230144 4406400 4582656 4758912 4935168 5111424 5258304 5258304 
19 compute 91011349674
19 comm_size 32
19 allReduce 4 2808349251
19 compute 66332188
19 compute 346
19 allToAllV 13262850 414465 414465 414465 414465 414465 414465 414465 414465 414465 414465 414465 414465 414465 414465 414465 414465 414465 414465 414465 414465 414465 414465 414465 414465 414465 414465 414465 414465 414465 414450 414450 414450  13097094  414465 414465 414465 414465 414465 414465 414465 414465 414465 414465 414465 414465 414465 414465 414465 414465 414465 414465 414465 414465 414465 414465 414465 414465 414465 386834 386834 386834 386834 386834 386834 386834 
19 compute 917111
19 comm_size 32
19 allReduce 223729 160322476
19 compute 11159
19 comm_size 32
19 allReduce 1 43761471
19 compute 10433
19 compute 346
19 allToAllV 13097094 414465 414465 414465 414465 414465 414465 414465 414465 414465 414465 414465 414465 414465 414465 414465 414465 414465 414465 414465 414465 414465 414465 414465 414465 414465 386834 386834 386834 386834 386834 386834 386834  13262850  414465 414465 414465 414465 414465 414465 414465 414465 414465 414465 414465 414465 414465 414465 414465 414465 414465 414465 414465 414465 414465 414465 414465 414465 414465 414465 414465 414465 414465 414450 414450 414450 
19 compute 289762020787
19 comm_size 32
19 allReduce 2 8625713800
19 compute 66335554
19 compute 346
19 allToAllV 13262850 414465 414465 414465 414465 414465 414465 414465 414465 414465 414465 414465 414465 414465 414465 414465 414465 414465 414465 414465 414465 414465 414465 414465 414465 414465 414465 414465 414465 414465 414450 414450 414450  13097094  414465 414465 414465 414465 414465 414465 414465 414465 414465 414465 414465 414465 414465 414465 414465 414465 414465 414465 414465 414465 414465 414465 414465 414465 414465 386834 386834 386834 386834 386834 386834 386834 
19 compute 429724501
19 comm_size 32
19 allReduce 7 75293171
19 compute 915834081
19 comm_size 32
19 allReduce 223729 175889309
19 compute 10173672
19 compute 346
19 allToAllV 13097094 414465 414465 414465 414465 414465 414465 414465 414465 414465 414465 414465 414465 414465 414465 414465 414465 414465 414465 414465 414465 414465 414465 414465 414465 414465 386834 386834 386834 386834 386834 386834 386834  13262850  414465 414465 414465 414465 414465 414465 414465 414465 414465 414465 414465 414465 414465 414465 414465 414465 414465 414465 414465 414465 414465 414465 414465 414465 414465 414465 414465 414465 414465 414450 414450 414450 
19 compute 31413036727
19 compute 336
19 reduceScatter 176256 176256 176256 176256 176256 176256 176256 176256 176256 176256 176256 176256 176256 176256 176256 176256 176256 176256 176256 176256 176256 176256 176256 176256 176256 176256 176256 176256 176256 176256 0 0 2452635060 
19 compute 25427579
19 comm_size 32
19 allReduce 2 282247182
19 compute 21530195
19 allToAll 13824 13824 
19 compute 72647943
19 allToAll 13824 13824 
19 compute 20697316
19 comm_size 32
19 allReduce 1 2439485
19 compute 1064101
19 compute 344
19 allGatherV 176256 176256 176256 176256 176256 176256 176256 176256 176256 176256 176256 176256 176256 176256 176256 176256 176256 176256 176256 176256 176256 176256 176256 176256 176256 176256 176256 176256 176256 176256 176256 0 0 0 176256 352512 528768 705024 881280 1057536 1233792 1410048 1586304 1762560 1938816 2115072 2291328 2467584 2643840 2820096 2996352 3172608 3348864 3525120 3701376 3877632 4053888 4230144 4406400 4582656 4758912 4935168 5111424 5258304 5258304 
19 compute 91011345580
19 comm_size 32
19 allReduce 4 2846707601
19 compute 66332188
19 compute 346
19 allToAllV 13262850 414465 414465 414465 414465 414465 414465 414465 414465 414465 414465 414465 414465 414465 414465 414465 414465 414465 414465 414465 414465 414465 414465 414465 414465 414465 414465 414465 414465 414465 414450 414450 414450  13097094  414465 414465 414465 414465 414465 414465 414465 414465 414465 414465 414465 414465 414465 414465 414465 414465 414465 414465 414465 414465 414465 414465 414465 414465 414465 386834 386834 386834 386834 386834 386834 386834 
19 compute 916976
19 comm_size 32
19 allReduce 223729 153825527
19 compute 11144
19 comm_size 32
19 allReduce 1 65365703
19 compute 10389
19 compute 346
19 allToAllV 13097094 414465 414465 414465 414465 414465 414465 414465 414465 414465 414465 414465 414465 414465 414465 414465 414465 414465 414465 414465 414465 414465 414465 414465 414465 414465 386834 386834 386834 386834 386834 386834 386834  13262850  414465 414465 414465 414465 414465 414465 414465 414465 414465 414465 414465 414465 414465 414465 414465 414465 414465 414465 414465 414465 414465 414465 414465 414465 414465 414465 414465 414465 414465 414450 414450 414450 
19 compute 289762021058
19 comm_size 32
19 allReduce 2 8247626163
19 compute 66335555
19 compute 346
19 allToAllV 13262850 414465 414465 414465 414465 414465 414465 414465 414465 414465 414465 414465 414465 414465 414465 414465 414465 414465 414465 414465 414465 414465 414465 414465 414465 414465 414465 414465 414465 414465 414450 414450 414450  13097094  414465 414465 414465 414465 414465 414465 414465 414465 414465 414465 414465 414465 414465 414465 414465 414465 414465 414465 414465 414465 414465 414465 414465 414465 414465 386834 386834 386834 386834 386834 386834 386834 
19 compute 508141422
19 comm_size 32
19 allReduce 7 64834017
19 compute 1020352252
19 comm_size 32
19 allReduce 223729 246276486
19 compute 10173495
19 compute 346
19 allToAllV 13097094 414465 414465 414465 414465 414465 414465 414465 414465 414465 414465 414465 414465 414465 414465 414465 414465 414465 414465 414465 414465 414465 414465 414465 414465 414465 386834 386834 386834 386834 386834 386834 386834  13262850  414465 414465 414465 414465 414465 414465 414465 414465 414465 414465 414465 414465 414465 414465 414465 414465 414465 414465 414465 414465 414465 414465 414465 414465 414465 414465 414465 414465 414465 414450 414450 414450 
19 compute 31413036724
19 compute 336
19 reduceScatter 176256 176256 176256 176256 176256 176256 176256 176256 176256 176256 176256 176256 176256 176256 176256 176256 176256 176256 176256 176256 176256 176256 176256 176256 176256 176256 176256 176256 176256 176256 0 0 2574748790 
19 compute 25434903
19 comm_size 32
19 allReduce 2 291024198
19 compute 21530162
19 allToAll 13824 13824 
19 compute 72647943
19 allToAll 13824 13824 
19 compute 20697316
19 comm_size 32
19 allReduce 1 6921672
19 compute 1064101
19 compute 344
19 allGatherV 176256 176256 176256 176256 176256 176256 176256 176256 176256 176256 176256 176256 176256 176256 176256 176256 176256 176256 176256 176256 176256 176256 176256 176256 176256 176256 176256 176256 176256 176256 176256 0 0 0 176256 352512 528768 705024 881280 1057536 1233792 1410048 1586304 1762560 1938816 2115072 2291328 2467584 2643840 2820096 2996352 3172608 3348864 3525120 3701376 3877632 4053888 4230144 4406400 4582656 4758912 4935168 5111424 5258304 5258304 
19 compute 91011345575
19 comm_size 32
19 allReduce 4 2878030131
19 compute 66332188
19 compute 346
19 allToAllV 13262850 414465 414465 414465 414465 414465 414465 414465 414465 414465 414465 414465 414465 414465 414465 414465 414465 414465 414465 414465 414465 414465 414465 414465 414465 414465 414465 414465 414465 414465 414450 414450 414450  13097094  414465 414465 414465 414465 414465 414465 414465 414465 414465 414465 414465 414465 414465 414465 414465 414465 414465 414465 414465 414465 414465 414465 414465 414465 414465 386834 386834 386834 386834 386834 386834 386834 
19 compute 916976
19 comm_size 32
19 allReduce 223729 202561568
19 compute 11144
19 comm_size 32
19 allReduce 1 42013291
19 compute 10389
19 compute 346
19 allToAllV 13097094 414465 414465 414465 414465 414465 414465 414465 414465 414465 414465 414465 414465 414465 414465 414465 414465 414465 414465 414465 414465 414465 414465 414465 414465 414465 386834 386834 386834 386834 386834 386834 386834  13262850  414465 414465 414465 414465 414465 414465 414465 414465 414465 414465 414465 414465 414465 414465 414465 414465 414465 414465 414465 414465 414465 414465 414465 414465 414465 414465 414465 414465 414465 414450 414450 414450 
19 compute 289762021063
19 comm_size 32
19 allReduce 2 8235481727
19 compute 66335554
19 compute 346
19 allToAllV 13262850 414465 414465 414465 414465 414465 414465 414465 414465 414465 414465 414465 414465 414465 414465 414465 414465 414465 414465 414465 414465 414465 414465 414465 414465 414465 414465 414465 414465 414465 414450 414450 414450  13097094  414465 414465 414465 414465 414465 414465 414465 414465 414465 414465 414465 414465 414465 414465 414465 414465 414465 414465 414465 414465 414465 414465 414465 414465 414465 386834 386834 386834 386834 386834 386834 386834 
19 compute 508116497
19 comm_size 32
19 allReduce 7 18273848
19 compute 1020352416
19 comm_size 32
19 allReduce 223729 230756986
19 compute 10173624
19 compute 346
19 allToAllV 13097094 414465 414465 414465 414465 414465 414465 414465 414465 414465 414465 414465 414465 414465 414465 414465 414465 414465 414465 414465 414465 414465 414465 414465 414465 414465 386834 386834 386834 386834 386834 386834 386834  13262850  414465 414465 414465 414465 414465 414465 414465 414465 414465 414465 414465 414465 414465 414465 414465 414465 414465 414465 414465 414465 414465 414465 414465 414465 414465 414465 414465 414465 414465 414450 414450 414450 
19 compute 31413036718
19 compute 336
19 reduceScatter 176256 176256 176256 176256 176256 176256 176256 176256 176256 176256 176256 176256 176256 176256 176256 176256 176256 176256 176256 176256 176256 176256 176256 176256 176256 176256 176256 176256 176256 176256 0 0 2480074579 
19 compute 25430368
19 comm_size 32
19 allReduce 2 280479978
19 compute 21530173
19 allToAll 13824 13824 
19 compute 72647942
19 allToAll 13824 13824 
19 compute 20697317
19 comm_size 32
19 allReduce 1 342061
19 compute 1064101
19 compute 344
19 allGatherV 176256 176256 176256 176256 176256 176256 176256 176256 176256 176256 176256 176256 176256 176256 176256 176256 176256 176256 176256 176256 176256 176256 176256 176256 176256 176256 176256 176256 176256 176256 176256 0 0 0 176256 352512 528768 705024 881280 1057536 1233792 1410048 1586304 1762560 1938816 2115072 2291328 2467584 2643840 2820096 2996352 3172608 3348864 3525120 3701376 3877632 4053888 4230144 4406400 4582656 4758912 4935168 5111424 5258304 5258304 
19 compute 91011345578
19 comm_size 32
19 allReduce 4 3103832908
19 compute 66332188
19 compute 346
19 allToAllV 13262850 414465 414465 414465 414465 414465 414465 414465 414465 414465 414465 414465 414465 414465 414465 414465 414465 414465 414465 414465 414465 414465 414465 414465 414465 414465 414465 414465 414465 414465 414450 414450 414450  13097094  414465 414465 414465 414465 414465 414465 414465 414465 414465 414465 414465 414465 414465 414465 414465 414465 414465 414465 414465 414465 414465 414465 414465 414465 414465 386834 386834 386834 386834 386834 386834 386834 
19 compute 916976
19 comm_size 32
19 allReduce 223729 186117392
19 compute 11136
19 comm_size 32
19 allReduce 1 63989152
19 compute 10389
19 compute 346
19 allToAllV 13097094 414465 414465 414465 414465 414465 414465 414465 414465 414465 414465 414465 414465 414465 414465 414465 414465 414465 414465 414465 414465 414465 414465 414465 414465 414465 386834 386834 386834 386834 386834 386834 386834  13262850  414465 414465 414465 414465 414465 414465 414465 414465 414465 414465 414465 414465 414465 414465 414465 414465 414465 414465 414465 414465 414465 414465 414465 414465 414465 414465 414465 414465 414465 414450 414450 414450 
19 compute 289762021036
19 comm_size 32
19 allReduce 2 8769850411
19 compute 66335554
19 compute 346
19 allToAllV 13262850 414465 414465 414465 414465 414465 414465 414465 414465 414465 414465 414465 414465 414465 414465 414465 414465 414465 414465 414465 414465 414465 414465 414465 414465 414465 414465 414465 414465 414465 414450 414450 414450  13097094  414465 414465 414465 414465 414465 414465 414465 414465 414465 414465 414465 414465 414465 414465 414465 414465 414465 414465 414465 414465 414465 414465 414465 414465 414465 386834 386834 386834 386834 386834 386834 386834 
19 compute 508116497
19 comm_size 32
19 allReduce 7 92637502
19 compute 1020352276
19 comm_size 32
19 allReduce 223729 171800668
19 compute 10173608
19 compute 346
19 allToAllV 13097094 414465 414465 414465 414465 414465 414465 414465 414465 414465 414465 414465 414465 414465 414465 414465 414465 414465 414465 414465 414465 414465 414465 414465 414465 414465 386834 386834 386834 386834 386834 386834 386834  13262850  414465 414465 414465 414465 414465 414465 414465 414465 414465 414465 414465 414465 414465 414465 414465 414465 414465 414465 414465 414465 414465 414465 414465 414465 414465 414465 414465 414465 414465 414450 414450 414450 
19 compute 31413036726
19 compute 336
19 reduceScatter 176256 176256 176256 176256 176256 176256 176256 176256 176256 176256 176256 176256 176256 176256 176256 176256 176256 176256 176256 176256 176256 176256 176256 176256 176256 176256 176256 176256 176256 176256 0 0 2484912659 
19 compute 25430498
19 comm_size 32
19 allReduce 2 290643820
19 compute 21530194
19 allToAll 13824 13824 
19 compute 72647943
19 allToAll 13824 13824 
19 compute 20697316
19 comm_size 32
19 allReduce 1 3497639
19 compute 1064101
19 compute 344
19 allGatherV 176256 176256 176256 176256 176256 176256 176256 176256 176256 176256 176256 176256 176256 176256 176256 176256 176256 176256 176256 176256 176256 176256 176256 176256 176256 176256 176256 176256 176256 176256 176256 0 0 0 176256 352512 528768 705024 881280 1057536 1233792 1410048 1586304 1762560 1938816 2115072 2291328 2467584 2643840 2820096 2996352 3172608 3348864 3525120 3701376 3877632 4053888 4230144 4406400 4582656 4758912 4935168 5111424 5258304 5258304 
19 compute 91011345574
19 comm_size 32
19 allReduce 4 2953431682
19 compute 66332190
19 compute 346
19 allToAllV 13262850 414465 414465 414465 414465 414465 414465 414465 414465 414465 414465 414465 414465 414465 414465 414465 414465 414465 414465 414465 414465 414465 414465 414465 414465 414465 414465 414465 414465 414465 414450 414450 414450  13097094  414465 414465 414465 414465 414465 414465 414465 414465 414465 414465 414465 414465 414465 414465 414465 414465 414465 414465 414465 414465 414465 414465 414465 414465 414465 386834 386834 386834 386834 386834 386834 386834 
19 compute 916977
19 comm_size 32
19 allReduce 223729 138108816
19 compute 11136
19 comm_size 32
19 allReduce 1 53689168
19 compute 10389
19 compute 346
19 allToAllV 13097094 414465 414465 414465 414465 414465 414465 414465 414465 414465 414465 414465 414465 414465 414465 414465 414465 414465 414465 414465 414465 414465 414465 414465 414465 414465 386834 386834 386834 386834 386834 386834 386834  13262850  414465 414465 414465 414465 414465 414465 414465 414465 414465 414465 414465 414465 414465 414465 414465 414465 414465 414465 414465 414465 414465 414465 414465 414465 414465 414465 414465 414465 414465 414450 414450 414450 
19 compute 289762021037
19 comm_size 32
19 allReduce 2 8245561819
19 compute 66335554
19 compute 346
19 allToAllV 13262850 414465 414465 414465 414465 414465 414465 414465 414465 414465 414465 414465 414465 414465 414465 414465 414465 414465 414465 414465 414465 414465 414465 414465 414465 414465 414465 414465 414465 414465 414450 414450 414450  13097094  414465 414465 414465 414465 414465 414465 414465 414465 414465 414465 414465 414465 414465 414465 414465 414465 414465 414465 414465 414465 414465 414465 414465 414465 414465 386834 386834 386834 386834 386834 386834 386834 
19 compute 508116502
19 comm_size 32
19 allReduce 7 81263369
19 compute 1020352417
19 comm_size 32
19 allReduce 223729 212986079
19 compute 10173571
19 compute 346
19 allToAllV 13097094 414465 414465 414465 414465 414465 414465 414465 414465 414465 414465 414465 414465 414465 414465 414465 414465 414465 414465 414465 414465 414465 414465 414465 414465 414465 386834 386834 386834 386834 386834 386834 386834  13262850  414465 414465 414465 414465 414465 414465 414465 414465 414465 414465 414465 414465 414465 414465 414465 414465 414465 414465 414465 414465 414465 414465 414465 414465 414465 414465 414465 414465 414465 414450 414450 414450 
19 compute 66331978
19 compute 1298
19 gather 133 133 0 
19 compute 31346706511
19 compute 336
19 reduceScatter 176256 176256 176256 176256 176256 176256 176256 176256 176256 176256 176256 176256 176256 176256 176256 176256 176256 176256 176256 176256 176256 176256 176256 176256 176256 176256 176256 176256 176256 176256 0 0 2590818742 
19 compute 25432741
19 comm_size 32
19 allReduce 2 283036219
19 compute 21529338
19 allToAll 13824 13824 
19 compute 72647390
19 allToAll 13824 13824 
19 compute 20696648
19 comm_size 32
19 allReduce 1 4945010
19 compute 1063905
19 compute 344
19 allGatherV 176256 176256 176256 176256 176256 176256 176256 176256 176256 176256 176256 176256 176256 176256 176256 176256 176256 176256 176256 176256 176256 176256 176256 176256 176256 176256 176256 176256 176256 176256 176256 0 0 0 176256 352512 528768 705024 881280 1057536 1233792 1410048 1586304 1762560 1938816 2115072 2291328 2467584 2643840 2820096 2996352 3172608 3348864 3525120 3701376 3877632 4053888 4230144 4406400 4582656 4758912 4935168 5111424 5258304 5258304 
19 compute 91011344691
19 comm_size 32
19 allReduce 4 2982959387
19 compute 66331821
19 compute 346
19 allToAllV 13262850 414465 414465 414465 414465 414465 414465 414465 414465 414465 414465 414465 414465 414465 414465 414465 414465 414465 414465 414465 414465 414465 414465 414465 414465 414465 414465 414465 414465 414465 414450 414450 414450  13097094  414465 414465 414465 414465 414465 414465 414465 414465 414465 414465 414465 414465 414465 414465 414465 414465 414465 414465 414465 414465 414465 414465 414465 414465 414465 386834 386834 386834 386834 386834 386834 386834 
19 compute 909574
19 comm_size 32
19 allReduce 223729 188497779
19 compute 1568001734
19 comm_size 32
19 allReduce 1 27030555
19 compute 9228
19 compute 346
19 allToAllV 13097094 414465 414465 414465 414465 414465 414465 414465 414465 414465 414465 414465 414465 414465 414465 414465 414465 414465 414465 414465 414465 414465 414465 414465 414465 414465 386834 386834 386834 386834 386834 386834 386834  13262850  414465 414465 414465 414465 414465 414465 414465 414465 414465 414465 414465 414465 414465 414465 414465 414465 414465 414465 414465 414465 414465 414465 414465 414465 414465 414465 414465 414465 414465 414450 414450 414450 
19 compute 66331667
19 comm_size 32
19 bcast 473 31 0
19 compute 337
19 barrier
19 compute 31293666522
19 compute 336
19 reduceScatter 176256 176256 176256 176256 176256 176256 176256 176256 176256 176256 176256 176256 176256 176256 176256 176256 176256 176256 176256 176256 176256 176256 176256 176256 176256 176256 176256 176256 176256 176256 0 0 2868816419 
19 compute 21789092
19 allToAll 13824 13824 
19 compute 72647390
19 allToAll 13824 13824 
19 compute 20515810
19 comm_size 32
19 allReduce 1 3984743
19 compute 995
19 comm_size 32
19 allReduce 6 1273548
19 compute 4054
19 compute 344
19 allGatherV 176256 176256 176256 176256 176256 176256 176256 176256 176256 176256 176256 176256 176256 176256 176256 176256 176256 176256 176256 176256 176256 176256 176256 176256 176256 176256 176256 176256 176256 176256 176256 0 0 0 176256 352512 528768 705024 881280 1057536 1233792 1410048 1586304 1762560 1938816 2115072 2291328 2467584 2643840 2820096 2996352 3172608 3348864 3525120 3701376 3877632 4053888 4230144 4406400 4582656 4758912 4935168 5111424 5258304 5258304 
19 compute 10300791577
19 comm_size 32
19 allReduce 795 659470371
19 compute 993
19 comm_size 32
19 allReduce 1 2337553
19 compute 47015
19 barrier
19 compute 503934
19 compute 1116
19 gather 133 133 0 
19 compute 2470
19 compute 451
19 gather 3 3 0 
19 compute 87355
19 barrier
19 compute 20397
19 barrier
19 compute 346
19 barrier
19 compute 2654
19 finalize