20 init 1
20 compute 127151
20 compute 2652
20 compute 336861
20 compute 13040669
20 comm_size 32
20 bcast 1
20 compute 25799
20 barrier
20 compute 22468
20 comm_size 32
20 bcast 1
20 compute 23736
20 barrier
20 compute 22686
20 comm_size 32
20 bcast 1
20 compute 23580
20 barrier
20 compute 22604
20 comm_size 32
20 bcast 1
20 compute 23664
20 barrier
20 compute 22690
20 comm_size 32
20 bcast 1
20 compute 23697
20 barrier
20 compute 22762
20 comm_size 32
20 bcast 1
20 compute 23666
20 barrier
20 compute 22550
20 comm_size 32
20 bcast 1
20 compute 23438
20 barrier
20 compute 426
20 barrier
20 compute 165468
20 barrier
20 compute 30329790
20 barrier
20 compute 97259
20 comm_size 32
20 bcast 1
20 compute 378446
20 barrier
20 compute 12856
20 comm_size 32
20 bcast 1
20 compute 46339
20 barrier
20 compute 1017110
20 barrier
20 compute 124204
20 gather 795 795 0 
20 compute 244616488
20 allToAll 1746 1746 
20 compute 276028
20 barrier
20 compute 409313968
20 comm_size 32
20 allReduce 32 5510267 1
20 compute 3038130868
20 compute 1525
20 allToAllV 13262850 414465 414465 414465 414465 414465 414465 414465 414465 414465 414465 414465 414465 414465 414465 414465 414465 414465 414465 414465 414465 414465 414465 414465 414465 414465 414465 414465 414465 414465 414450 414450 414450  13097094  414465 414465 414465 414465 414465 414465 414465 414465 414465 414465 414465 414465 414465 414465 414465 414465 414465 414465 414465 414465 414465 414465 414465 414465 414465 386834 386834 386834 386834 386834 386834 386834 
20 compute 1058646421
20 barrier
20 compute 7748
20 compute 332
20 allToAllV 13097094 414465 414465 414465 414465 414465 414465 414465 414465 414465 414465 414465 414465 414465 414465 414465 414465 414465 414465 414465 414465 414465 414465 414465 414465 414465 386834 386834 386834 386834 386834 386834 386834  13262850  414465 414465 414465 414465 414465 414465 414465 414465 414465 414465 414465 414465 414465 414465 414465 414465 414465 414465 414465 414465 414465 414465 414465 414465 414465 414465 414465 414465 414465 414450 414450 414450 
20 compute 915154401
20 barrier
20 compute 1445555133
20 allToAll 13824 13824 
20 compute 72648538
20 allToAll 13824 13824 
20 compute 20518471
20 comm_size 32
20 allReduce 1 9691440
20 compute 1374455267
20 comm_size 32
20 allReduce 795 51860
20 compute 1491203354
20 comm_size 32
20 allReduce 2 3286786
20 compute 21530547
20 allToAll 13824 13824 
20 compute 72648392
20 allToAll 13824 13824 
20 compute 20517562
20 comm_size 32
20 allReduce 1 2308549
20 compute 68196979
20 comm_size 32
20 allReduce 32 6148766 1
20 compute 60481269975
20 compute 1717
20 reduceScatter 176256 176256 176256 176256 176256 176256 176256 176256 176256 176256 176256 176256 176256 176256 176256 176256 176256 176256 176256 176256 176256 176256 176256 176256 176256 176256 176256 176256 176256 176256 0 0 2715960861 
20 compute 25214410
20 comm_size 32
20 allReduce 2 137369178
20 compute 21530375
20 allToAll 13824 13824 
20 compute 72647120
20 allToAll 13824 13824 
20 compute 20697224
20 comm_size 32
20 allReduce 1 1682233
20 compute 1070135
20 compute 1377
20 allGatherV 176256 176256 176256 176256 176256 176256 176256 176256 176256 176256 176256 176256 176256 176256 176256 176256 176256 176256 176256 176256 176256 176256 176256 176256 176256 176256 176256 176256 176256 176256 176256 0 0 0 176256 352512 528768 705024 881280 1057536 1233792 1410048 1586304 1762560 1938816 2115072 2291328 2467584 2643840 2820096 2996352 3172608 3348864 3525120 3701376 3877632 4053888 4230144 4406400 4582656 4758912 4935168 5111424 5258304 5258304 
20 compute 175827297068
20 comm_size 32
20 allReduce 4 10326
20 compute 128288765
20 compute 332
20 allToAllV 25641510 801299 801299 801299 801299 801299 801299 801299 801299 801299 801299 801299 801299 801299 801299 801299 801299 801299 801299 801299 801299 801299 801299 801299 801299 801299 801299 801299 801299 801299 801270 801270 801270  25834985  828930 828930 828930 828930 828930 828930 801299 801299 801299 801299 801299 801299 801299 801299 801299 801299 801299 801299 801299 801299 801299 801299 801299 801299 801299 801299 801299 801299 801299 801299 801299 801299 
20 compute 128241556
20 compute 332
20 allToAllV 25641510 801299 801299 801299 801299 801299 801299 801299 801299 801299 801299 801299 801299 801299 801299 801299 801299 801299 801299 801299 801299 801299 801299 801299 801299 801299 801299 801299 801299 801299 801270 801270 801270  25834985  828930 828930 828930 828930 828930 828930 801299 801299 801299 801299 801299 801299 801299 801299 801299 801299 801299 801299 801299 801299 801299 801299 801299 801299 801299 801299 801299 801299 801299 801299 801299 801299 
20 compute 10047183
20 comm_size 32
20 allReduce 1729832 659147118
20 compute 10273001760
20 comm_size 32
20 bcast 934 31 0
20 compute 337
20 barrier
20 compute 19408
20 comm_size 32
20 bcast 1729832
20 compute 1565838
20 comm_size 32
20 allReduce 223729 122067124
20 compute 10190300
20 compute 346
20 allToAllV 13097094 414465 414465 414465 414465 414465 414465 414465 414465 414465 414465 414465 414465 414465 414465 414465 414465 414465 414465 414465 414465 414465 414465 414465 414465 414465 386834 386834 386834 386834 386834 386834 386834  13262850  414465 414465 414465 414465 414465 414465 414465 414465 414465 414465 414465 414465 414465 414465 414465 414465 414465 414465 414465 414465 414465 414465 414465 414465 414465 414465 414465 414465 414465 414450 414450 414450 
20 compute 66461500
20 compute 1218
20 gather 133 133 0 
20 compute 31346732382
20 compute 336
20 reduceScatter 176256 176256 176256 176256 176256 176256 176256 176256 176256 176256 176256 176256 176256 176256 176256 176256 176256 176256 176256 176256 176256 176256 176256 176256 176256 176256 176256 176256 176256 176256 0 0 2356693515 
20 compute 25255383
20 comm_size 32
20 allReduce 2 156033588
20 compute 21530874
20 allToAll 13824 13824 
20 compute 72648318
20 allToAll 13824 13824 
20 compute 20697844
20 comm_size 32
20 allReduce 1 3842321
20 compute 1064474
20 compute 344
20 allGatherV 176256 176256 176256 176256 176256 176256 176256 176256 176256 176256 176256 176256 176256 176256 176256 176256 176256 176256 176256 176256 176256 176256 176256 176256 176256 176256 176256 176256 176256 176256 176256 0 0 0 176256 352512 528768 705024 881280 1057536 1233792 1410048 1586304 1762560 1938816 2115072 2291328 2467584 2643840 2820096 2996352 3172608 3348864 3525120 3701376 3877632 4053888 4230144 4406400 4582656 4758912 4935168 5111424 5258304 5258304 
20 compute 91012107433
20 comm_size 32
20 allReduce 4 546265463
20 compute 66332588
20 compute 346
20 allToAllV 13262850 414465 414465 414465 414465 414465 414465 414465 414465 414465 414465 414465 414465 414465 414465 414465 414465 414465 414465 414465 414465 414465 414465 414465 414465 414465 414465 414465 414465 414465 414450 414450 414450  13097094  414465 414465 414465 414465 414465 414465 414465 414465 414465 414465 414465 414465 414465 414465 414465 414465 414465 414465 414465 414465 414465 414465 414465 414465 414465 386834 386834 386834 386834 386834 386834 386834 
20 compute 917680
20 comm_size 32
20 allReduce 223729 94891538
20 compute 11379
20 comm_size 32
20 allReduce 1 10499
20 compute 10976
20 compute 346
20 allToAllV 13097094 414465 414465 414465 414465 414465 414465 414465 414465 414465 414465 414465 414465 414465 414465 414465 414465 414465 414465 414465 414465 414465 414465 414465 414465 414465 386834 386834 386834 386834 386834 386834 386834  13262850  414465 414465 414465 414465 414465 414465 414465 414465 414465 414465 414465 414465 414465 414465 414465 414465 414465 414465 414465 414465 414465 414465 414465 414465 414465 414465 414465 414465 414465 414450 414450 414450 
20 compute 289400924944
20 comm_size 32
20 allReduce 2 1501047661
20 compute 66336044
20 compute 346
20 allToAllV 13262850 414465 414465 414465 414465 414465 414465 414465 414465 414465 414465 414465 414465 414465 414465 414465 414465 414465 414465 414465 414465 414465 414465 414465 414465 414465 414465 414465 414465 414465 414450 414450 414450  13097094  414465 414465 414465 414465 414465 414465 414465 414465 414465 414465 414465 414465 414465 414465 414465 414465 414465 414465 414465 414465 414465 414465 414465 414465 414465 386834 386834 386834 386834 386834 386834 386834 
20 compute 116083443
20 comm_size 32
20 allReduce 7 13185464
20 compute 210073247
20 comm_size 32
20 allReduce 223729 111454285
20 compute 10178102
20 compute 346
20 allToAllV 13097094 414465 414465 414465 414465 414465 414465 414465 414465 414465 414465 414465 414465 414465 414465 414465 414465 414465 414465 414465 414465 414465 414465 414465 414465 414465 386834 386834 386834 386834 386834 386834 386834  13262850  414465 414465 414465 414465 414465 414465 414465 414465 414465 414465 414465 414465 414465 414465 414465 414465 414465 414465 414465 414465 414465 414465 414465 414465 414465 414465 414465 414465 414465 414450 414450 414450 
20 compute 31413037755
20 compute 336
20 reduceScatter 176256 176256 176256 176256 176256 176256 176256 176256 176256 176256 176256 176256 176256 176256 176256 176256 176256 176256 176256 176256 176256 176256 176256 176256 176256 176256 176256 176256 176256 176256 0 0 2493142132 
20 compute 25263701
20 comm_size 32
20 allReduce 2 154419957
20 compute 21530874
20 allToAll 13824 13824 
20 compute 72648318
20 allToAll 13824 13824 
20 compute 20697845
20 comm_size 32
20 allReduce 1 6443319
20 compute 1064475
20 compute 344
20 allGatherV 176256 176256 176256 176256 176256 176256 176256 176256 176256 176256 176256 176256 176256 176256 176256 176256 176256 176256 176256 176256 176256 176256 176256 176256 176256 176256 176256 176256 176256 176256 176256 0 0 0 176256 352512 528768 705024 881280 1057536 1233792 1410048 1586304 1762560 1938816 2115072 2291328 2467584 2643840 2820096 2996352 3172608 3348864 3525120 3701376 3877632 4053888 4230144 4406400 4582656 4758912 4935168 5111424 5258304 5258304 
20 compute 91012107347
20 comm_size 32
20 allReduce 4 389089309
20 compute 66332587
20 compute 346
20 allToAllV 13262850 414465 414465 414465 414465 414465 414465 414465 414465 414465 414465 414465 414465 414465 414465 414465 414465 414465 414465 414465 414465 414465 414465 414465 414465 414465 414465 414465 414465 414465 414450 414450 414450  13097094  414465 414465 414465 414465 414465 414465 414465 414465 414465 414465 414465 414465 414465 414465 414465 414465 414465 414465 414465 414465 414465 414465 414465 414465 414465 386834 386834 386834 386834 386834 386834 386834 
20 compute 917678
20 comm_size 32
20 allReduce 223729 99311539
20 compute 11379
20 comm_size 32
20 allReduce 1 3786600
20 compute 10976
20 compute 346
20 allToAllV 13097094 414465 414465 414465 414465 414465 414465 414465 414465 414465 414465 414465 414465 414465 414465 414465 414465 414465 414465 414465 414465 414465 414465 414465 414465 414465 386834 386834 386834 386834 386834 386834 386834  13262850  414465 414465 414465 414465 414465 414465 414465 414465 414465 414465 414465 414465 414465 414465 414465 414465 414465 414465 414465 414465 414465 414465 414465 414465 414465 414465 414465 414465 414465 414450 414450 414450 
20 compute 289400908461
20 comm_size 32
20 allReduce 2 1619659274
20 compute 66336038
20 compute 346
20 allToAllV 13262850 414465 414465 414465 414465 414465 414465 414465 414465 414465 414465 414465 414465 414465 414465 414465 414465 414465 414465 414465 414465 414465 414465 414465 414465 414465 414465 414465 414465 414465 414450 414450 414450  13097094  414465 414465 414465 414465 414465 414465 414465 414465 414465 414465 414465 414465 414465 414465 414465 414465 414465 414465 414465 414465 414465 414465 414465 414465 414465 386834 386834 386834 386834 386834 386834 386834 
20 compute 194474851
20 comm_size 32
20 allReduce 7 392044
20 compute 445335185
20 comm_size 32
20 allReduce 223729 679614231
20 compute 10178129
20 compute 346
20 allToAllV 13097094 414465 414465 414465 414465 414465 414465 414465 414465 414465 414465 414465 414465 414465 414465 414465 414465 414465 414465 414465 414465 414465 414465 414465 414465 414465 386834 386834 386834 386834 386834 386834 386834  13262850  414465 414465 414465 414465 414465 414465 414465 414465 414465 414465 414465 414465 414465 414465 414465 414465 414465 414465 414465 414465 414465 414465 414465 414465 414465 414465 414465 414465 414465 414450 414450 414450 
20 compute 31413037760
20 compute 336
20 reduceScatter 176256 176256 176256 176256 176256 176256 176256 176256 176256 176256 176256 176256 176256 176256 176256 176256 176256 176256 176256 176256 176256 176256 176256 176256 176256 176256 176256 176256 176256 176256 0 0 5054610451 
20 compute 25240911
20 comm_size 32
20 allReduce 2 433668196
20 compute 21530874
20 allToAll 13824 13824 
20 compute 72648319
20 allToAll 13824 13824 
20 compute 20697844
20 comm_size 32
20 allReduce 1 3700662
20 compute 1064474
20 compute 344
20 allGatherV 176256 176256 176256 176256 176256 176256 176256 176256 176256 176256 176256 176256 176256 176256 176256 176256 176256 176256 176256 176256 176256 176256 176256 176256 176256 176256 176256 176256 176256 176256 176256 0 0 0 176256 352512 528768 705024 881280 1057536 1233792 1410048 1586304 1762560 1938816 2115072 2291328 2467584 2643840 2820096 2996352 3172608 3348864 3525120 3701376 3877632 4053888 4230144 4406400 4582656 4758912 4935168 5111424 5258304 5258304 
20 compute 91012107334
20 comm_size 32
20 allReduce 4 364636165
20 compute 66332586
20 compute 346
20 allToAllV 13262850 414465 414465 414465 414465 414465 414465 414465 414465 414465 414465 414465 414465 414465 414465 414465 414465 414465 414465 414465 414465 414465 414465 414465 414465 414465 414465 414465 414465 414465 414450 414450 414450  13097094  414465 414465 414465 414465 414465 414465 414465 414465 414465 414465 414465 414465 414465 414465 414465 414465 414465 414465 414465 414465 414465 414465 414465 414465 414465 386834 386834 386834 386834 386834 386834 386834 
20 compute 917678
20 comm_size 32
20 allReduce 223729 217765574
20 compute 11379
20 comm_size 32
20 allReduce 1 8534357
20 compute 10976
20 compute 346
20 allToAllV 13097094 414465 414465 414465 414465 414465 414465 414465 414465 414465 414465 414465 414465 414465 414465 414465 414465 414465 414465 414465 414465 414465 414465 414465 414465 414465 386834 386834 386834 386834 386834 386834 386834  13262850  414465 414465 414465 414465 414465 414465 414465 414465 414465 414465 414465 414465 414465 414465 414465 414465 414465 414465 414465 414465 414465 414465 414465 414465 414465 414465 414465 414465 414465 414450 414450 414450 
20 compute 289400908445
20 comm_size 32
20 allReduce 2 1037337598
20 compute 66336038
20 compute 346
20 allToAllV 13262850 414465 414465 414465 414465 414465 414465 414465 414465 414465 414465 414465 414465 414465 414465 414465 414465 414465 414465 414465 414465 414465 414465 414465 414465 414465 414465 414465 414465 414465 414450 414450 414450  13097094  414465 414465 414465 414465 414465 414465 414465 414465 414465 414465 414465 414465 414465 414465 414465 414465 414465 414465 414465 414465 414465 414465 414465 414465 414465 386834 386834 386834 386834 386834 386834 386834 
20 compute 272891777
20 comm_size 32
20 allReduce 7 14558699
20 compute 602163728
20 comm_size 32
20 allReduce 223729 712693963
20 compute 10178072
20 compute 346
20 allToAllV 13097094 414465 414465 414465 414465 414465 414465 414465 414465 414465 414465 414465 414465 414465 414465 414465 414465 414465 414465 414465 414465 414465 414465 414465 414465 414465 386834 386834 386834 386834 386834 386834 386834  13262850  414465 414465 414465 414465 414465 414465 414465 414465 414465 414465 414465 414465 414465 414465 414465 414465 414465 414465 414465 414465 414465 414465 414465 414465 414465 414465 414465 414465 414465 414450 414450 414450 
20 compute 31413037755
20 compute 336
20 reduceScatter 176256 176256 176256 176256 176256 176256 176256 176256 176256 176256 176256 176256 176256 176256 176256 176256 176256 176256 176256 176256 176256 176256 176256 176256 176256 176256 176256 176256 176256 176256 0 0 5554948434 
20 compute 25256447
20 comm_size 32
20 allReduce 2 201608648
20 compute 21530862
20 allToAll 13824 13824 
20 compute 72648318
20 allToAll 13824 13824 
20 compute 20697851
20 comm_size 32
20 allReduce 1 3181437
20 compute 1064475
20 compute 344
20 allGatherV 176256 176256 176256 176256 176256 176256 176256 176256 176256 176256 176256 176256 176256 176256 176256 176256 176256 176256 176256 176256 176256 176256 176256 176256 176256 176256 176256 176256 176256 176256 176256 0 0 0 176256 352512 528768 705024 881280 1057536 1233792 1410048 1586304 1762560 1938816 2115072 2291328 2467584 2643840 2820096 2996352 3172608 3348864 3525120 3701376 3877632 4053888 4230144 4406400 4582656 4758912 4935168 5111424 5258304 5258304 
20 compute 91012107332
20 comm_size 32
20 allReduce 4 539471501
20 compute 66332587
20 compute 346
20 allToAllV 13262850 414465 414465 414465 414465 414465 414465 414465 414465 414465 414465 414465 414465 414465 414465 414465 414465 414465 414465 414465 414465 414465 414465 414465 414465 414465 414465 414465 414465 414465 414450 414450 414450  13097094  414465 414465 414465 414465 414465 414465 414465 414465 414465 414465 414465 414465 414465 414465 414465 414465 414465 414465 414465 414465 414465 414465 414465 414465 414465 386834 386834 386834 386834 386834 386834 386834 
20 compute 917678
20 comm_size 32
20 allReduce 223729 83179574
20 compute 11371
20 comm_size 32
20 allReduce 1 8815759
20 compute 10976
20 compute 346
20 allToAllV 13097094 414465 414465 414465 414465 414465 414465 414465 414465 414465 414465 414465 414465 414465 414465 414465 414465 414465 414465 414465 414465 414465 414465 414465 414465 414465 386834 386834 386834 386834 386834 386834 386834  13262850  414465 414465 414465 414465 414465 414465 414465 414465 414465 414465 414465 414465 414465 414465 414465 414465 414465 414465 414465 414465 414465 414465 414465 414465 414465 414465 414465 414465 414465 414450 414450 414450 
20 compute 289400908445
20 comm_size 32
20 allReduce 2 1170953086
20 compute 66336038
20 compute 346
20 allToAllV 13262850 414465 414465 414465 414465 414465 414465 414465 414465 414465 414465 414465 414465 414465 414465 414465 414465 414465 414465 414465 414465 414465 414465 414465 414465 414465 414465 414465 414465 414465 414450 414450 414450  13097094  414465 414465 414465 414465 414465 414465 414465 414465 414465 414465 414465 414465 414465 414465 414465 414465 414465 414465 414465 414465 414465 414465 414465 414465 414465 386834 386834 386834 386834 386834 386834 386834 
20 compute 351308697
20 comm_size 32
20 allReduce 7 24142147
20 compute 758999113
20 comm_size 32
20 allReduce 223729 139783965
20 compute 10177723
20 compute 346
20 allToAllV 13097094 414465 414465 414465 414465 414465 414465 414465 414465 414465 414465 414465 414465 414465 414465 414465 414465 414465 414465 414465 414465 414465 414465 414465 414465 414465 386834 386834 386834 386834 386834 386834 386834  13262850  414465 414465 414465 414465 414465 414465 414465 414465 414465 414465 414465 414465 414465 414465 414465 414465 414465 414465 414465 414465 414465 414465 414465 414465 414465 414465 414465 414465 414465 414450 414450 414450 
20 compute 31413037766
20 compute 336
20 reduceScatter 176256 176256 176256 176256 176256 176256 176256 176256 176256 176256 176256 176256 176256 176256 176256 176256 176256 176256 176256 176256 176256 176256 176256 176256 176256 176256 176256 176256 176256 176256 0 0 2010531953 
20 compute 25527443
20 comm_size 32
20 allReduce 2 157403783
20 compute 21530845
20 allToAll 13824 13824 
20 compute 72648318
20 allToAll 13824 13824 
20 compute 20697926
20 comm_size 32
20 allReduce 1 3098134
20 compute 1064474
20 compute 344
20 allGatherV 176256 176256 176256 176256 176256 176256 176256 176256 176256 176256 176256 176256 176256 176256 176256 176256 176256 176256 176256 176256 176256 176256 176256 176256 176256 176256 176256 176256 176256 176256 176256 0 0 0 176256 352512 528768 705024 881280 1057536 1233792 1410048 1586304 1762560 1938816 2115072 2291328 2467584 2643840 2820096 2996352 3172608 3348864 3525120 3701376 3877632 4053888 4230144 4406400 4582656 4758912 4935168 5111424 5258304 5258304 
20 compute 91010828006
20 comm_size 32
20 allReduce 4 394679674
20 compute 66332587
20 compute 346
20 allToAllV 13262850 414465 414465 414465 414465 414465 414465 414465 414465 414465 414465 414465 414465 414465 414465 414465 414465 414465 414465 414465 414465 414465 414465 414465 414465 414465 414465 414465 414465 414465 414450 414450 414450  13097094  414465 414465 414465 414465 414465 414465 414465 414465 414465 414465 414465 414465 414465 414465 414465 414465 414465 414465 414465 414465 414465 414465 414465 414465 414465 386834 386834 386834 386834 386834 386834 386834 
20 compute 917549
20 comm_size 32
20 allReduce 223729 90380190
20 compute 11356
20 comm_size 32
20 allReduce 1 9344638
20 compute 11010
20 compute 346
20 allToAllV 13097094 414465 414465 414465 414465 414465 414465 414465 414465 414465 414465 414465 414465 414465 414465 414465 414465 414465 414465 414465 414465 414465 414465 414465 414465 414465 386834 386834 386834 386834 386834 386834 386834  13262850  414465 414465 414465 414465 414465 414465 414465 414465 414465 414465 414465 414465 414465 414465 414465 414465 414465 414465 414465 414465 414465 414465 414465 414465 414465 414465 414465 414465 414465 414450 414450 414450 
20 compute 289400909428
20 comm_size 32
20 allReduce 2 1088523696
20 compute 66336038
20 compute 346
20 allToAllV 13262850 414465 414465 414465 414465 414465 414465 414465 414465 414465 414465 414465 414465 414465 414465 414465 414465 414465 414465 414465 414465 414465 414465 414465 414465 414465 414465 414465 414465 414465 414450 414450 414450  13097094  414465 414465 414465 414465 414465 414465 414465 414465 414465 414465 414465 414465 414465 414465 414465 414465 414465 414465 414465 414465 414465 414465 414465 414465 414465 386834 386834 386834 386834 386834 386834 386834 
20 compute 429725627
20 comm_size 32
20 allReduce 7 21804765
20 compute 915834502
20 comm_size 32
20 allReduce 223729 84420729
20 compute 10177611
20 compute 346
20 allToAllV 13097094 414465 414465 414465 414465 414465 414465 414465 414465 414465 414465 414465 414465 414465 414465 414465 414465 414465 414465 414465 414465 414465 414465 414465 414465 414465 386834 386834 386834 386834 386834 386834 386834  13262850  414465 414465 414465 414465 414465 414465 414465 414465 414465 414465 414465 414465 414465 414465 414465 414465 414465 414465 414465 414465 414465 414465 414465 414465 414465 414465 414465 414465 414465 414450 414450 414450 
20 compute 31413037771
20 compute 336
20 reduceScatter 176256 176256 176256 176256 176256 176256 176256 176256 176256 176256 176256 176256 176256 176256 176256 176256 176256 176256 176256 176256 176256 176256 176256 176256 176256 176256 176256 176256 176256 176256 0 0 1928502385 
20 compute 25256622
20 comm_size 32
20 allReduce 2 157551599
20 compute 21530845
20 allToAll 13824 13824 
20 compute 72648318
20 allToAll 13824 13824 
20 compute 20697926
20 comm_size 32
20 allReduce 1 2666997
20 compute 1064474
20 compute 344
20 allGatherV 176256 176256 176256 176256 176256 176256 176256 176256 176256 176256 176256 176256 176256 176256 176256 176256 176256 176256 176256 176256 176256 176256 176256 176256 176256 176256 176256 176256 176256 176256 176256 0 0 0 176256 352512 528768 705024 881280 1057536 1233792 1410048 1586304 1762560 1938816 2115072 2291328 2467584 2643840 2820096 2996352 3172608 3348864 3525120 3701376 3877632 4053888 4230144 4406400 4582656 4758912 4935168 5111424 5258304 5258304 
20 compute 91010828010
20 comm_size 32
20 allReduce 4 438947550
20 compute 66332588
20 compute 346
20 allToAllV 13262850 414465 414465 414465 414465 414465 414465 414465 414465 414465 414465 414465 414465 414465 414465 414465 414465 414465 414465 414465 414465 414465 414465 414465 414465 414465 414465 414465 414465 414465 414450 414450 414450  13097094  414465 414465 414465 414465 414465 414465 414465 414465 414465 414465 414465 414465 414465 414465 414465 414465 414465 414465 414465 414465 414465 414465 414465 414465 414465 386834 386834 386834 386834 386834 386834 386834 
20 compute 917549
20 comm_size 32
20 allReduce 223729 97694488
20 compute 11356
20 comm_size 32
20 allReduce 1 1846562
20 compute 11010
20 compute 346
20 allToAllV 13097094 414465 414465 414465 414465 414465 414465 414465 414465 414465 414465 414465 414465 414465 414465 414465 414465 414465 414465 414465 414465 414465 414465 414465 414465 414465 386834 386834 386834 386834 386834 386834 386834  13262850  414465 414465 414465 414465 414465 414465 414465 414465 414465 414465 414465 414465 414465 414465 414465 414465 414465 414465 414465 414465 414465 414465 414465 414465 414465 414465 414465 414465 414465 414450 414450 414450 
20 compute 289400909394
20 comm_size 32
20 allReduce 2 895644292
20 compute 66336038
20 compute 346
20 allToAllV 13262850 414465 414465 414465 414465 414465 414465 414465 414465 414465 414465 414465 414465 414465 414465 414465 414465 414465 414465 414465 414465 414465 414465 414465 414465 414465 414465 414465 414465 414465 414450 414450 414450  13097094  414465 414465 414465 414465 414465 414465 414465 414465 414465 414465 414465 414465 414465 414465 414465 414465 414465 414465 414465 414465 414465 414465 414465 414465 414465 386834 386834 386834 386834 386834 386834 386834 
20 compute 508142542
20 comm_size 32
20 allReduce 7 38701873
20 compute 1020352605
20 comm_size 32
20 allReduce 223729 147242422
20 compute 10177595
20 compute 346
20 allToAllV 13097094 414465 414465 414465 414465 414465 414465 414465 414465 414465 414465 414465 414465 414465 414465 414465 414465 414465 414465 414465 414465 414465 414465 414465 414465 414465 386834 386834 386834 386834 386834 386834 386834  13262850  414465 414465 414465 414465 414465 414465 414465 414465 414465 414465 414465 414465 414465 414465 414465 414465 414465 414465 414465 414465 414465 414465 414465 414465 414465 414465 414465 414465 414465 414450 414450 414450 
20 compute 31413037770
20 compute 336
20 reduceScatter 176256 176256 176256 176256 176256 176256 176256 176256 176256 176256 176256 176256 176256 176256 176256 176256 176256 176256 176256 176256 176256 176256 176256 176256 176256 176256 176256 176256 176256 176256 0 0 1972716098 
20 compute 25260547
20 comm_size 32
20 allReduce 2 160966127
20 compute 21530845
20 allToAll 13824 13824 
20 compute 72648318
20 allToAll 13824 13824 
20 compute 20697933
20 comm_size 32
20 allReduce 1 7643923
20 compute 1064475
20 compute 344
20 allGatherV 176256 176256 176256 176256 176256 176256 176256 176256 176256 176256 176256 176256 176256 176256 176256 176256 176256 176256 176256 176256 176256 176256 176256 176256 176256 176256 176256 176256 176256 176256 176256 0 0 0 176256 352512 528768 705024 881280 1057536 1233792 1410048 1586304 1762560 1938816 2115072 2291328 2467584 2643840 2820096 2996352 3172608 3348864 3525120 3701376 3877632 4053888 4230144 4406400 4582656 4758912 4935168 5111424 5258304 5258304 
20 compute 91010828028
20 comm_size 32
20 allReduce 4 405694169
20 compute 66332587
20 compute 346
20 allToAllV 13262850 414465 414465 414465 414465 414465 414465 414465 414465 414465 414465 414465 414465 414465 414465 414465 414465 414465 414465 414465 414465 414465 414465 414465 414465 414465 414465 414465 414465 414465 414450 414450 414450  13097094  414465 414465 414465 414465 414465 414465 414465 414465 414465 414465 414465 414465 414465 414465 414465 414465 414465 414465 414465 414465 414465 414465 414465 414465 414465 386834 386834 386834 386834 386834 386834 386834 
20 compute 917551
20 comm_size 32
20 allReduce 223729 118400460
20 compute 11364
20 comm_size 32
20 allReduce 1 4932771
20 compute 11010
20 compute 346
20 allToAllV 13097094 414465 414465 414465 414465 414465 414465 414465 414465 414465 414465 414465 414465 414465 414465 414465 414465 414465 414465 414465 414465 414465 414465 414465 414465 414465 386834 386834 386834 386834 386834 386834 386834  13262850  414465 414465 414465 414465 414465 414465 414465 414465 414465 414465 414465 414465 414465 414465 414465 414465 414465 414465 414465 414465 414465 414465 414465 414465 414465 414465 414465 414465 414465 414450 414450 414450 
20 compute 289400909418
20 comm_size 32
20 allReduce 2 914619086
20 compute 66336037
20 compute 346
20 allToAllV 13262850 414465 414465 414465 414465 414465 414465 414465 414465 414465 414465 414465 414465 414465 414465 414465 414465 414465 414465 414465 414465 414465 414465 414465 414465 414465 414465 414465 414465 414465 414450 414450 414450  13097094  414465 414465 414465 414465 414465 414465 414465 414465 414465 414465 414465 414465 414465 414465 414465 414465 414465 414465 414465 414465 414465 414465 414465 414465 414465 386834 386834 386834 386834 386834 386834 386834 
20 compute 508117609
20 comm_size 32
20 allReduce 7 40194901
20 compute 1020352766
20 comm_size 32
20 allReduce 223729 143195033
20 compute 10177554
20 compute 346
20 allToAllV 13097094 414465 414465 414465 414465 414465 414465 414465 414465 414465 414465 414465 414465 414465 414465 414465 414465 414465 414465 414465 414465 414465 414465 414465 414465 414465 386834 386834 386834 386834 386834 386834 386834  13262850  414465 414465 414465 414465 414465 414465 414465 414465 414465 414465 414465 414465 414465 414465 414465 414465 414465 414465 414465 414465 414465 414465 414465 414465 414465 414465 414465 414465 414465 414450 414450 414450 
20 compute 31413037774
20 compute 336
20 reduceScatter 176256 176256 176256 176256 176256 176256 176256 176256 176256 176256 176256 176256 176256 176256 176256 176256 176256 176256 176256 176256 176256 176256 176256 176256 176256 176256 176256 176256 176256 176256 0 0 1944045416 
20 compute 25258395
20 comm_size 32
20 allReduce 2 159270887
20 compute 21530845
20 allToAll 13824 13824 
20 compute 72648324
20 allToAll 13824 13824 
20 compute 20697929
20 comm_size 32
20 allReduce 1 1130412
20 compute 1064474
20 compute 344
20 allGatherV 176256 176256 176256 176256 176256 176256 176256 176256 176256 176256 176256 176256 176256 176256 176256 176256 176256 176256 176256 176256 176256 176256 176256 176256 176256 176256 176256 176256 176256 176256 176256 0 0 0 176256 352512 528768 705024 881280 1057536 1233792 1410048 1586304 1762560 1938816 2115072 2291328 2467584 2643840 2820096 2996352 3172608 3348864 3525120 3701376 3877632 4053888 4230144 4406400 4582656 4758912 4935168 5111424 5258304 5258304 
20 compute 91010828006
20 comm_size 32
20 allReduce 4 580816252
20 compute 66332588
20 compute 346
20 allToAllV 13262850 414465 414465 414465 414465 414465 414465 414465 414465 414465 414465 414465 414465 414465 414465 414465 414465 414465 414465 414465 414465 414465 414465 414465 414465 414465 414465 414465 414465 414465 414450 414450 414450  13097094  414465 414465 414465 414465 414465 414465 414465 414465 414465 414465 414465 414465 414465 414465 414465 414465 414465 414465 414465 414465 414465 414465 414465 414465 414465 386834 386834 386834 386834 386834 386834 386834 
20 compute 917549
20 comm_size 32
20 allReduce 223729 86284194
20 compute 11364
20 comm_size 32
20 allReduce 1 14471762
20 compute 11010
20 compute 346
20 allToAllV 13097094 414465 414465 414465 414465 414465 414465 414465 414465 414465 414465 414465 414465 414465 414465 414465 414465 414465 414465 414465 414465 414465 414465 414465 414465 414465 386834 386834 386834 386834 386834 386834 386834  13262850  414465 414465 414465 414465 414465 414465 414465 414465 414465 414465 414465 414465 414465 414465 414465 414465 414465 414465 414465 414465 414465 414465 414465 414465 414465 414465 414465 414465 414465 414450 414450 414450 
20 compute 289400909397
20 comm_size 32
20 allReduce 2 1348370919
20 compute 66336037
20 compute 346
20 allToAllV 13262850 414465 414465 414465 414465 414465 414465 414465 414465 414465 414465 414465 414465 414465 414465 414465 414465 414465 414465 414465 414465 414465 414465 414465 414465 414465 414465 414465 414465 414465 414450 414450 414450  13097094  414465 414465 414465 414465 414465 414465 414465 414465 414465 414465 414465 414465 414465 414465 414465 414465 414465 414465 414465 414465 414465 414465 414465 414465 414465 386834 386834 386834 386834 386834 386834 386834 
20 compute 508117620
20 comm_size 32
20 allReduce 7 57986390
20 compute 1020352623
20 comm_size 32
20 allReduce 223729 105142925
20 compute 10177614
20 compute 346
20 allToAllV 13097094 414465 414465 414465 414465 414465 414465 414465 414465 414465 414465 414465 414465 414465 414465 414465 414465 414465 414465 414465 414465 414465 414465 414465 414465 414465 386834 386834 386834 386834 386834 386834 386834  13262850  414465 414465 414465 414465 414465 414465 414465 414465 414465 414465 414465 414465 414465 414465 414465 414465 414465 414465 414465 414465 414465 414465 414465 414465 414465 414465 414465 414465 414465 414450 414450 414450 
20 compute 31413037761
20 compute 336
20 reduceScatter 176256 176256 176256 176256 176256 176256 176256 176256 176256 176256 176256 176256 176256 176256 176256 176256 176256 176256 176256 176256 176256 176256 176256 176256 176256 176256 176256 176256 176256 176256 0 0 1941680433 
20 compute 25260694
20 comm_size 32
20 allReduce 2 160781269
20 compute 21530845
20 allToAll 13824 13824 
20 compute 72648318
20 allToAll 13824 13824 
20 compute 20697926
20 comm_size 32
20 allReduce 1 3208578
20 compute 1064474
20 compute 344
20 allGatherV 176256 176256 176256 176256 176256 176256 176256 176256 176256 176256 176256 176256 176256 176256 176256 176256 176256 176256 176256 176256 176256 176256 176256 176256 176256 176256 176256 176256 176256 176256 176256 0 0 0 176256 352512 528768 705024 881280 1057536 1233792 1410048 1586304 1762560 1938816 2115072 2291328 2467584 2643840 2820096 2996352 3172608 3348864 3525120 3701376 3877632 4053888 4230144 4406400 4582656 4758912 4935168 5111424 5258304 5258304 
20 compute 91010828016
20 comm_size 32
20 allReduce 4 441350014
20 compute 66332587
20 compute 346
20 allToAllV 13262850 414465 414465 414465 414465 414465 414465 414465 414465 414465 414465 414465 414465 414465 414465 414465 414465 414465 414465 414465 414465 414465 414465 414465 414465 414465 414465 414465 414465 414465 414450 414450 414450  13097094  414465 414465 414465 414465 414465 414465 414465 414465 414465 414465 414465 414465 414465 414465 414465 414465 414465 414465 414465 414465 414465 414465 414465 414465 414465 386834 386834 386834 386834 386834 386834 386834 
20 compute 917550
20 comm_size 32
20 allReduce 223729 92241036
20 compute 11364
20 comm_size 32
20 allReduce 1 1369917
20 compute 11010
20 compute 346
20 allToAllV 13097094 414465 414465 414465 414465 414465 414465 414465 414465 414465 414465 414465 414465 414465 414465 414465 414465 414465 414465 414465 414465 414465 414465 414465 414465 414465 386834 386834 386834 386834 386834 386834 386834  13262850  414465 414465 414465 414465 414465 414465 414465 414465 414465 414465 414465 414465 414465 414465 414465 414465 414465 414465 414465 414465 414465 414465 414465 414465 414465 414465 414465 414465 414465 414450 414450 414450 
20 compute 289400909394
20 comm_size 32
20 allReduce 2 946040489
20 compute 66336038
20 compute 346
20 allToAllV 13262850 414465 414465 414465 414465 414465 414465 414465 414465 414465 414465 414465 414465 414465 414465 414465 414465 414465 414465 414465 414465 414465 414465 414465 414465 414465 414465 414465 414465 414465 414450 414450 414450  13097094  414465 414465 414465 414465 414465 414465 414465 414465 414465 414465 414465 414465 414465 414465 414465 414465 414465 414465 414465 414465 414465 414465 414465 414465 414465 386834 386834 386834 386834 386834 386834 386834 
20 compute 508117627
20 comm_size 32
20 allReduce 7 16180772
20 compute 1020352769
20 comm_size 32
20 allReduce 223729 146730643
20 compute 10177635
20 compute 346
20 allToAllV 13097094 414465 414465 414465 414465 414465 414465 414465 414465 414465 414465 414465 414465 414465 414465 414465 414465 414465 414465 414465 414465 414465 414465 414465 414465 414465 386834 386834 386834 386834 386834 386834 386834  13262850  414465 414465 414465 414465 414465 414465 414465 414465 414465 414465 414465 414465 414465 414465 414465 414465 414465 414465 414465 414465 414465 414465 414465 414465 414465 414465 414465 414465 414465 414450 414450 414450 
20 compute 66332484
20 compute 1216
20 gather 133 133 0 
20 compute 31346707449
20 compute 336
20 reduceScatter 176256 176256 176256 176256 176256 176256 176256 176256 176256 176256 176256 176256 176256 176256 176256 176256 176256 176256 176256 176256 176256 176256 176256 176256 176256 176256 176256 176256 176256 176256 0 0 2041461372 
20 compute 25260389
20 comm_size 32
20 allReduce 2 157829447
20 compute 21530639
20 allToAll 13824 13824 
20 compute 72648145
20 allToAll 13824 13824 
20 compute 20697681
20 comm_size 32
20 allReduce 1 3694578
20 compute 1064414
20 compute 344
20 allGatherV 176256 176256 176256 176256 176256 176256 176256 176256 176256 176256 176256 176256 176256 176256 176256 176256 176256 176256 176256 176256 176256 176256 176256 176256 176256 176256 176256 176256 176256 176256 176256 0 0 0 176256 352512 528768 705024 881280 1057536 1233792 1410048 1586304 1762560 1938816 2115072 2291328 2467584 2643840 2820096 2996352 3172608 3348864 3525120 3701376 3877632 4053888 4230144 4406400 4582656 4758912 4935168 5111424 5258304 5258304 
20 compute 91010827708
20 comm_size 32
20 allReduce 4 520295194
20 compute 66332424
20 compute 346
20 allToAllV 13262850 414465 414465 414465 414465 414465 414465 414465 414465 414465 414465 414465 414465 414465 414465 414465 414465 414465 414465 414465 414465 414465 414465 414465 414465 414465 414465 414465 414465 414465 414450 414450 414450  13097094  414465 414465 414465 414465 414465 414465 414465 414465 414465 414465 414465 414465 414465 414465 414465 414465 414465 414465 414465 414465 414465 414465 414465 414465 414465 386834 386834 386834 386834 386834 386834 386834 
20 compute 910076
20 comm_size 32
20 allReduce 223729 122093727
20 compute 1567909888
20 comm_size 32
20 allReduce 1 212206272
20 compute 9854
20 compute 346
20 allToAllV 13097094 414465 414465 414465 414465 414465 414465 414465 414465 414465 414465 414465 414465 414465 414465 414465 414465 414465 414465 414465 414465 414465 414465 414465 414465 414465 386834 386834 386834 386834 386834 386834 386834  13262850  414465 414465 414465 414465 414465 414465 414465 414465 414465 414465 414465 414465 414465 414465 414465 414465 414465 414465 414465 414465 414465 414465 414465 414465 414465 414465 414465 414465 414465 414450 414450 414450 
20 compute 66332272
20 comm_size 32
20 bcast 473 31 0
20 compute 337
20 barrier
20 compute 31293666990
20 compute 336
20 reduceScatter 176256 176256 176256 176256 176256 176256 176256 176256 176256 176256 176256 176256 176256 176256 176256 176256 176256 176256 176256 176256 176256 176256 176256 176256 176256 176256 176256 176256 176256 176256 0 0 2136737565 
20 compute 21790932
20 allToAll 13824 13824 
20 compute 72648058
20 allToAll 13824 13824 
20 compute 20516729
20 comm_size 32
20 allReduce 1 2524010
20 compute 987
20 comm_size 32
20 allReduce 6 678740
20 compute 4214
20 compute 344
20 allGatherV 176256 176256 176256 176256 176256 176256 176256 176256 176256 176256 176256 176256 176256 176256 176256 176256 176256 176256 176256 176256 176256 176256 176256 176256 176256 176256 176256 176256 176256 176256 176256 0 0 0 176256 352512 528768 705024 881280 1057536 1233792 1410048 1586304 1762560 1938816 2115072 2291328 2467584 2643840 2820096 2996352 3172608 3348864 3525120 3701376 3877632 4053888 4230144 4406400 4582656 4758912 4935168 5111424 5258304 5258304 
20 compute 10296595934
20 comm_size 32
20 allReduce 795 12855836
20 compute 993
20 comm_size 32
20 allReduce 1 1610213
20 compute 47113
20 barrier
20 compute 503996
20 compute 1063
20 gather 133 133 0 
20 compute 2464
20 compute 451
20 gather 3 3 0 
20 compute 87459
20 barrier
20 compute 20462
20 barrier
20 compute 346
20 barrier
20 compute 2654
20 finalize