23 init 1
23 compute 127159
23 compute 2652
23 compute 336763
23 compute 13039660
23 comm_size 32
23 bcast 1
23 compute 25658
23 barrier
23 compute 22474
23 comm_size 32
23 bcast 1
23 compute 24025
23 barrier
23 compute 22605
23 comm_size 32
23 bcast 1
23 compute 23748
23 barrier
23 compute 22523
23 comm_size 32
23 bcast 1
23 compute 23822
23 barrier
23 compute 22609
23 comm_size 32
23 bcast 1
23 compute 23865
23 barrier
23 compute 22681
23 comm_size 32
23 bcast 1
23 compute 23836
23 barrier
23 compute 22624
23 comm_size 32
23 bcast 1
23 compute 23492
23 barrier
23 compute 421
23 barrier
23 compute 166329
23 barrier
23 compute 28576441
23 barrier
23 compute 97263
23 comm_size 32
23 bcast 1
23 compute 378294
23 barrier
23 compute 12854
23 comm_size 32
23 bcast 1
23 compute 46337
23 barrier
23 compute 1017523
23 barrier
23 compute 124765
23 gather 795 795 0 
23 compute 244359495
23 allToAll 1746 1746 
23 compute 276028
23 barrier
23 compute 409314315
23 comm_size 32
23 allReduce 32 8004854 1
23 compute 3038128913
23 compute 1525
23 allToAllV 13262850 414465 414465 414465 414465 414465 414465 414465 414465 414465 414465 414465 414465 414465 414465 414465 414465 414465 414465 414465 414465 414465 414465 414465 414465 414465 414465 414465 414465 414465 414450 414450 414450  13097094  414465 414465 414465 414465 414465 414465 414465 414465 414465 414465 414465 414465 414465 414465 414465 414465 414465 414465 414465 414465 414465 414465 414465 414465 414465 386834 386834 386834 386834 386834 386834 386834 
23 compute 1058646436
23 barrier
23 compute 7748
23 compute 332
23 allToAllV 13097094 414465 414465 414465 414465 414465 414465 414465 414465 414465 414465 414465 414465 414465 414465 414465 414465 414465 414465 414465 414465 414465 414465 414465 414465 414465 386834 386834 386834 386834 386834 386834 386834  13262850  414465 414465 414465 414465 414465 414465 414465 414465 414465 414465 414465 414465 414465 414465 414465 414465 414465 414465 414465 414465 414465 414465 414465 414465 414465 414465 414465 414465 414465 414450 414450 414450 
23 compute 915154403
23 barrier
23 compute 1442892049
23 allToAll 13824 13824 
23 compute 72649058
23 allToAll 13824 13824 
23 compute 20518772
23 comm_size 32
23 allReduce 1 11366080
23 compute 1371757234
23 comm_size 32
23 allReduce 795 19651581
23 compute 1485895784
23 comm_size 32
23 allReduce 2 26240201
23 compute 21530587
23 allToAll 13824 13824 
23 compute 72648412
23 allToAll 13824 13824 
23 compute 20517845
23 comm_size 32
23 allReduce 1 10247
23 compute 60435010
23 comm_size 32
23 allReduce 32 11206099 1
23 compute 60481266309
23 compute 1717
23 reduceScatter 176256 176256 176256 176256 176256 176256 176256 176256 176256 176256 176256 176256 176256 176256 176256 176256 176256 176256 176256 176256 176256 176256 176256 176256 176256 176256 176256 176256 176256 176256 0 0 3202374780 
23 compute 25089810
23 comm_size 32
23 allReduce 2 161110638
23 compute 21530753
23 allToAll 13824 13824 
23 compute 72647121
23 allToAll 13824 13824 
23 compute 20697250
23 comm_size 32
23 allReduce 1 10029
23 compute 1070145
23 compute 1377
23 allGatherV 176256 176256 176256 176256 176256 176256 176256 176256 176256 176256 176256 176256 176256 176256 176256 176256 176256 176256 176256 176256 176256 176256 176256 176256 176256 176256 176256 176256 176256 176256 176256 0 0 0 176256 352512 528768 705024 881280 1057536 1233792 1410048 1586304 1762560 1938816 2115072 2291328 2467584 2643840 2820096 2996352 3172608 3348864 3525120 3701376 3877632 4053888 4230144 4406400 4582656 4758912 4935168 5111424 5258304 5258304 
23 compute 175827367432
23 comm_size 32
23 allReduce 4 1262319730
23 compute 128288786
23 compute 332
23 allToAllV 25641510 801299 801299 801299 801299 801299 801299 801299 801299 801299 801299 801299 801299 801299 801299 801299 801299 801299 801299 801299 801299 801299 801299 801299 801299 801299 801299 801299 801299 801299 801270 801270 801270  25834985  828930 828930 828930 828930 828930 828930 801299 801299 801299 801299 801299 801299 801299 801299 801299 801299 801299 801299 801299 801299 801299 801299 801299 801299 801299 801299 801299 801299 801299 801299 801299 801299 
23 compute 128241645
23 compute 332
23 allToAllV 25641510 801299 801299 801299 801299 801299 801299 801299 801299 801299 801299 801299 801299 801299 801299 801299 801299 801299 801299 801299 801299 801299 801299 801299 801299 801299 801299 801299 801299 801299 801270 801270 801270  25834985  828930 828930 828930 828930 828930 828930 801299 801299 801299 801299 801299 801299 801299 801299 801299 801299 801299 801299 801299 801299 801299 801299 801299 801299 801299 801299 801299 801299 801299 801299 801299 801299 
23 compute 10048079
23 comm_size 32
23 allReduce 1729832 623768950
23 compute 10273104847
23 comm_size 32
23 bcast 934 31 0
23 compute 337
23 barrier
23 compute 19230
23 comm_size 32
23 bcast 1729832
23 compute 1564644
23 comm_size 32
23 allReduce 223729 104685395
23 compute 10195636
23 compute 346
23 allToAllV 13097094 414465 414465 414465 414465 414465 414465 414465 414465 414465 414465 414465 414465 414465 414465 414465 414465 414465 414465 414465 414465 414465 414465 414465 414465 414465 386834 386834 386834 386834 386834 386834 386834  13262850  414465 414465 414465 414465 414465 414465 414465 414465 414465 414465 414465 414465 414465 414465 414465 414465 414465 414465 414465 414465 414465 414465 414465 414465 414465 414465 414465 414465 414465 414450 414450 414450 
23 compute 66461375
23 compute 1182
23 gather 133 133 0 
23 compute 31346723476
23 compute 336
23 reduceScatter 176256 176256 176256 176256 176256 176256 176256 176256 176256 176256 176256 176256 176256 176256 176256 176256 176256 176256 176256 176256 176256 176256 176256 176256 176256 176256 176256 176256 176256 176256 0 0 2331609369 
23 compute 25135561
23 comm_size 32
23 allReduce 2 166979619
23 compute 21529472
23 allToAll 13824 13824 
23 compute 72648150
23 allToAll 13824 13824 
23 compute 20696712
23 comm_size 32
23 allReduce 1 794902
23 compute 1063893
23 compute 344
23 allGatherV 176256 176256 176256 176256 176256 176256 176256 176256 176256 176256 176256 176256 176256 176256 176256 176256 176256 176256 176256 176256 176256 176256 176256 176256 176256 176256 176256 176256 176256 176256 176256 0 0 0 176256 352512 528768 705024 881280 1057536 1233792 1410048 1586304 1762560 1938816 2115072 2291328 2467584 2643840 2820096 2996352 3172608 3348864 3525120 3701376 3877632 4053888 4230144 4406400 4582656 4758912 4935168 5111424 5258304 5258304 
23 compute 91011148803
23 comm_size 32
23 allReduce 4 10629
23 compute 66332036
23 compute 346
23 allToAllV 13262850 414465 414465 414465 414465 414465 414465 414465 414465 414465 414465 414465 414465 414465 414465 414465 414465 414465 414465 414465 414465 414465 414465 414465 414465 414465 414465 414465 414465 414465 414450 414450 414450  13097094  414465 414465 414465 414465 414465 414465 414465 414465 414465 414465 414465 414465 414465 414465 414465 414465 414465 414465 414465 414465 414465 414465 414465 414465 414465 386834 386834 386834 386834 386834 386834 386834 
23 compute 916414
23 comm_size 32
23 allReduce 223729 88592833
23 compute 11081
23 comm_size 32
23 allReduce 1 4840674
23 compute 9974
23 compute 346
23 allToAllV 13097094 414465 414465 414465 414465 414465 414465 414465 414465 414465 414465 414465 414465 414465 414465 414465 414465 414465 414465 414465 414465 414465 414465 414465 414465 414465 386834 386834 386834 386834 386834 386834 386834  13262850  414465 414465 414465 414465 414465 414465 414465 414465 414465 414465 414465 414465 414465 414465 414465 414465 414465 414465 414465 414465 414465 414465 414465 414465 414465 414465 414465 414465 414465 414450 414450 414450 
23 compute 289861865443
23 comm_size 32
23 allReduce 2 1570414023
23 compute 66335255
23 compute 346
23 allToAllV 13262850 414465 414465 414465 414465 414465 414465 414465 414465 414465 414465 414465 414465 414465 414465 414465 414465 414465 414465 414465 414465 414465 414465 414465 414465 414465 414465 414465 414465 414465 414450 414450 414450  13097094  414465 414465 414465 414465 414465 414465 414465 414465 414465 414465 414465 414465 414465 414465 414465 414465 414465 414465 414465 414465 414465 414465 414465 414465 414465 386834 386834 386834 386834 386834 386834 386834 
23 compute 116081588
23 comm_size 32
23 allReduce 7 27647636
23 compute 210072115
23 comm_size 32
23 allReduce 223729 101296396
23 compute 10179087
23 compute 346
23 allToAllV 13097094 414465 414465 414465 414465 414465 414465 414465 414465 414465 414465 414465 414465 414465 414465 414465 414465 414465 414465 414465 414465 414465 414465 414465 414465 414465 386834 386834 386834 386834 386834 386834 386834  13262850  414465 414465 414465 414465 414465 414465 414465 414465 414465 414465 414465 414465 414465 414465 414465 414465 414465 414465 414465 414465 414465 414465 414465 414465 414465 414465 414465 414465 414465 414450 414450 414450 
23 compute 31413028663
23 compute 336
23 reduceScatter 176256 176256 176256 176256 176256 176256 176256 176256 176256 176256 176256 176256 176256 176256 176256 176256 176256 176256 176256 176256 176256 176256 176256 176256 176256 176256 176256 176256 176256 176256 0 0 2369284422 
23 compute 25197626
23 comm_size 32
23 allReduce 2 161297847
23 compute 21529404
23 allToAll 13824 13824 
23 compute 72648154
23 allToAll 13824 13824 
23 compute 20696716
23 comm_size 32
23 allReduce 1 8775477
23 compute 1063893
23 compute 344
23 allGatherV 176256 176256 176256 176256 176256 176256 176256 176256 176256 176256 176256 176256 176256 176256 176256 176256 176256 176256 176256 176256 176256 176256 176256 176256 176256 176256 176256 176256 176256 176256 176256 0 0 0 176256 352512 528768 705024 881280 1057536 1233792 1410048 1586304 1762560 1938816 2115072 2291328 2467584 2643840 2820096 2996352 3172608 3348864 3525120 3701376 3877632 4053888 4230144 4406400 4582656 4758912 4935168 5111424 5258304 5258304 
23 compute 91011148686
23 comm_size 32
23 allReduce 4 10629
23 compute 66332037
23 compute 346
23 allToAllV 13262850 414465 414465 414465 414465 414465 414465 414465 414465 414465 414465 414465 414465 414465 414465 414465 414465 414465 414465 414465 414465 414465 414465 414465 414465 414465 414465 414465 414465 414465 414450 414450 414450  13097094  414465 414465 414465 414465 414465 414465 414465 414465 414465 414465 414465 414465 414465 414465 414465 414465 414465 414465 414465 414465 414465 414465 414465 414465 414465 386834 386834 386834 386834 386834 386834 386834 
23 compute 916412
23 comm_size 32
23 allReduce 223729 94906747
23 compute 11081
23 comm_size 32
23 allReduce 1 10495
23 compute 9974
23 compute 346
23 allToAllV 13097094 414465 414465 414465 414465 414465 414465 414465 414465 414465 414465 414465 414465 414465 414465 414465 414465 414465 414465 414465 414465 414465 414465 414465 414465 414465 386834 386834 386834 386834 386834 386834 386834  13262850  414465 414465 414465 414465 414465 414465 414465 414465 414465 414465 414465 414465 414465 414465 414465 414465 414465 414465 414465 414465 414465 414465 414465 414465 414465 414465 414465 414465 414465 414450 414450 414450 
23 compute 289861848987
23 comm_size 32
23 allReduce 2 1327414015
23 compute 66335250
23 compute 346
23 allToAllV 13262850 414465 414465 414465 414465 414465 414465 414465 414465 414465 414465 414465 414465 414465 414465 414465 414465 414465 414465 414465 414465 414465 414465 414465 414465 414465 414465 414465 414465 414465 414450 414450 414450  13097094  414465 414465 414465 414465 414465 414465 414465 414465 414465 414465 414465 414465 414465 414465 414465 414465 414465 414465 414465 414465 414465 414465 414465 414465 414465 386834 386834 386834 386834 386834 386834 386834 
23 compute 194472994
23 comm_size 32
23 allReduce 7 4716544
23 compute 445334026
23 comm_size 32
23 allReduce 223729 598312817
23 compute 10179188
23 compute 346
23 allToAllV 13097094 414465 414465 414465 414465 414465 414465 414465 414465 414465 414465 414465 414465 414465 414465 414465 414465 414465 414465 414465 414465 414465 414465 414465 414465 414465 386834 386834 386834 386834 386834 386834 386834  13262850  414465 414465 414465 414465 414465 414465 414465 414465 414465 414465 414465 414465 414465 414465 414465 414465 414465 414465 414465 414465 414465 414465 414465 414465 414465 414465 414465 414465 414465 414450 414450 414450 
23 compute 31413028674
23 compute 336
23 reduceScatter 176256 176256 176256 176256 176256 176256 176256 176256 176256 176256 176256 176256 176256 176256 176256 176256 176256 176256 176256 176256 176256 176256 176256 176256 176256 176256 176256 176256 176256 176256 0 0 4721056596 
23 compute 25170752
23 comm_size 32
23 allReduce 2 454738712
23 compute 21529426
23 allToAll 13824 13824 
23 compute 72648150
23 allToAll 13824 13824 
23 compute 20696713
23 comm_size 32
23 allReduce 1 5780062
23 compute 1063893
23 compute 344
23 allGatherV 176256 176256 176256 176256 176256 176256 176256 176256 176256 176256 176256 176256 176256 176256 176256 176256 176256 176256 176256 176256 176256 176256 176256 176256 176256 176256 176256 176256 176256 176256 176256 0 0 0 176256 352512 528768 705024 881280 1057536 1233792 1410048 1586304 1762560 1938816 2115072 2291328 2467584 2643840 2820096 2996352 3172608 3348864 3525120 3701376 3877632 4053888 4230144 4406400 4582656 4758912 4935168 5111424 5258304 5258304 
23 compute 91011148682
23 comm_size 32
23 allReduce 4 10629
23 compute 66332036
23 compute 346
23 allToAllV 13262850 414465 414465 414465 414465 414465 414465 414465 414465 414465 414465 414465 414465 414465 414465 414465 414465 414465 414465 414465 414465 414465 414465 414465 414465 414465 414465 414465 414465 414465 414450 414450 414450  13097094  414465 414465 414465 414465 414465 414465 414465 414465 414465 414465 414465 414465 414465 414465 414465 414465 414465 414465 414465 414465 414465 414465 414465 414465 414465 386834 386834 386834 386834 386834 386834 386834 
23 compute 916412
23 comm_size 32
23 allReduce 223729 208893123
23 compute 11081
23 comm_size 32
23 allReduce 1 11430403
23 compute 9974
23 compute 346
23 allToAllV 13097094 414465 414465 414465 414465 414465 414465 414465 414465 414465 414465 414465 414465 414465 414465 414465 414465 414465 414465 414465 414465 414465 414465 414465 414465 414465 386834 386834 386834 386834 386834 386834 386834  13262850  414465 414465 414465 414465 414465 414465 414465 414465 414465 414465 414465 414465 414465 414465 414465 414465 414465 414465 414465 414465 414465 414465 414465 414465 414465 414465 414465 414465 414465 414450 414450 414450 
23 compute 289861848953
23 comm_size 32
23 allReduce 2 973022653
23 compute 66335249
23 compute 346
23 allToAllV 13262850 414465 414465 414465 414465 414465 414465 414465 414465 414465 414465 414465 414465 414465 414465 414465 414465 414465 414465 414465 414465 414465 414465 414465 414465 414465 414465 414465 414465 414465 414450 414450 414450  13097094  414465 414465 414465 414465 414465 414465 414465 414465 414465 414465 414465 414465 414465 414465 414465 414465 414465 414465 414465 414465 414465 414465 414465 414465 414465 386834 386834 386834 386834 386834 386834 386834 
23 compute 272889920
23 comm_size 32
23 allReduce 7 27320947
23 compute 602162508
23 comm_size 32
23 allReduce 223729 697074711
23 compute 10179054
23 compute 346
23 allToAllV 13097094 414465 414465 414465 414465 414465 414465 414465 414465 414465 414465 414465 414465 414465 414465 414465 414465 414465 414465 414465 414465 414465 414465 414465 414465 414465 386834 386834 386834 386834 386834 386834 386834  13262850  414465 414465 414465 414465 414465 414465 414465 414465 414465 414465 414465 414465 414465 414465 414465 414465 414465 414465 414465 414465 414465 414465 414465 414465 414465 414465 414465 414465 414465 414450 414450 414450 
23 compute 31413028670
23 compute 336
23 reduceScatter 176256 176256 176256 176256 176256 176256 176256 176256 176256 176256 176256 176256 176256 176256 176256 176256 176256 176256 176256 176256 176256 176256 176256 176256 176256 176256 176256 176256 176256 176256 0 0 5329274911 
23 compute 25195392
23 comm_size 32
23 allReduce 2 209542306
23 compute 21529416
23 allToAll 13824 13824 
23 compute 72648150
23 allToAll 13824 13824 
23 compute 20696719
23 comm_size 32
23 allReduce 1 6628900
23 compute 1063894
23 compute 344
23 allGatherV 176256 176256 176256 176256 176256 176256 176256 176256 176256 176256 176256 176256 176256 176256 176256 176256 176256 176256 176256 176256 176256 176256 176256 176256 176256 176256 176256 176256 176256 176256 176256 0 0 0 176256 352512 528768 705024 881280 1057536 1233792 1410048 1586304 1762560 1938816 2115072 2291328 2467584 2643840 2820096 2996352 3172608 3348864 3525120 3701376 3877632 4053888 4230144 4406400 4582656 4758912 4935168 5111424 5258304 5258304 
23 compute 91011148687
23 comm_size 32
23 allReduce 4 10629
23 compute 66332037
23 compute 346
23 allToAllV 13262850 414465 414465 414465 414465 414465 414465 414465 414465 414465 414465 414465 414465 414465 414465 414465 414465 414465 414465 414465 414465 414465 414465 414465 414465 414465 414465 414465 414465 414465 414450 414450 414450  13097094  414465 414465 414465 414465 414465 414465 414465 414465 414465 414465 414465 414465 414465 414465 414465 414465 414465 414465 414465 414465 414465 414465 414465 414465 414465 386834 386834 386834 386834 386834 386834 386834 
23 compute 916412
23 comm_size 32
23 allReduce 223729 95502422
23 compute 11090
23 comm_size 32
23 allReduce 1 7756600
23 compute 9974
23 compute 346
23 allToAllV 13097094 414465 414465 414465 414465 414465 414465 414465 414465 414465 414465 414465 414465 414465 414465 414465 414465 414465 414465 414465 414465 414465 414465 414465 414465 414465 386834 386834 386834 386834 386834 386834 386834  13262850  414465 414465 414465 414465 414465 414465 414465 414465 414465 414465 414465 414465 414465 414465 414465 414465 414465 414465 414465 414465 414465 414465 414465 414465 414465 414465 414465 414465 414465 414450 414450 414450 
23 compute 289861848932
23 comm_size 32
23 allReduce 2 1188277329
23 compute 66335250
23 compute 346
23 allToAllV 13262850 414465 414465 414465 414465 414465 414465 414465 414465 414465 414465 414465 414465 414465 414465 414465 414465 414465 414465 414465 414465 414465 414465 414465 414465 414465 414465 414465 414465 414465 414450 414450 414450  13097094  414465 414465 414465 414465 414465 414465 414465 414465 414465 414465 414465 414465 414465 414465 414465 414465 414465 414465 414465 414465 414465 414465 414465 414465 414465 386834 386834 386834 386834 386834 386834 386834 
23 compute 351306845
23 comm_size 32
23 allReduce 7 10966
23 compute 758997813
23 comm_size 32
23 allReduce 223729 144629574
23 compute 10179031
23 compute 346
23 allToAllV 13097094 414465 414465 414465 414465 414465 414465 414465 414465 414465 414465 414465 414465 414465 414465 414465 414465 414465 414465 414465 414465 414465 414465 414465 414465 414465 386834 386834 386834 386834 386834 386834 386834  13262850  414465 414465 414465 414465 414465 414465 414465 414465 414465 414465 414465 414465 414465 414465 414465 414465 414465 414465 414465 414465 414465 414465 414465 414465 414465 414465 414465 414465 414465 414450 414450 414450 
23 compute 31413028659
23 compute 336
23 reduceScatter 176256 176256 176256 176256 176256 176256 176256 176256 176256 176256 176256 176256 176256 176256 176256 176256 176256 176256 176256 176256 176256 176256 176256 176256 176256 176256 176256 176256 176256 176256 0 0 1877603277 
23 compute 25201129
23 comm_size 32
23 allReduce 2 164794922
23 compute 21529404
23 allToAll 13824 13824 
23 compute 72648150
23 allToAll 13824 13824 
23 compute 20696713
23 comm_size 32
23 allReduce 1 2411940
23 compute 1063893
23 compute 344
23 allGatherV 176256 176256 176256 176256 176256 176256 176256 176256 176256 176256 176256 176256 176256 176256 176256 176256 176256 176256 176256 176256 176256 176256 176256 176256 176256 176256 176256 176256 176256 176256 176256 0 0 0 176256 352512 528768 705024 881280 1057536 1233792 1410048 1586304 1762560 1938816 2115072 2291328 2467584 2643840 2820096 2996352 3172608 3348864 3525120 3701376 3877632 4053888 4230144 4406400 4582656 4758912 4935168 5111424 5258304 5258304 
23 compute 91011148679
23 comm_size 32
23 allReduce 4 10630
23 compute 66332037
23 compute 346
23 allToAllV 13262850 414465 414465 414465 414465 414465 414465 414465 414465 414465 414465 414465 414465 414465 414465 414465 414465 414465 414465 414465 414465 414465 414465 414465 414465 414465 414465 414465 414465 414465 414450 414450 414450  13097094  414465 414465 414465 414465 414465 414465 414465 414465 414465 414465 414465 414465 414465 414465 414465 414465 414465 414465 414465 414465 414465 414465 414465 414465 414465 386834 386834 386834 386834 386834 386834 386834 
23 compute 916413
23 comm_size 32
23 allReduce 223729 106030791
23 compute 11081
23 comm_size 32
23 allReduce 1 10155928
23 compute 9974
23 compute 346
23 allToAllV 13097094 414465 414465 414465 414465 414465 414465 414465 414465 414465 414465 414465 414465 414465 414465 414465 414465 414465 414465 414465 414465 414465 414465 414465 414465 414465 386834 386834 386834 386834 386834 386834 386834  13262850  414465 414465 414465 414465 414465 414465 414465 414465 414465 414465 414465 414465 414465 414465 414465 414465 414465 414465 414465 414465 414465 414465 414465 414465 414465 414465 414465 414465 414465 414450 414450 414450 
23 compute 289861848926
23 comm_size 32
23 allReduce 2 1256769793
23 compute 66335251
23 compute 346
23 allToAllV 13262850 414465 414465 414465 414465 414465 414465 414465 414465 414465 414465 414465 414465 414465 414465 414465 414465 414465 414465 414465 414465 414465 414465 414465 414465 414465 414465 414465 414465 414465 414450 414450 414450  13097094  414465 414465 414465 414465 414465 414465 414465 414465 414465 414465 414465 414465 414465 414465 414465 414465 414465 414465 414465 414465 414465 414465 414465 414465 414465 386834 386834 386834 386834 386834 386834 386834 
23 compute 429723774
23 comm_size 32
23 allReduce 7 28136264
23 compute 915833485
23 comm_size 32
23 allReduce 223729 92538346
23 compute 10179171
23 compute 346
23 allToAllV 13097094 414465 414465 414465 414465 414465 414465 414465 414465 414465 414465 414465 414465 414465 414465 414465 414465 414465 414465 414465 414465 414465 414465 414465 414465 414465 386834 386834 386834 386834 386834 386834 386834  13262850  414465 414465 414465 414465 414465 414465 414465 414465 414465 414465 414465 414465 414465 414465 414465 414465 414465 414465 414465 414465 414465 414465 414465 414465 414465 414465 414465 414465 414465 414450 414450 414450 
23 compute 31413028677
23 compute 336
23 reduceScatter 176256 176256 176256 176256 176256 176256 176256 176256 176256 176256 176256 176256 176256 176256 176256 176256 176256 176256 176256 176256 176256 176256 176256 176256 176256 176256 176256 176256 176256 176256 0 0 1863006369 
23 compute 25191322
23 comm_size 32
23 allReduce 2 167561736
23 compute 21529426
23 allToAll 13824 13824 
23 compute 72648151
23 allToAll 13824 13824 
23 compute 20696714
23 comm_size 32
23 allReduce 1 2265235
23 compute 1063894
23 compute 344
23 allGatherV 176256 176256 176256 176256 176256 176256 176256 176256 176256 176256 176256 176256 176256 176256 176256 176256 176256 176256 176256 176256 176256 176256 176256 176256 176256 176256 176256 176256 176256 176256 176256 0 0 0 176256 352512 528768 705024 881280 1057536 1233792 1410048 1586304 1762560 1938816 2115072 2291328 2467584 2643840 2820096 2996352 3172608 3348864 3525120 3701376 3877632 4053888 4230144 4406400 4582656 4758912 4935168 5111424 5258304 5258304 
23 compute 91011148668
23 comm_size 32
23 allReduce 4 10629
23 compute 66332037
23 compute 346
23 allToAllV 13262850 414465 414465 414465 414465 414465 414465 414465 414465 414465 414465 414465 414465 414465 414465 414465 414465 414465 414465 414465 414465 414465 414465 414465 414465 414465 414465 414465 414465 414465 414450 414450 414450  13097094  414465 414465 414465 414465 414465 414465 414465 414465 414465 414465 414465 414465 414465 414465 414465 414465 414465 414465 414465 414465 414465 414465 414465 414465 414465 386834 386834 386834 386834 386834 386834 386834 
23 compute 916412
23 comm_size 32
23 allReduce 223729 95592813
23 compute 11081
23 comm_size 32
23 allReduce 1 511785
23 compute 9974
23 compute 346
23 allToAllV 13097094 414465 414465 414465 414465 414465 414465 414465 414465 414465 414465 414465 414465 414465 414465 414465 414465 414465 414465 414465 414465 414465 414465 414465 414465 414465 386834 386834 386834 386834 386834 386834 386834  13262850  414465 414465 414465 414465 414465 414465 414465 414465 414465 414465 414465 414465 414465 414465 414465 414465 414465 414465 414465 414465 414465 414465 414465 414465 414465 414465 414465 414465 414465 414450 414450 414450 
23 compute 289861848956
23 comm_size 32
23 allReduce 2 872621248
23 compute 66335252
23 compute 346
23 allToAllV 13262850 414465 414465 414465 414465 414465 414465 414465 414465 414465 414465 414465 414465 414465 414465 414465 414465 414465 414465 414465 414465 414465 414465 414465 414465 414465 414465 414465 414465 414465 414450 414450 414450  13097094  414465 414465 414465 414465 414465 414465 414465 414465 414465 414465 414465 414465 414465 414465 414465 414465 414465 414465 414465 414465 414465 414465 414465 414465 414465 386834 386834 386834 386834 386834 386834 386834 
23 compute 508140691
23 comm_size 32
23 allReduce 7 16087146
23 compute 1020351943
23 comm_size 32
23 allReduce 223729 165807157
23 compute 10179138
23 compute 346
23 allToAllV 13097094 414465 414465 414465 414465 414465 414465 414465 414465 414465 414465 414465 414465 414465 414465 414465 414465 414465 414465 414465 414465 414465 414465 414465 414465 414465 386834 386834 386834 386834 386834 386834 386834  13262850  414465 414465 414465 414465 414465 414465 414465 414465 414465 414465 414465 414465 414465 414465 414465 414465 414465 414465 414465 414465 414465 414465 414465 414465 414465 414465 414465 414465 414465 414450 414450 414450 
23 compute 31413028682
23 compute 336
23 reduceScatter 176256 176256 176256 176256 176256 176256 176256 176256 176256 176256 176256 176256 176256 176256 176256 176256 176256 176256 176256 176256 176256 176256 176256 176256 176256 176256 176256 176256 176256 176256 0 0 1873108944 
23 compute 25197455
23 comm_size 32
23 allReduce 2 167124116
23 compute 21529415
23 allToAll 13824 13824 
23 compute 72648150
23 allToAll 13824 13824 
23 compute 20696713
23 comm_size 32
23 allReduce 1 4447278
23 compute 1063893
23 compute 344
23 allGatherV 176256 176256 176256 176256 176256 176256 176256 176256 176256 176256 176256 176256 176256 176256 176256 176256 176256 176256 176256 176256 176256 176256 176256 176256 176256 176256 176256 176256 176256 176256 176256 0 0 0 176256 352512 528768 705024 881280 1057536 1233792 1410048 1586304 1762560 1938816 2115072 2291328 2467584 2643840 2820096 2996352 3172608 3348864 3525120 3701376 3877632 4053888 4230144 4406400 4582656 4758912 4935168 5111424 5258304 5258304 
23 compute 91011148679
23 comm_size 32
23 allReduce 4 10629
23 compute 66332039
23 compute 346
23 allToAllV 13262850 414465 414465 414465 414465 414465 414465 414465 414465 414465 414465 414465 414465 414465 414465 414465 414465 414465 414465 414465 414465 414465 414465 414465 414465 414465 414465 414465 414465 414465 414450 414450 414450  13097094  414465 414465 414465 414465 414465 414465 414465 414465 414465 414465 414465 414465 414465 414465 414465 414465 414465 414465 414465 414465 414465 414465 414465 414465 414465 386834 386834 386834 386834 386834 386834 386834 
23 compute 916412
23 comm_size 32
23 allReduce 223729 101372829
23 compute 11090
23 comm_size 32
23 allReduce 1 4369592
23 compute 9974
23 compute 346
23 allToAllV 13097094 414465 414465 414465 414465 414465 414465 414465 414465 414465 414465 414465 414465 414465 414465 414465 414465 414465 414465 414465 414465 414465 414465 414465 414465 414465 386834 386834 386834 386834 386834 386834 386834  13262850  414465 414465 414465 414465 414465 414465 414465 414465 414465 414465 414465 414465 414465 414465 414465 414465 414465 414465 414465 414465 414465 414465 414465 414465 414465 414465 414465 414465 414465 414450 414450 414450 
23 compute 289861848929
23 comm_size 32
23 allReduce 2 977895053
23 compute 66335250
23 compute 346
23 allToAllV 13262850 414465 414465 414465 414465 414465 414465 414465 414465 414465 414465 414465 414465 414465 414465 414465 414465 414465 414465 414465 414465 414465 414465 414465 414465 414465 414465 414465 414465 414465 414450 414450 414450  13097094  414465 414465 414465 414465 414465 414465 414465 414465 414465 414465 414465 414465 414465 414465 414465 414465 414465 414465 414465 414465 414465 414465 414465 414465 414465 386834 386834 386834 386834 386834 386834 386834 
23 compute 508115755
23 comm_size 32
23 allReduce 7 47450231
23 compute 1020352111
23 comm_size 32
23 allReduce 223729 103766684
23 compute 10179153
23 compute 346
23 allToAllV 13097094 414465 414465 414465 414465 414465 414465 414465 414465 414465 414465 414465 414465 414465 414465 414465 414465 414465 414465 414465 414465 414465 414465 414465 414465 414465 386834 386834 386834 386834 386834 386834 386834  13262850  414465 414465 414465 414465 414465 414465 414465 414465 414465 414465 414465 414465 414465 414465 414465 414465 414465 414465 414465 414465 414465 414465 414465 414465 414465 414465 414465 414465 414465 414450 414450 414450 
23 compute 31413028682
23 compute 336
23 reduceScatter 176256 176256 176256 176256 176256 176256 176256 176256 176256 176256 176256 176256 176256 176256 176256 176256 176256 176256 176256 176256 176256 176256 176256 176256 176256 176256 176256 176256 176256 176256 0 0 1802136032 
23 compute 25194791
23 comm_size 32
23 allReduce 2 163624555
23 compute 21529426
23 allToAll 13824 13824 
23 compute 72648150
23 allToAll 13824 13824 
23 compute 20696712
23 comm_size 32
23 allReduce 1 1469844
23 compute 1063893
23 compute 344
23 allGatherV 176256 176256 176256 176256 176256 176256 176256 176256 176256 176256 176256 176256 176256 176256 176256 176256 176256 176256 176256 176256 176256 176256 176256 176256 176256 176256 176256 176256 176256 176256 176256 0 0 0 176256 352512 528768 705024 881280 1057536 1233792 1410048 1586304 1762560 1938816 2115072 2291328 2467584 2643840 2820096 2996352 3172608 3348864 3525120 3701376 3877632 4053888 4230144 4406400 4582656 4758912 4935168 5111424 5258304 5258304 
23 compute 91011148707
23 comm_size 32
23 allReduce 4 116855181
23 compute 66332039
23 compute 346
23 allToAllV 13262850 414465 414465 414465 414465 414465 414465 414465 414465 414465 414465 414465 414465 414465 414465 414465 414465 414465 414465 414465 414465 414465 414465 414465 414465 414465 414465 414465 414465 414465 414450 414450 414450  13097094  414465 414465 414465 414465 414465 414465 414465 414465 414465 414465 414465 414465 414465 414465 414465 414465 414465 414465 414465 414465 414465 414465 414465 414465 414465 386834 386834 386834 386834 386834 386834 386834 
23 compute 916412
23 comm_size 32
23 allReduce 223729 90382258
23 compute 11081
23 comm_size 32
23 allReduce 1 11036591
23 compute 9974
23 compute 346
23 allToAllV 13097094 414465 414465 414465 414465 414465 414465 414465 414465 414465 414465 414465 414465 414465 414465 414465 414465 414465 414465 414465 414465 414465 414465 414465 414465 414465 386834 386834 386834 386834 386834 386834 386834  13262850  414465 414465 414465 414465 414465 414465 414465 414465 414465 414465 414465 414465 414465 414465 414465 414465 414465 414465 414465 414465 414465 414465 414465 414465 414465 414465 414465 414465 414465 414450 414450 414450 
23 compute 289861848954
23 comm_size 32
23 allReduce 2 1271928756
23 compute 66335250
23 compute 346
23 allToAllV 13262850 414465 414465 414465 414465 414465 414465 414465 414465 414465 414465 414465 414465 414465 414465 414465 414465 414465 414465 414465 414465 414465 414465 414465 414465 414465 414465 414465 414465 414465 414450 414450 414450  13097094  414465 414465 414465 414465 414465 414465 414465 414465 414465 414465 414465 414465 414465 414465 414465 414465 414465 414465 414465 414465 414465 414465 414465 414465 414465 386834 386834 386834 386834 386834 386834 386834 
23 compute 508115765
23 comm_size 32
23 allReduce 7 33146611
23 compute 1020351963
23 comm_size 32
23 allReduce 223729 111907582
23 compute 10179169
23 compute 346
23 allToAllV 13097094 414465 414465 414465 414465 414465 414465 414465 414465 414465 414465 414465 414465 414465 414465 414465 414465 414465 414465 414465 414465 414465 414465 414465 414465 414465 386834 386834 386834 386834 386834 386834 386834  13262850  414465 414465 414465 414465 414465 414465 414465 414465 414465 414465 414465 414465 414465 414465 414465 414465 414465 414465 414465 414465 414465 414465 414465 414465 414465 414465 414465 414465 414465 414450 414450 414450 
23 compute 31413028684
23 compute 336
23 reduceScatter 176256 176256 176256 176256 176256 176256 176256 176256 176256 176256 176256 176256 176256 176256 176256 176256 176256 176256 176256 176256 176256 176256 176256 176256 176256 176256 176256 176256 176256 176256 0 0 1835936262 
23 compute 25197501
23 comm_size 32
23 allReduce 2 168899465
23 compute 21529426
23 allToAll 13824 13824 
23 compute 72648150
23 allToAll 13824 13824 
23 compute 20696712
23 comm_size 32
23 allReduce 1 1344654
23 compute 1063893
23 compute 344
23 allGatherV 176256 176256 176256 176256 176256 176256 176256 176256 176256 176256 176256 176256 176256 176256 176256 176256 176256 176256 176256 176256 176256 176256 176256 176256 176256 176256 176256 176256 176256 176256 176256 0 0 0 176256 352512 528768 705024 881280 1057536 1233792 1410048 1586304 1762560 1938816 2115072 2291328 2467584 2643840 2820096 2996352 3172608 3348864 3525120 3701376 3877632 4053888 4230144 4406400 4582656 4758912 4935168 5111424 5258304 5258304 
23 compute 91011148687
23 comm_size 32
23 allReduce 4 10630
23 compute 66332039
23 compute 346
23 allToAllV 13262850 414465 414465 414465 414465 414465 414465 414465 414465 414465 414465 414465 414465 414465 414465 414465 414465 414465 414465 414465 414465 414465 414465 414465 414465 414465 414465 414465 414465 414465 414450 414450 414450  13097094  414465 414465 414465 414465 414465 414465 414465 414465 414465 414465 414465 414465 414465 414465 414465 414465 414465 414465 414465 414465 414465 414465 414465 414465 414465 386834 386834 386834 386834 386834 386834 386834 
23 compute 916412
23 comm_size 32
23 allReduce 223729 92478024
23 compute 11081
23 comm_size 32
23 allReduce 1 364042
23 compute 9974
23 compute 346
23 allToAllV 13097094 414465 414465 414465 414465 414465 414465 414465 414465 414465 414465 414465 414465 414465 414465 414465 414465 414465 414465 414465 414465 414465 414465 414465 414465 414465 386834 386834 386834 386834 386834 386834 386834  13262850  414465 414465 414465 414465 414465 414465 414465 414465 414465 414465 414465 414465 414465 414465 414465 414465 414465 414465 414465 414465 414465 414465 414465 414465 414465 414465 414465 414465 414465 414450 414450 414450 
23 compute 289861849135
23 comm_size 32
23 allReduce 2 969055904
23 compute 66335251
23 compute 346
23 allToAllV 13262850 414465 414465 414465 414465 414465 414465 414465 414465 414465 414465 414465 414465 414465 414465 414465 414465 414465 414465 414465 414465 414465 414465 414465 414465 414465 414465 414465 414465 414465 414450 414450 414450  13097094  414465 414465 414465 414465 414465 414465 414465 414465 414465 414465 414465 414465 414465 414465 414465 414465 414465 414465 414465 414465 414465 414465 414465 414465 414465 386834 386834 386834 386834 386834 386834 386834 
23 compute 508115777
23 comm_size 32
23 allReduce 7 5828017
23 compute 1020352113
23 comm_size 32
23 allReduce 223729 117664034
23 compute 10179185
23 compute 346
23 allToAllV 13097094 414465 414465 414465 414465 414465 414465 414465 414465 414465 414465 414465 414465 414465 414465 414465 414465 414465 414465 414465 414465 414465 414465 414465 414465 414465 386834 386834 386834 386834 386834 386834 386834  13262850  414465 414465 414465 414465 414465 414465 414465 414465 414465 414465 414465 414465 414465 414465 414465 414465 414465 414465 414465 414465 414465 414465 414465 414465 414465 414465 414465 414465 414465 414450 414450 414450 
23 compute 66331587
23 compute 1289
23 gather 133 133 0 
23 compute 31346699921
23 compute 336
23 reduceScatter 176256 176256 176256 176256 176256 176256 176256 176256 176256 176256 176256 176256 176256 176256 176256 176256 176256 176256 176256 176256 176256 176256 176256 176256 176256 176256 176256 176256 176256 176256 0 0 1777347599 
23 compute 25199075
23 comm_size 32
23 allReduce 2 165363820
23 compute 21530210
23 allToAll 13824 13824 
23 compute 72648031
23 allToAll 13824 13824 
23 compute 20697242
23 comm_size 32
23 allReduce 1 3509937
23 compute 1064187
23 compute 344
23 allGatherV 176256 176256 176256 176256 176256 176256 176256 176256 176256 176256 176256 176256 176256 176256 176256 176256 176256 176256 176256 176256 176256 176256 176256 176256 176256 176256 176256 176256 176256 176256 176256 0 0 0 176256 352512 528768 705024 881280 1057536 1233792 1410048 1586304 1762560 1938816 2115072 2291328 2467584 2643840 2820096 2996352 3172608 3348864 3525120 3701376 3877632 4053888 4230144 4406400 4582656 4758912 4935168 5111424 5258304 5258304 
23 compute 91011150094
23 comm_size 32
23 allReduce 4 10629
23 compute 66332407
23 compute 346
23 allToAllV 13262850 414465 414465 414465 414465 414465 414465 414465 414465 414465 414465 414465 414465 414465 414465 414465 414465 414465 414465 414465 414465 414465 414465 414465 414465 414465 414465 414465 414465 414465 414450 414450 414450  13097094  414465 414465 414465 414465 414465 414465 414465 414465 414465 414465 414465 414465 414465 414465 414465 414465 414465 414465 414465 414465 414465 414465 414465 414465 414465 386834 386834 386834 386834 386834 386834 386834 
23 compute 910134
23 comm_size 32
23 allReduce 223729 107378299
23 compute 1568021259
23 comm_size 32
23 allReduce 1 226064103
23 compute 9595
23 compute 346
23 allToAllV 13097094 414465 414465 414465 414465 414465 414465 414465 414465 414465 414465 414465 414465 414465 414465 414465 414465 414465 414465 414465 414465 414465 414465 414465 414465 414465 386834 386834 386834 386834 386834 386834 386834  13262850  414465 414465 414465 414465 414465 414465 414465 414465 414465 414465 414465 414465 414465 414465 414465 414465 414465 414465 414465 414465 414465 414465 414465 414465 414465 414465 414465 414465 414465 414450 414450 414450 
23 compute 66332111
23 comm_size 32
23 bcast 473 31 0
23 compute 337
23 barrier
23 compute 31293659514
23 compute 336
23 reduceScatter 176256 176256 176256 176256 176256 176256 176256 176256 176256 176256 176256 176256 176256 176256 176256 176256 176256 176256 176256 176256 176256 176256 176256 176256 176256 176256 176256 176256 176256 176256 0 0 1921011358 
23 compute 21791670
23 allToAll 13824 13824 
23 compute 72648317
23 allToAll 13824 13824 
23 compute 20516924
23 comm_size 32
23 allReduce 1 799663
23 compute 987
23 comm_size 32
23 allReduce 6 1329791
23 compute 4274
23 compute 344
23 allGatherV 176256 176256 176256 176256 176256 176256 176256 176256 176256 176256 176256 176256 176256 176256 176256 176256 176256 176256 176256 176256 176256 176256 176256 176256 176256 176256 176256 176256 176256 176256 176256 0 0 0 176256 352512 528768 705024 881280 1057536 1233792 1410048 1586304 1762560 1938816 2115072 2291328 2467584 2643840 2820096 2996352 3172608 3348864 3525120 3701376 3877632 4053888 4230144 4406400 4582656 4758912 4935168 5111424 5258304 5258304 
23 compute 10289808540
23 comm_size 32
23 allReduce 795 51594
23 compute 993
23 comm_size 32
23 allReduce 1 2316124
23 compute 47116
23 barrier
23 compute 503862
23 compute 1117
23 gather 133 133 0 
23 compute 2425
23 compute 451
23 gather 3 3 0 
23 compute 87247
23 barrier
23 compute 20364
23 barrier
23 compute 346
23 barrier
23 compute 2654
23 finalize