8 init 1
8 compute 127150
8 compute 2652
8 compute 336837
8 compute 13044504
8 comm_size 32
8 bcast 1
8 compute 25827
8 barrier
8 compute 22433
8 comm_size 32
8 bcast 1
8 compute 24032
8 barrier
8 compute 22602
8 comm_size 32
8 bcast 1
8 compute 23751
8 barrier
8 compute 22524
8 comm_size 32
8 bcast 1
8 compute 23829
8 barrier
8 compute 22604
8 comm_size 32
8 bcast 1
8 compute 23866
8 barrier
8 compute 22682
8 comm_size 32
8 bcast 1
8 compute 23839
8 barrier
8 compute 22621
8 comm_size 32
8 bcast 1
8 compute 23546
8 barrier
8 compute 421
8 barrier
8 compute 167832
8 barrier
8 compute 30624194
8 barrier
8 compute 97167
8 comm_size 32
8 bcast 1
8 compute 378181
8 barrier
8 compute 12633
8 comm_size 32
8 bcast 1
8 compute 46275
8 barrier
8 compute 1019023
8 barrier
8 compute 123092
8 gather 795 795 0 
8 compute 238954617
8 allToAll 1746 1746 
8 compute 276028
8 barrier
8 compute 409270545
8 comm_size 32
8 allReduce 32 25745168 1
8 compute 3038107710
8 compute 1525
8 allToAllV 13262850 414465 414465 414465 414465 414465 414465 414465 414465 414465 414465 414465 414465 414465 414465 414465 414465 414465 414465 414465 414465 414465 414465 414465 414465 414465 414465 414465 414465 414465 414450 414450 414450  13097094  414465 414465 414465 414465 414465 414465 414465 414465 414465 414465 414465 414465 414465 414465 414465 414465 414465 414465 414465 414465 414465 414465 414465 414465 414465 386834 386834 386834 386834 386834 386834 386834 
8 compute 1058646360
8 barrier
8 compute 7748
8 compute 332
8 allToAllV 13097094 414465 414465 414465 414465 414465 414465 414465 414465 414465 414465 414465 414465 414465 414465 414465 414465 414465 414465 414465 414465 414465 414465 414465 414465 414465 386834 386834 386834 386834 386834 386834 386834  13262850  414465 414465 414465 414465 414465 414465 414465 414465 414465 414465 414465 414465 414465 414465 414465 414465 414465 414465 414465 414465 414465 414465 414465 414465 414465 414465 414465 414465 414465 414450 414450 414450 
8 compute 915154395
8 barrier
8 compute 1452608369
8 allToAll 13824 13824 
8 compute 72647804
8 allToAll 13824 13824 
8 compute 20518145
8 comm_size 32
8 allReduce 1 8001472
8 compute 1381477053
8 comm_size 32
8 allReduce 795 71042507
8 compute 1510067990
8 comm_size 32
8 allReduce 2 81335041
8 compute 21530405
8 allToAll 13824 13824 
8 compute 72647763
8 allToAll 13824 13824 
8 compute 20517454
8 comm_size 32
8 allReduce 1 6534793
8 compute 61162725
8 comm_size 32
8 allReduce 32 5464575 1
8 compute 60481271862
8 compute 1717
8 reduceScatter 176256 176256 176256 176256 176256 176256 176256 176256 176256 176256 176256 176256 176256 176256 176256 176256 176256 176256 176256 176256 176256 176256 176256 176256 176256 176256 176256 176256 176256 176256 0 0 4196239577 
8 compute 25243302
8 comm_size 32
8 allReduce 2 387227031
8 compute 21530543
8 allToAll 13824 13824 
8 compute 72647697
8 allToAll 13824 13824 
8 compute 20697478
8 comm_size 32
8 allReduce 1 3207566
8 compute 1070099
8 compute 1377
8 allGatherV 176256 176256 176256 176256 176256 176256 176256 176256 176256 176256 176256 176256 176256 176256 176256 176256 176256 176256 176256 176256 176256 176256 176256 176256 176256 176256 176256 176256 176256 176256 176256 0 0 0 176256 352512 528768 705024 881280 1057536 1233792 1410048 1586304 1762560 1938816 2115072 2291328 2467584 2643840 2820096 2996352 3172608 3348864 3525120 3701376 3877632 4053888 4230144 4406400 4582656 4758912 4935168 5111424 5258304 5258304 
8 compute 175829157802
8 comm_size 32
8 allReduce 4 5884023141
8 compute 128288709
8 compute 332
8 allToAllV 25641510 801299 801299 801299 801299 801299 801299 801299 801299 801299 801299 801299 801299 801299 801299 801299 801299 801299 801299 801299 801299 801299 801299 801299 801299 801299 801299 801299 801299 801299 801270 801270 801270  25834985  828930 828930 828930 828930 828930 828930 801299 801299 801299 801299 801299 801299 801299 801299 801299 801299 801299 801299 801299 801299 801299 801299 801299 801299 801299 801299 801299 801299 801299 801299 801299 801299 
8 compute 128241332
8 compute 332
8 allToAllV 25641510 801299 801299 801299 801299 801299 801299 801299 801299 801299 801299 801299 801299 801299 801299 801299 801299 801299 801299 801299 801299 801299 801299 801299 801299 801299 801299 801299 801299 801299 801270 801270 801270  25834985  828930 828930 828930 828930 828930 828930 801299 801299 801299 801299 801299 801299 801299 801299 801299 801299 801299 801299 801299 801299 801299 801299 801299 801299 801299 801299 801299 801299 801299 801299 801299 801299 
8 compute 10047531
8 comm_size 32
8 allReduce 1729832 1019196995
8 compute 10272953923
8 comm_size 32
8 bcast 934 31 0
8 compute 337
8 barrier
8 compute 19074
8 comm_size 32
8 bcast 1729832
8 compute 1564066
8 comm_size 32
8 allReduce 223729 285940848
8 compute 10195094
8 compute 346
8 allToAllV 13097094 414465 414465 414465 414465 414465 414465 414465 414465 414465 414465 414465 414465 414465 414465 414465 414465 414465 414465 414465 414465 414465 414465 414465 414465 414465 386834 386834 386834 386834 386834 386834 386834  13262850  414465 414465 414465 414465 414465 414465 414465 414465 414465 414465 414465 414465 414465 414465 414465 414465 414465 414465 414465 414465 414465 414465 414465 414465 414465 414465 414465 414465 414465 414450 414450 414450 
8 compute 66461708
8 compute 1170
8 gather 133 133 0 
8 compute 31346720835
8 compute 336
8 reduceScatter 176256 176256 176256 176256 176256 176256 176256 176256 176256 176256 176256 176256 176256 176256 176256 176256 176256 176256 176256 176256 176256 176256 176256 176256 176256 176256 176256 176256 176256 176256 0 0 2711604104 
8 compute 25268982
8 comm_size 32
8 allReduce 2 401877763
8 compute 21530087
8 allToAll 13824 13824 
8 compute 72647911
8 allToAll 13824 13824 
8 compute 20697289
8 comm_size 32
8 allReduce 1 1889163
8 compute 1064223
8 compute 344
8 allGatherV 176256 176256 176256 176256 176256 176256 176256 176256 176256 176256 176256 176256 176256 176256 176256 176256 176256 176256 176256 176256 176256 176256 176256 176256 176256 176256 176256 176256 176256 176256 176256 0 0 0 176256 352512 528768 705024 881280 1057536 1233792 1410048 1586304 1762560 1938816 2115072 2291328 2467584 2643840 2820096 2996352 3172608 3348864 3525120 3701376 3877632 4053888 4230144 4406400 4582656 4758912 4935168 5111424 5258304 5258304 
8 compute 91013076384
8 comm_size 32
8 allReduce 4 2914227526
8 compute 66332466
8 compute 346
8 allToAllV 13262850 414465 414465 414465 414465 414465 414465 414465 414465 414465 414465 414465 414465 414465 414465 414465 414465 414465 414465 414465 414465 414465 414465 414465 414465 414465 414465 414465 414465 414465 414450 414450 414450  13097094  414465 414465 414465 414465 414465 414465 414465 414465 414465 414465 414465 414465 414465 414465 414465 414465 414465 414465 414465 414465 414465 414465 414465 414465 414465 386834 386834 386834 386834 386834 386834 386834 
8 compute 917660
8 comm_size 32
8 allReduce 223729 92525967
8 compute 11454
8 comm_size 32
8 allReduce 1 51981994
8 compute 10730
8 compute 346
8 allToAllV 13097094 414465 414465 414465 414465 414465 414465 414465 414465 414465 414465 414465 414465 414465 414465 414465 414465 414465 414465 414465 414465 414465 414465 414465 414465 414465 386834 386834 386834 386834 386834 386834 386834  13262850  414465 414465 414465 414465 414465 414465 414465 414465 414465 414465 414465 414465 414465 414465 414465 414465 414465 414465 414465 414465 414465 414465 414465 414465 414465 414465 414465 414465 414465 414450 414450 414450 
8 compute 289778509867
8 comm_size 32
8 allReduce 2 9106594743
8 compute 66335790
8 compute 346
8 allToAllV 13262850 414465 414465 414465 414465 414465 414465 414465 414465 414465 414465 414465 414465 414465 414465 414465 414465 414465 414465 414465 414465 414465 414465 414465 414465 414465 414465 414465 414465 414465 414450 414450 414450  13097094  414465 414465 414465 414465 414465 414465 414465 414465 414465 414465 414465 414465 414465 414465 414465 414465 414465 414465 414465 414465 414465 414465 414465 414465 414465 386834 386834 386834 386834 386834 386834 386834 
8 compute 116083033
8 comm_size 32
8 allReduce 7 31111158
8 compute 210072798
8 comm_size 32
8 allReduce 223729 148182680
8 compute 10181038
8 compute 346
8 allToAllV 13097094 414465 414465 414465 414465 414465 414465 414465 414465 414465 414465 414465 414465 414465 414465 414465 414465 414465 414465 414465 414465 414465 414465 414465 414465 414465 386834 386834 386834 386834 386834 386834 386834  13262850  414465 414465 414465 414465 414465 414465 414465 414465 414465 414465 414465 414465 414465 414465 414465 414465 414465 414465 414465 414465 414465 414465 414465 414465 414465 414465 414465 414465 414465 414450 414450 414450 
8 compute 31413025663
8 compute 336
8 reduceScatter 176256 176256 176256 176256 176256 176256 176256 176256 176256 176256 176256 176256 176256 176256 176256 176256 176256 176256 176256 176256 176256 176256 176256 176256 176256 176256 176256 176256 176256 176256 0 0 2570182620 
8 compute 25374546
8 comm_size 32
8 allReduce 2 410345288
8 compute 21530026
8 allToAll 13824 13824 
8 compute 72647908
8 allToAll 13824 13824 
8 compute 20697185
8 comm_size 32
8 allReduce 1 8781409
8 compute 1064222
8 compute 344
8 allGatherV 176256 176256 176256 176256 176256 176256 176256 176256 176256 176256 176256 176256 176256 176256 176256 176256 176256 176256 176256 176256 176256 176256 176256 176256 176256 176256 176256 176256 176256 176256 176256 0 0 0 176256 352512 528768 705024 881280 1057536 1233792 1410048 1586304 1762560 1938816 2115072 2291328 2467584 2643840 2820096 2996352 3172608 3348864 3525120 3701376 3877632 4053888 4230144 4406400 4582656 4758912 4935168 5111424 5258304 5258304 
8 compute 91012960515
8 comm_size 32
8 allReduce 4 2882802406
8 compute 66332466
8 compute 346
8 allToAllV 13262850 414465 414465 414465 414465 414465 414465 414465 414465 414465 414465 414465 414465 414465 414465 414465 414465 414465 414465 414465 414465 414465 414465 414465 414465 414465 414465 414465 414465 414465 414450 414450 414450  13097094  414465 414465 414465 414465 414465 414465 414465 414465 414465 414465 414465 414465 414465 414465 414465 414465 414465 414465 414465 414465 414465 414465 414465 414465 414465 386834 386834 386834 386834 386834 386834 386834 
8 compute 917652
8 comm_size 32
8 allReduce 223729 143249129
8 compute 11458
8 comm_size 32
8 allReduce 1 39998744
8 compute 10730
8 compute 346
8 allToAllV 13097094 414465 414465 414465 414465 414465 414465 414465 414465 414465 414465 414465 414465 414465 414465 414465 414465 414465 414465 414465 414465 414465 414465 414465 414465 414465 386834 386834 386834 386834 386834 386834 386834  13262850  414465 414465 414465 414465 414465 414465 414465 414465 414465 414465 414465 414465 414465 414465 414465 414465 414465 414465 414465 414465 414465 414465 414465 414465 414465 414465 414465 414465 414465 414450 414450 414450 
8 compute 289778493661
8 comm_size 32
8 allReduce 2 9069252961
8 compute 66335785
8 compute 346
8 allToAllV 13262850 414465 414465 414465 414465 414465 414465 414465 414465 414465 414465 414465 414465 414465 414465 414465 414465 414465 414465 414465 414465 414465 414465 414465 414465 414465 414465 414465 414465 414465 414450 414450 414450  13097094  414465 414465 414465 414465 414465 414465 414465 414465 414465 414465 414465 414465 414465 414465 414465 414465 414465 414465 414465 414465 414465 414465 414465 414465 414465 386834 386834 386834 386834 386834 386834 386834 
8 compute 194474434
8 comm_size 32
8 allReduce 7 28357199
8 compute 445334792
8 comm_size 32
8 allReduce 223729 598838865
8 compute 10180896
8 compute 346
8 allToAllV 13097094 414465 414465 414465 414465 414465 414465 414465 414465 414465 414465 414465 414465 414465 414465 414465 414465 414465 414465 414465 414465 414465 414465 414465 414465 414465 386834 386834 386834 386834 386834 386834 386834  13262850  414465 414465 414465 414465 414465 414465 414465 414465 414465 414465 414465 414465 414465 414465 414465 414465 414465 414465 414465 414465 414465 414465 414465 414465 414465 414465 414465 414465 414465 414450 414450 414450 
8 compute 31413025722
8 compute 336
8 reduceScatter 176256 176256 176256 176256 176256 176256 176256 176256 176256 176256 176256 176256 176256 176256 176256 176256 176256 176256 176256 176256 176256 176256 176256 176256 176256 176256 176256 176256 176256 176256 0 0 4812616623 
8 compute 25342914
8 comm_size 32
8 allReduce 2 870241933
8 compute 21530004
8 allToAll 13824 13824 
8 compute 72647911
8 allToAll 13824 13824 
8 compute 20697183
8 comm_size 32
8 allReduce 1 8635915
8 compute 1064222
8 compute 344
8 allGatherV 176256 176256 176256 176256 176256 176256 176256 176256 176256 176256 176256 176256 176256 176256 176256 176256 176256 176256 176256 176256 176256 176256 176256 176256 176256 176256 176256 176256 176256 176256 176256 0 0 0 176256 352512 528768 705024 881280 1057536 1233792 1410048 1586304 1762560 1938816 2115072 2291328 2467584 2643840 2820096 2996352 3172608 3348864 3525120 3701376 3877632 4053888 4230144 4406400 4582656 4758912 4935168 5111424 5258304 5258304 
8 compute 91012960509
8 comm_size 32
8 allReduce 4 2785822785
8 compute 66332467
8 compute 346
8 allToAllV 13262850 414465 414465 414465 414465 414465 414465 414465 414465 414465 414465 414465 414465 414465 414465 414465 414465 414465 414465 414465 414465 414465 414465 414465 414465 414465 414465 414465 414465 414465 414450 414450 414450  13097094  414465 414465 414465 414465 414465 414465 414465 414465 414465 414465 414465 414465 414465 414465 414465 414465 414465 414465 414465 414465 414465 414465 414465 414465 414465 386834 386834 386834 386834 386834 386834 386834 
8 compute 917652
8 comm_size 32
8 allReduce 223729 246927978
8 compute 11450
8 comm_size 32
8 allReduce 1 82863907
8 compute 10730
8 compute 346
8 allToAllV 13097094 414465 414465 414465 414465 414465 414465 414465 414465 414465 414465 414465 414465 414465 414465 414465 414465 414465 414465 414465 414465 414465 414465 414465 414465 414465 386834 386834 386834 386834 386834 386834 386834  13262850  414465 414465 414465 414465 414465 414465 414465 414465 414465 414465 414465 414465 414465 414465 414465 414465 414465 414465 414465 414465 414465 414465 414465 414465 414465 414465 414465 414465 414465 414450 414450 414450 
8 compute 289778493276
8 comm_size 32
8 allReduce 2 8482675638
8 compute 66335785
8 compute 346
8 allToAllV 13262850 414465 414465 414465 414465 414465 414465 414465 414465 414465 414465 414465 414465 414465 414465 414465 414465 414465 414465 414465 414465 414465 414465 414465 414465 414465 414465 414465 414465 414465 414450 414450 414450  13097094  414465 414465 414465 414465 414465 414465 414465 414465 414465 414465 414465 414465 414465 414465 414465 414465 414465 414465 414465 414465 414465 414465 414465 414465 414465 386834 386834 386834 386834 386834 386834 386834 
8 compute 272891366
8 comm_size 32
8 allReduce 7 34390544
8 compute 602163229
8 comm_size 32
8 allReduce 223729 721225869
8 compute 10180975
8 compute 346
8 allToAllV 13097094 414465 414465 414465 414465 414465 414465 414465 414465 414465 414465 414465 414465 414465 414465 414465 414465 414465 414465 414465 414465 414465 414465 414465 414465 414465 386834 386834 386834 386834 386834 386834 386834  13262850  414465 414465 414465 414465 414465 414465 414465 414465 414465 414465 414465 414465 414465 414465 414465 414465 414465 414465 414465 414465 414465 414465 414465 414465 414465 414465 414465 414465 414465 414450 414450 414450 
8 compute 31413025702
8 compute 336
8 reduceScatter 176256 176256 176256 176256 176256 176256 176256 176256 176256 176256 176256 176256 176256 176256 176256 176256 176256 176256 176256 176256 176256 176256 176256 176256 176256 176256 176256 176256 176256 176256 0 0 5533311018 
8 compute 25373550
8 comm_size 32
8 allReduce 2 448324218
8 compute 21530004
8 allToAll 13824 13824 
8 compute 72647909
8 allToAll 13824 13824 
8 compute 20697183
8 comm_size 32
8 allReduce 1 3943607
8 compute 1064222
8 compute 344
8 allGatherV 176256 176256 176256 176256 176256 176256 176256 176256 176256 176256 176256 176256 176256 176256 176256 176256 176256 176256 176256 176256 176256 176256 176256 176256 176256 176256 176256 176256 176256 176256 176256 0 0 0 176256 352512 528768 705024 881280 1057536 1233792 1410048 1586304 1762560 1938816 2115072 2291328 2467584 2643840 2820096 2996352 3172608 3348864 3525120 3701376 3877632 4053888 4230144 4406400 4582656 4758912 4935168 5111424 5258304 5258304 
8 compute 91012960505
8 comm_size 32
8 allReduce 4 2896822115
8 compute 66332466
8 compute 346
8 allToAllV 13262850 414465 414465 414465 414465 414465 414465 414465 414465 414465 414465 414465 414465 414465 414465 414465 414465 414465 414465 414465 414465 414465 414465 414465 414465 414465 414465 414465 414465 414465 414450 414450 414450  13097094  414465 414465 414465 414465 414465 414465 414465 414465 414465 414465 414465 414465 414465 414465 414465 414465 414465 414465 414465 414465 414465 414465 414465 414465 414465 386834 386834 386834 386834 386834 386834 386834 
8 compute 917653
8 comm_size 32
8 allReduce 223729 148961231
8 compute 11523
8 comm_size 32
8 allReduce 1 74362166
8 compute 10730
8 compute 346
8 allToAllV 13097094 414465 414465 414465 414465 414465 414465 414465 414465 414465 414465 414465 414465 414465 414465 414465 414465 414465 414465 414465 414465 414465 414465 414465 414465 414465 386834 386834 386834 386834 386834 386834 386834  13262850  414465 414465 414465 414465 414465 414465 414465 414465 414465 414465 414465 414465 414465 414465 414465 414465 414465 414465 414465 414465 414465 414465 414465 414465 414465 414465 414465 414465 414465 414450 414450 414450 
8 compute 289778492951
8 comm_size 32
8 allReduce 2 8596622696
8 compute 66335785
8 compute 346
8 allToAllV 13262850 414465 414465 414465 414465 414465 414465 414465 414465 414465 414465 414465 414465 414465 414465 414465 414465 414465 414465 414465 414465 414465 414465 414465 414465 414465 414465 414465 414465 414465 414450 414450 414450  13097094  414465 414465 414465 414465 414465 414465 414465 414465 414465 414465 414465 414465 414465 414465 414465 414465 414465 414465 414465 414465 414465 414465 414465 414465 414465 386834 386834 386834 386834 386834 386834 386834 
8 compute 351308283
8 comm_size 32
8 allReduce 7 66120157
8 compute 758998510
8 comm_size 32
8 allReduce 223729 197356476
8 compute 10180899
8 compute 346
8 allToAllV 13097094 414465 414465 414465 414465 414465 414465 414465 414465 414465 414465 414465 414465 414465 414465 414465 414465 414465 414465 414465 414465 414465 414465 414465 414465 414465 386834 386834 386834 386834 386834 386834 386834  13262850  414465 414465 414465 414465 414465 414465 414465 414465 414465 414465 414465 414465 414465 414465 414465 414465 414465 414465 414465 414465 414465 414465 414465 414465 414465 414465 414465 414465 414465 414450 414450 414450 
8 compute 31413025645
8 compute 336
8 reduceScatter 176256 176256 176256 176256 176256 176256 176256 176256 176256 176256 176256 176256 176256 176256 176256 176256 176256 176256 176256 176256 176256 176256 176256 176256 176256 176256 176256 176256 176256 176256 0 0 2179429426 
8 compute 25381101
8 comm_size 32
8 allReduce 2 408333326
8 compute 21529992
8 allToAll 13824 13824 
8 compute 72647906
8 allToAll 13824 13824 
8 compute 20697187
8 comm_size 32
8 allReduce 1 6389667
8 compute 1064219
8 compute 344
8 allGatherV 176256 176256 176256 176256 176256 176256 176256 176256 176256 176256 176256 176256 176256 176256 176256 176256 176256 176256 176256 176256 176256 176256 176256 176256 176256 176256 176256 176256 176256 176256 176256 0 0 0 176256 352512 528768 705024 881280 1057536 1233792 1410048 1586304 1762560 1938816 2115072 2291328 2467584 2643840 2820096 2996352 3172608 3348864 3525120 3701376 3877632 4053888 4230144 4406400 4582656 4758912 4935168 5111424 5258304 5258304 
8 compute 91012959955
8 comm_size 32
8 allReduce 4 2740955620
8 compute 66332466
8 compute 346
8 allToAllV 13262850 414465 414465 414465 414465 414465 414465 414465 414465 414465 414465 414465 414465 414465 414465 414465 414465 414465 414465 414465 414465 414465 414465 414465 414465 414465 414465 414465 414465 414465 414450 414450 414450  13097094  414465 414465 414465 414465 414465 414465 414465 414465 414465 414465 414465 414465 414465 414465 414465 414465 414465 414465 414465 414465 414465 414465 414465 414465 414465 386834 386834 386834 386834 386834 386834 386834 
8 compute 917650
8 comm_size 32
8 allReduce 223729 179701786
8 compute 11458
8 comm_size 32
8 allReduce 1 97318701
8 compute 10730
8 compute 346
8 allToAllV 13097094 414465 414465 414465 414465 414465 414465 414465 414465 414465 414465 414465 414465 414465 414465 414465 414465 414465 414465 414465 414465 414465 414465 414465 414465 414465 386834 386834 386834 386834 386834 386834 386834  13262850  414465 414465 414465 414465 414465 414465 414465 414465 414465 414465 414465 414465 414465 414465 414465 414465 414465 414465 414465 414465 414465 414465 414465 414465 414465 414465 414465 414465 414465 414450 414450 414450 
8 compute 289778492718
8 comm_size 32
8 allReduce 2 8794511998
8 compute 66335785
8 compute 346
8 allToAllV 13262850 414465 414465 414465 414465 414465 414465 414465 414465 414465 414465 414465 414465 414465 414465 414465 414465 414465 414465 414465 414465 414465 414465 414465 414465 414465 414465 414465 414465 414465 414450 414450 414450  13097094  414465 414465 414465 414465 414465 414465 414465 414465 414465 414465 414465 414465 414465 414465 414465 414465 414465 414465 414465 414465 414465 414465 414465 414465 414465 386834 386834 386834 386834 386834 386834 386834 
8 compute 429725214
8 comm_size 32
8 allReduce 7 55692179
8 compute 915834143
8 comm_size 32
8 allReduce 223729 209046009
8 compute 10181045
8 compute 346
8 allToAllV 13097094 414465 414465 414465 414465 414465 414465 414465 414465 414465 414465 414465 414465 414465 414465 414465 414465 414465 414465 414465 414465 414465 414465 414465 414465 414465 386834 386834 386834 386834 386834 386834 386834  13262850  414465 414465 414465 414465 414465 414465 414465 414465 414465 414465 414465 414465 414465 414465 414465 414465 414465 414465 414465 414465 414465 414465 414465 414465 414465 414465 414465 414465 414465 414450 414450 414450 
8 compute 31413025725
8 compute 336
8 reduceScatter 176256 176256 176256 176256 176256 176256 176256 176256 176256 176256 176256 176256 176256 176256 176256 176256 176256 176256 176256 176256 176256 176256 176256 176256 176256 176256 176256 176256 176256 176256 0 0 2023802254 
8 compute 25372720
8 comm_size 32
8 allReduce 2 412933730
8 compute 21530014
8 allToAll 13824 13824 
8 compute 72647908
8 allToAll 13824 13824 
8 compute 20697184
8 comm_size 32
8 allReduce 1 4382555
8 compute 1064219
8 compute 344
8 allGatherV 176256 176256 176256 176256 176256 176256 176256 176256 176256 176256 176256 176256 176256 176256 176256 176256 176256 176256 176256 176256 176256 176256 176256 176256 176256 176256 176256 176256 176256 176256 176256 0 0 0 176256 352512 528768 705024 881280 1057536 1233792 1410048 1586304 1762560 1938816 2115072 2291328 2467584 2643840 2820096 2996352 3172608 3348864 3525120 3701376 3877632 4053888 4230144 4406400 4582656 4758912 4935168 5111424 5258304 5258304 
8 compute 91012959817
8 comm_size 32
8 allReduce 4 2778055470
8 compute 66332466
8 compute 346
8 allToAllV 13262850 414465 414465 414465 414465 414465 414465 414465 414465 414465 414465 414465 414465 414465 414465 414465 414465 414465 414465 414465 414465 414465 414465 414465 414465 414465 414465 414465 414465 414465 414450 414450 414450  13097094  414465 414465 414465 414465 414465 414465 414465 414465 414465 414465 414465 414465 414465 414465 414465 414465 414465 414465 414465 414465 414465 414465 414465 414465 414465 386834 386834 386834 386834 386834 386834 386834 
8 compute 917649
8 comm_size 32
8 allReduce 223729 175260206
8 compute 11458
8 comm_size 32
8 allReduce 1 26043696
8 compute 10730
8 compute 346
8 allToAllV 13097094 414465 414465 414465 414465 414465 414465 414465 414465 414465 414465 414465 414465 414465 414465 414465 414465 414465 414465 414465 414465 414465 414465 414465 414465 414465 386834 386834 386834 386834 386834 386834 386834  13262850  414465 414465 414465 414465 414465 414465 414465 414465 414465 414465 414465 414465 414465 414465 414465 414465 414465 414465 414465 414465 414465 414465 414465 414465 414465 414465 414465 414465 414465 414450 414450 414450 
8 compute 289778492939
8 comm_size 32
8 allReduce 2 8412691805
8 compute 66335787
8 compute 346
8 allToAllV 13262850 414465 414465 414465 414465 414465 414465 414465 414465 414465 414465 414465 414465 414465 414465 414465 414465 414465 414465 414465 414465 414465 414465 414465 414465 414465 414465 414465 414465 414465 414450 414450 414450  13097094  414465 414465 414465 414465 414465 414465 414465 414465 414465 414465 414465 414465 414465 414465 414465 414465 414465 414465 414465 414465 414465 414465 414465 414465 414465 386834 386834 386834 386834 386834 386834 386834 
8 compute 508142126
8 comm_size 32
8 allReduce 7 64109947
8 compute 1020352508
8 comm_size 32
8 allReduce 223729 224128752
8 compute 10180962
8 compute 346
8 allToAllV 13097094 414465 414465 414465 414465 414465 414465 414465 414465 414465 414465 414465 414465 414465 414465 414465 414465 414465 414465 414465 414465 414465 414465 414465 414465 414465 386834 386834 386834 386834 386834 386834 386834  13262850  414465 414465 414465 414465 414465 414465 414465 414465 414465 414465 414465 414465 414465 414465 414465 414465 414465 414465 414465 414465 414465 414465 414465 414465 414465 414465 414465 414465 414465 414450 414450 414450 
8 compute 31413025712
8 compute 336
8 reduceScatter 176256 176256 176256 176256 176256 176256 176256 176256 176256 176256 176256 176256 176256 176256 176256 176256 176256 176256 176256 176256 176256 176256 176256 176256 176256 176256 176256 176256 176256 176256 0 0 2186600185 
8 compute 25382516
8 comm_size 32
8 allReduce 2 414714497
8 compute 21530013
8 allToAll 13824 13824 
8 compute 72647908
8 allToAll 13824 13824 
8 compute 20697186
8 comm_size 32
8 allReduce 1 9654139
8 compute 1064219
8 compute 344
8 allGatherV 176256 176256 176256 176256 176256 176256 176256 176256 176256 176256 176256 176256 176256 176256 176256 176256 176256 176256 176256 176256 176256 176256 176256 176256 176256 176256 176256 176256 176256 176256 176256 0 0 0 176256 352512 528768 705024 881280 1057536 1233792 1410048 1586304 1762560 1938816 2115072 2291328 2467584 2643840 2820096 2996352 3172608 3348864 3525120 3701376 3877632 4053888 4230144 4406400 4582656 4758912 4935168 5111424 5258304 5258304 
8 compute 91012959846
8 comm_size 32
8 allReduce 4 2788000114
8 compute 66332466
8 compute 346
8 allToAllV 13262850 414465 414465 414465 414465 414465 414465 414465 414465 414465 414465 414465 414465 414465 414465 414465 414465 414465 414465 414465 414465 414465 414465 414465 414465 414465 414465 414465 414465 414465 414450 414450 414450  13097094  414465 414465 414465 414465 414465 414465 414465 414465 414465 414465 414465 414465 414465 414465 414465 414465 414465 414465 414465 414465 414465 414465 414465 414465 414465 386834 386834 386834 386834 386834 386834 386834 
8 compute 917649
8 comm_size 32
8 allReduce 223729 164457855
8 compute 11523
8 comm_size 32
8 allReduce 1 48133696
8 compute 10730
8 compute 346
8 allToAllV 13097094 414465 414465 414465 414465 414465 414465 414465 414465 414465 414465 414465 414465 414465 414465 414465 414465 414465 414465 414465 414465 414465 414465 414465 414465 414465 386834 386834 386834 386834 386834 386834 386834  13262850  414465 414465 414465 414465 414465 414465 414465 414465 414465 414465 414465 414465 414465 414465 414465 414465 414465 414465 414465 414465 414465 414465 414465 414465 414465 414465 414465 414465 414465 414450 414450 414450 
8 compute 289778493211
8 comm_size 32
8 allReduce 2 8300476687
8 compute 66335785
8 compute 346
8 allToAllV 13262850 414465 414465 414465 414465 414465 414465 414465 414465 414465 414465 414465 414465 414465 414465 414465 414465 414465 414465 414465 414465 414465 414465 414465 414465 414465 414465 414465 414465 414465 414450 414450 414450  13097094  414465 414465 414465 414465 414465 414465 414465 414465 414465 414465 414465 414465 414465 414465 414465 414465 414465 414465 414465 414465 414465 414465 414465 414465 414465 386834 386834 386834 386834 386834 386834 386834 
8 compute 508117193
8 comm_size 32
8 allReduce 7 67567241
8 compute 1020352607
8 comm_size 32
8 allReduce 223729 212501573
8 compute 10181046
8 compute 346
8 allToAllV 13097094 414465 414465 414465 414465 414465 414465 414465 414465 414465 414465 414465 414465 414465 414465 414465 414465 414465 414465 414465 414465 414465 414465 414465 414465 414465 386834 386834 386834 386834 386834 386834 386834  13262850  414465 414465 414465 414465 414465 414465 414465 414465 414465 414465 414465 414465 414465 414465 414465 414465 414465 414465 414465 414465 414465 414465 414465 414465 414465 414465 414465 414465 414465 414450 414450 414450 
8 compute 31413025650
8 compute 336
8 reduceScatter 176256 176256 176256 176256 176256 176256 176256 176256 176256 176256 176256 176256 176256 176256 176256 176256 176256 176256 176256 176256 176256 176256 176256 176256 176256 176256 176256 176256 176256 176256 0 0 2091986912 
8 compute 25380148
8 comm_size 32
8 allReduce 2 403516589
8 compute 21530015
8 allToAll 13824 13824 
8 compute 72647913
8 allToAll 13824 13824 
8 compute 20697188
8 comm_size 32
8 allReduce 1 4368695
8 compute 1064219
8 compute 344
8 allGatherV 176256 176256 176256 176256 176256 176256 176256 176256 176256 176256 176256 176256 176256 176256 176256 176256 176256 176256 176256 176256 176256 176256 176256 176256 176256 176256 176256 176256 176256 176256 176256 0 0 0 176256 352512 528768 705024 881280 1057536 1233792 1410048 1586304 1762560 1938816 2115072 2291328 2467584 2643840 2820096 2996352 3172608 3348864 3525120 3701376 3877632 4053888 4230144 4406400 4582656 4758912 4935168 5111424 5258304 5258304 
8 compute 91012959818
8 comm_size 32
8 allReduce 4 3021493810
8 compute 66332466
8 compute 346
8 allToAllV 13262850 414465 414465 414465 414465 414465 414465 414465 414465 414465 414465 414465 414465 414465 414465 414465 414465 414465 414465 414465 414465 414465 414465 414465 414465 414465 414465 414465 414465 414465 414450 414450 414450  13097094  414465 414465 414465 414465 414465 414465 414465 414465 414465 414465 414465 414465 414465 414465 414465 414465 414465 414465 414465 414465 414465 414465 414465 414465 414465 386834 386834 386834 386834 386834 386834 386834 
8 compute 917649
8 comm_size 32
8 allReduce 223729 155798120
8 compute 11458
8 comm_size 32
8 allReduce 1 96194988
8 compute 10730
8 compute 346
8 allToAllV 13097094 414465 414465 414465 414465 414465 414465 414465 414465 414465 414465 414465 414465 414465 414465 414465 414465 414465 414465 414465 414465 414465 414465 414465 414465 414465 386834 386834 386834 386834 386834 386834 386834  13262850  414465 414465 414465 414465 414465 414465 414465 414465 414465 414465 414465 414465 414465 414465 414465 414465 414465 414465 414465 414465 414465 414465 414465 414465 414465 414465 414465 414465 414465 414450 414450 414450 
8 compute 289778493065
8 comm_size 32
8 allReduce 2 8793517709
8 compute 66335785
8 compute 346
8 allToAllV 13262850 414465 414465 414465 414465 414465 414465 414465 414465 414465 414465 414465 414465 414465 414465 414465 414465 414465 414465 414465 414465 414465 414465 414465 414465 414465 414465 414465 414465 414465 414450 414450 414450  13097094  414465 414465 414465 414465 414465 414465 414465 414465 414465 414465 414465 414465 414465 414465 414465 414465 414465 414465 414465 414465 414465 414465 414465 414465 414465 386834 386834 386834 386834 386834 386834 386834 
8 compute 508117213
8 comm_size 32
8 allReduce 7 82295426
8 compute 1020352479
8 comm_size 32
8 allReduce 223729 185491806
8 compute 10181061
8 compute 346
8 allToAllV 13097094 414465 414465 414465 414465 414465 414465 414465 414465 414465 414465 414465 414465 414465 414465 414465 414465 414465 414465 414465 414465 414465 414465 414465 414465 414465 386834 386834 386834 386834 386834 386834 386834  13262850  414465 414465 414465 414465 414465 414465 414465 414465 414465 414465 414465 414465 414465 414465 414465 414465 414465 414465 414465 414465 414465 414465 414465 414465 414465 414465 414465 414465 414465 414450 414450 414450 
8 compute 31413025699
8 compute 336
8 reduceScatter 176256 176256 176256 176256 176256 176256 176256 176256 176256 176256 176256 176256 176256 176256 176256 176256 176256 176256 176256 176256 176256 176256 176256 176256 176256 176256 176256 176256 176256 176256 0 0 2239255856 
8 compute 25380783
8 comm_size 32
8 allReduce 2 416224806
8 compute 21529992
8 allToAll 13824 13824 
8 compute 72647906
8 allToAll 13824 13824 
8 compute 20697182
8 comm_size 32
8 allReduce 1 4823512
8 compute 1064220
8 compute 344
8 allGatherV 176256 176256 176256 176256 176256 176256 176256 176256 176256 176256 176256 176256 176256 176256 176256 176256 176256 176256 176256 176256 176256 176256 176256 176256 176256 176256 176256 176256 176256 176256 176256 0 0 0 176256 352512 528768 705024 881280 1057536 1233792 1410048 1586304 1762560 1938816 2115072 2291328 2467584 2643840 2820096 2996352 3172608 3348864 3525120 3701376 3877632 4053888 4230144 4406400 4582656 4758912 4935168 5111424 5258304 5258304 
8 compute 91012959765
8 comm_size 32
8 allReduce 4 2856002491
8 compute 66332466
8 compute 346
8 allToAllV 13262850 414465 414465 414465 414465 414465 414465 414465 414465 414465 414465 414465 414465 414465 414465 414465 414465 414465 414465 414465 414465 414465 414465 414465 414465 414465 414465 414465 414465 414465 414450 414450 414450  13097094  414465 414465 414465 414465 414465 414465 414465 414465 414465 414465 414465 414465 414465 414465 414465 414465 414465 414465 414465 414465 414465 414465 414465 414465 414465 386834 386834 386834 386834 386834 386834 386834 
8 compute 917650
8 comm_size 32
8 allReduce 223729 151095402
8 compute 11458
8 comm_size 32
8 allReduce 1 65531254
8 compute 10730
8 compute 346
8 allToAllV 13097094 414465 414465 414465 414465 414465 414465 414465 414465 414465 414465 414465 414465 414465 414465 414465 414465 414465 414465 414465 414465 414465 414465 414465 414465 414465 386834 386834 386834 386834 386834 386834 386834  13262850  414465 414465 414465 414465 414465 414465 414465 414465 414465 414465 414465 414465 414465 414465 414465 414465 414465 414465 414465 414465 414465 414465 414465 414465 414465 414465 414465 414465 414465 414450 414450 414450 
8 compute 289778492839
8 comm_size 32
8 allReduce 2 8327373092
8 compute 66335785
8 compute 346
8 allToAllV 13262850 414465 414465 414465 414465 414465 414465 414465 414465 414465 414465 414465 414465 414465 414465 414465 414465 414465 414465 414465 414465 414465 414465 414465 414465 414465 414465 414465 414465 414465 414450 414450 414450  13097094  414465 414465 414465 414465 414465 414465 414465 414465 414465 414465 414465 414465 414465 414465 414465 414465 414465 414465 414465 414465 414465 414465 414465 414465 414465 386834 386834 386834 386834 386834 386834 386834 
8 compute 508117209
8 comm_size 32
8 allReduce 7 31818563
8 compute 1020352608
8 comm_size 32
8 allReduce 223729 234216013
8 compute 10180986
8 compute 346
8 allToAllV 13097094 414465 414465 414465 414465 414465 414465 414465 414465 414465 414465 414465 414465 414465 414465 414465 414465 414465 414465 414465 414465 414465 414465 414465 414465 414465 386834 386834 386834 386834 386834 386834 386834  13262850  414465 414465 414465 414465 414465 414465 414465 414465 414465 414465 414465 414465 414465 414465 414465 414465 414465 414465 414465 414465 414465 414465 414465 414465 414465 414465 414465 414465 414465 414450 414450 414450 
8 compute 66332259
8 compute 1193
8 gather 133 133 0 
8 compute 31346695918
8 compute 336
8 reduceScatter 176256 176256 176256 176256 176256 176256 176256 176256 176256 176256 176256 176256 176256 176256 176256 176256 176256 176256 176256 176256 176256 176256 176256 176256 176256 176256 176256 176256 176256 176256 0 0 2318191756 
8 compute 25380934
8 comm_size 32
8 allReduce 2 406664150
8 compute 21530296
8 allToAll 13824 13824 
8 compute 72648058
8 allToAll 13824 13824 
8 compute 20697410
8 comm_size 32
8 allReduce 1 649699
8 compute 1064295
8 compute 344
8 allGatherV 176256 176256 176256 176256 176256 176256 176256 176256 176256 176256 176256 176256 176256 176256 176256 176256 176256 176256 176256 176256 176256 176256 176256 176256 176256 176256 176256 176256 176256 176256 176256 0 0 0 176256 352512 528768 705024 881280 1057536 1233792 1410048 1586304 1762560 1938816 2115072 2291328 2467584 2643840 2820096 2996352 3172608 3348864 3525120 3701376 3877632 4053888 4230144 4406400 4582656 4758912 4935168 5111424 5258304 5258304 
8 compute 91012960114
8 comm_size 32
8 allReduce 4 2857868023
8 compute 66332497
8 compute 346
8 allToAllV 13262850 414465 414465 414465 414465 414465 414465 414465 414465 414465 414465 414465 414465 414465 414465 414465 414465 414465 414465 414465 414465 414465 414465 414465 414465 414465 414465 414465 414465 414465 414450 414450 414450  13097094  414465 414465 414465 414465 414465 414465 414465 414465 414465 414465 414465 414465 414465 414465 414465 414465 414465 414465 414465 414465 414465 414465 414465 414465 414465 386834 386834 386834 386834 386834 386834 386834 
8 compute 910446
8 comm_size 32
8 allReduce 223729 210281361
8 compute 1567975809
8 comm_size 32
8 allReduce 1 42502130
8 compute 9883
8 compute 346
8 allToAllV 13097094 414465 414465 414465 414465 414465 414465 414465 414465 414465 414465 414465 414465 414465 414465 414465 414465 414465 414465 414465 414465 414465 414465 414465 414465 414465 386834 386834 386834 386834 386834 386834 386834  13262850  414465 414465 414465 414465 414465 414465 414465 414465 414465 414465 414465 414465 414465 414465 414465 414465 414465 414465 414465 414465 414465 414465 414465 414465 414465 414465 414465 414465 414465 414450 414450 414450 
8 compute 66332306
8 comm_size 32
8 bcast 473 31 0
8 compute 337
8 barrier
8 compute 31293654919
8 compute 336
8 reduceScatter 176256 176256 176256 176256 176256 176256 176256 176256 176256 176256 176256 176256 176256 176256 176256 176256 176256 176256 176256 176256 176256 176256 176256 176256 176256 176256 176256 176256 176256 176256 0 0 2651820699 
8 compute 21790446
8 allToAll 13824 13824 
8 compute 72647462
8 allToAll 13824 13824 
8 compute 20516385
8 comm_size 32
8 allReduce 1 3702790
8 compute 987
8 comm_size 32
8 allReduce 6 635260
8 compute 4260
8 compute 344
8 allGatherV 176256 176256 176256 176256 176256 176256 176256 176256 176256 176256 176256 176256 176256 176256 176256 176256 176256 176256 176256 176256 176256 176256 176256 176256 176256 176256 176256 176256 176256 176256 176256 0 0 0 176256 352512 528768 705024 881280 1057536 1233792 1410048 1586304 1762560 1938816 2115072 2291328 2467584 2643840 2820096 2996352 3172608 3348864 3525120 3701376 3877632 4053888 4230144 4406400 4582656 4758912 4935168 5111424 5258304 5258304 
8 compute 10317911388
8 comm_size 32
8 allReduce 795 675881392
8 compute 993
8 comm_size 32
8 allReduce 1 574331
8 compute 47047
8 barrier
8 compute 503828
8 compute 1144
8 gather 133 133 0 
8 compute 2329
8 compute 451
8 gather 3 3 0 
8 compute 87565
8 barrier
8 compute 20862
8 barrier
8 compute 346
8 barrier
8 compute 2654
8 finalize